timestamp,bandpass_and_notch
2025-03-27 13:38:17.353,-0.28878307211753995
2025-03-27 13:38:17.353,3.8574792027207114
2025-03-27 13:38:17.353,4.852433001107632
2025-03-27 13:38:17.353,-4.071008334443118
2025-03-27 13:38:17.363,-19.650266706730186
2025-03-27 13:38:17.363,-21.119945956960663
2025-03-27 13:38:17.363,5.75299483043357
2025-03-27 13:38:17.363,39.99149172218017
2025-03-27 13:38:17.363,40.381058154580586
2025-03-27 13:38:17.371,-3.8836959654124867
2025-03-27 13:38:17.371,-51.893677653063094
2025-03-27 13:38:17.371,-53.159229662326105
2025-03-27 13:38:17.371,-4.924418052174104
2025-03-27 13:38:17.379,44.9660167747829
2025-03-27 13:38:17.380,51.249073687733606
2025-03-27 13:38:17.380,15.989428544965648
2025-03-27 13:38:17.380,-22.295286656069866
2025-03-27 13:38:17.380,-33.193244318313205
2025-03-27 13:38:17.389,-19.02536684190529
2025-03-27 13:38:17.389,-0.42020242210353875
2025-03-27 13:38:17.389,9.683784517296466
2025-03-27 13:38:17.389,12.762699511962653
2025-03-27 13:38:17.397,13.0807122982952
2025-03-27 13:38:17.397,9.221128879606612
2025-03-27 13:38:17.397,-1.0297404778699786
2025-03-27 13:38:17.397,-12.961099834265022
2025-03-27 13:38:17.397,-17.113297461304832
2025-03-27 13:38:17.407,-9.169290228187382
2025-03-27 13:38:17.407,4.771372010169413
2025-03-27 13:38:17.407,13.708892858693176
2025-03-27 13:38:17.407,11.737756673988793
2025-03-27 13:38:17.417,2.3755842364764304
2025-03-27 13:38:17.417,-5.909305626373243
2025-03-27 13:38:17.417,-7.549583757782834
2025-03-27 13:38:17.417,-3.731388858315127
2025-03-27 13:38:17.417,0.33440716477980686
2025-03-27 13:38:17.427,1.1242177949674572
2025-03-27 13:38:17.427,-0.22789997104548265
2025-03-27 13:38:17.427,-0.14264644005790603
2025-03-27 13:38:17.427,2.7612522671501267
2025-03-27 13:38:17.427,5.587133469220713
2025-03-27 13:38:17.427,4.059143790944293
2025-03-27 13:38:17.437,-2.3179158002201805
2025-03-27 13:38:17.437,-8.49038230747634
2025-03-27 13:38:17.437,-8.221140805547185
2025-03-27 13:38:17.437,-0.634685640066104
2025-03-27 13:38:17.447,8.114436707571242
2025-03-27 13:38:17.447,10.321868878103576
2025-03-27 13:38:17.447,4.0029333023934965
2025-03-27 13:38:17.447,-5.292734689231882
2025-03-27 13:38:17.447,-9.715994038024522
2025-03-27 13:38:17.457,-6.152356811453405
2025-03-27 13:38:17.457,1.5162862184566273
2025-03-27 13:38:17.457,6.615252569145255
2025-03-27 13:38:17.457,5.889340291662848
2025-03-27 13:38:17.457,1.63060473206028
2025-03-27 13:38:17.466,-1.8556720715037032
2025-03-27 13:38:17.466,-2.914179900314681
2025-03-27 13:38:17.466,-2.9800646540775393
2025-03-27 13:38:17.466,-3.108975629284304
2025-03-27 13:38:17.466,-1.954924407862258
2025-03-27 13:38:17.476,1.7820639353737997
2025-03-27 13:38:17.476,6.029567141291932
2025-03-27 13:38:17.476,6.429030578055437
2025-03-27 13:38:17.477,1.3275921477539732
2025-03-27 13:38:17.477,-5.4442247838157805
2025-03-27 13:38:17.486,-7.9485331274249145
2025-03-27 13:38:17.486,-4.160311062751236
2025-03-27 13:38:17.486,2.194535802681804
2025-03-27 13:38:17.487,5.791050282693442
2025-03-27 13:38:17.487,4.740271771967558
2025-03-27 13:38:17.495,1.1975874788267413
2025-03-27 13:38:17.495,-1.8253311430319124
2025-03-27 13:38:17.495,-3.0003017952067874
2025-03-27 13:38:17.495,-2.5239854433330633
2025-03-27 13:38:17.506,-1.0371190544922102
2025-03-27 13:38:17.506,0.6339521230007368
2025-03-27 13:38:17.506,1.5199000827667677
2025-03-27 13:38:17.507,1.2461276016375886
2025-03-27 13:38:17.507,0.5854988824104962
2025-03-27 13:38:17.507,0.5541557435929069
2025-03-27 13:38:17.515,0.8582369013870519
2025-03-27 13:38:17.515,0.004295086432455721
2025-03-27 13:38:17.515,-2.4179668948792155
2025-03-27 13:38:17.515,-4.099513206321152
2025-03-27 13:38:17.525,-2.0085048145273663
2025-03-27 13:38:17.525,3.4042435015132613
2025-03-27 13:38:17.525,7.1357076022626025
2025-03-27 13:38:17.525,4.415562393308578
2025-03-27 13:38:17.525,-3.3080452972891345
2025-03-27 13:38:17.535,-8.696916226910947
2025-03-27 13:38:17.535,-6.014477523004194
2025-03-27 13:38:17.535,2.3203502122794846
2025-03-27 13:38:17.535,8.012801864484771
2025-03-27 13:38:17.535,5.824567866791294
2025-03-27 13:38:17.545,-1.0315469893262554
2025-03-27 13:38:17.545,-5.145705618344552
2025-03-27 13:38:17.545,-3.454960161983343
2025-03-27 13:38:17.545,0.18217179008547235
2025-03-27 13:38:17.545,0.9398757528519717
2025-03-27 13:38:17.555,-0.6482741131850223
2025-03-27 13:38:17.555,-0.2783374945424301
2025-03-27 13:38:17.555,3.1201128520192367
2025-03-27 13:38:17.555,5.000030807364931
2025-03-27 13:38:17.555,1.2495192641960782
2025-03-27 13:38:17.565,-5.3883867974760165
2025-03-27 13:38:17.565,-7.6565198130862235
2025-03-27 13:38:17.565,-2.420227416201387
2025-03-27 13:38:17.565,5.2909453883201945
2025-03-27 13:38:17.565,7.795714785936642
2025-03-27 13:38:17.575,3.0127836653706837
2025-03-27 13:38:17.575,-3.8619359025286775
2025-03-27 13:38:17.575,-6.245340810883063
2025-03-27 13:38:17.575,-2.6819284669131243
2025-03-27 13:38:17.575,2.4670727654385263
2025-03-27 13:38:17.585,4.088189079947463
2025-03-27 13:38:17.585,1.5139023075678046
2025-03-27 13:38:17.585,-1.5102436139021453
2025-03-27 13:38:17.585,-1.6611942094284482
2025-03-27 13:38:17.585,0.2021811269915424
2025-03-27 13:38:17.594,0.7971131350965631
2025-03-27 13:38:17.595,-0.8757648866204358
2025-03-27 13:38:17.595,-2.139461315615248
2025-03-27 13:38:17.595,-0.36625285441378413
2025-03-27 13:38:17.595,3.0773558830011947
2025-03-27 13:38:17.604,3.9513630984303587
2025-03-27 13:38:17.604,0.33681675839555636
2025-03-27 13:38:17.604,-4.406769620440747
2025-03-27 13:38:17.605,-5.041126504919284
2025-03-27 13:38:17.605,-0.6078078852602311
2025-03-27 13:38:17.614,4.243971047185627
2025-03-27 13:38:17.614,4.691807587384605
2025-03-27 13:38:17.614,1.1165951746228033
2025-03-27 13:38:17.615,-2.2521491371850204
2025-03-27 13:38:17.615,-2.8571819298618735
2025-03-27 13:38:17.625,-1.8041260191395643
2025-03-27 13:38:17.625,-0.7408484272513012
2025-03-27 13:38:17.625,0.5292838800853759
2025-03-27 13:38:17.625,2.310200029998091
2025-03-27 13:38:17.625,3.0555783797715144
2025-03-27 13:38:17.633,1.134407625456743
2025-03-27 13:38:17.633,-2.283843472467098
2025-03-27 13:38:17.633,-3.891375202469565
2025-03-27 13:38:17.633,-1.8779325864551417
2025-03-27 13:38:17.633,1.9995512778010776
2025-03-27 13:38:17.643,4.061605508981547
2025-03-27 13:38:17.643,2.1277017841600965
2025-03-27 13:38:17.643,-2.2557062263991523
2025-03-27 13:38:17.643,-4.70997685154706
2025-03-27 13:38:17.653,-2.095321744565719
2025-03-27 13:38:17.653,3.5028420132174487
2025-03-27 13:38:17.653,5.928975211910567
2025-03-27 13:38:17.653,1.6710412787193072
2025-03-27 13:38:17.653,-5.1793950114035
2025-03-27 13:38:17.663,-6.818346657465351
2025-03-27 13:38:17.663,-0.9332216124735941
2025-03-27 13:38:17.663,6.100383736562112
2025-03-27 13:38:17.663,6.540269183634925
2025-03-27 13:38:17.663,0.24562879369246765
2025-03-27 13:38:17.673,-5.619692549659442
2025-03-27 13:38:17.673,-5.152719586674543
2025-03-27 13:38:17.673,0.17703250132931425
2025-03-27 13:38:17.673,4.2712409810776295
2025-03-27 13:38:17.673,3.435447831567066
2025-03-27 13:38:17.684,-0.46807467267961006
2025-03-27 13:38:17.684,-3.016940275862268
2025-03-27 13:38:17.684,-2.057775888535305
2025-03-27 13:38:17.684,0.667629475448549
2025-03-27 13:38:17.684,2.0716658275454063
2025-03-27 13:38:17.695,1.1612670639538738
2025-03-27 13:38:17.695,-0.44897674972563506
2025-03-27 13:38:17.695,-1.0262496480797882
2025-03-27 13:38:17.695,-0.6487680617353819
2025-03-27 13:38:17.695,-0.3040512679008258
2025-03-27 13:38:17.703,-0.13838630448501746
2025-03-27 13:38:17.703,0.37219441128429104
2025-03-27 13:38:17.703,1.048328935048798
2025-03-27 13:38:17.703,0.9883148632852251
2025-03-27 13:38:17.703,-0.051508879717442856
2025-03-27 13:38:17.712,-1.1513004855626188
2025-03-27 13:38:17.713,-1.3342720846498972
2025-03-27 13:38:17.713,-0.5709037697481185
2025-03-27 13:38:17.713,0.5064521278071908
2025-03-27 13:38:17.713,1.3045421338916272
2025-03-27 13:38:17.721,1.4036611503058856
2025-03-27 13:38:17.721,0.5612138864019157
2025-03-27 13:38:17.721,-0.8778929710826203
2025-03-27 13:38:17.721,-1.853219469239231
2025-03-27 13:38:17.721,-1.4644209196182327
2025-03-27 13:38:17.731,-0.011186543246303637
2025-03-27 13:38:17.731,1.249063842464822
2025-03-27 13:38:17.731,1.4585126015123935
2025-03-27 13:38:17.731,0.8964490122590174
2025-03-27 13:38:17.731,0.25301782052322824
2025-03-27 13:38:17.741,-0.31671689864325736
2025-03-27 13:38:17.741,-0.9835179260168446
2025-03-27 13:38:17.741,-1.4740461191875964
2025-03-27 13:38:17.741,-1.1871549660403078
2025-03-27 13:38:17.751,-0.027418146524260723
2025-03-27 13:38:17.751,1.3937021154244482
2025-03-27 13:38:17.751,2.254006609579451
2025-03-27 13:38:17.751,1.7587369083281765
2025-03-27 13:38:17.751,-0.4830652891161568
2025-03-27 13:38:17.761,-3.219023670790313
2025-03-27 13:38:17.761,-3.451054095934672
2025-03-27 13:38:17.761,0.30507247357883743
2025-03-27 13:38:17.761,4.713538865507096
2025-03-27 13:38:17.761,4.288219694890837
2025-03-27 13:38:17.771,-1.5010083600900366
2025-03-27 13:38:17.771,-6.271542433514721
2025-03-27 13:38:17.771,-4.0424527725540536
2025-03-27 13:38:17.771,3.0505058285238196
2025-03-27 13:38:17.771,6.957860561837793
2025-03-27 13:38:17.781,3.2542814325466134
2025-03-27 13:38:17.781,-3.858058122163552
2025-03-27 13:38:17.781,-6.656762115474059
2025-03-27 13:38:17.781,-2.45871126342489
2025-03-27 13:38:17.781,3.949442427132776
2025-03-27 13:38:17.791,5.8549515231968545
2025-03-27 13:38:17.791,1.689146816320146
2025-03-27 13:38:17.791,-3.7241688396288595
2025-03-27 13:38:17.791,-4.737030175104007
2025-03-27 13:38:17.791,-0.9628368497547435
2025-03-27 13:38:17.801,2.952559178592192
2025-03-27 13:38:17.801,3.1723046701122746
2025-03-27 13:38:17.801,0.6473786848859555
2025-03-27 13:38:17.801,-1.262402758815862
2025-03-27 13:38:17.801,-1.3300934242203943
2025-03-27 13:38:17.811,-0.8912110188520956
2025-03-27 13:38:17.811,-0.7851836920823977
2025-03-27 13:38:17.811,-0.23423981906115512
2025-03-27 13:38:17.811,1.0827291575389373
2025-03-27 13:38:17.811,1.89814425336901
2025-03-27 13:38:17.819,1.1691853733536053
2025-03-27 13:38:17.819,-0.35898824272660734
2025-03-27 13:38:17.819,-1.335408438339631
2025-03-27 13:38:17.819,-1.4952269942188945
2025-03-27 13:38:17.819,-1.2308028808420715
2025-03-27 13:38:17.830,-0.4221296441909819
2025-03-27 13:38:17.831,1.0782699520843873
2025-03-27 13:38:17.831,2.336040409304233
2025-03-27 13:38:17.831,2.0365662584027002
2025-03-27 13:38:17.831,0.2599238702635195
2025-03-27 13:38:17.839,-1.5036717866304061
2025-03-27 13:38:17.839,-2.181767504846601
2025-03-27 13:38:17.839,-1.9565866598765003
2025-03-27 13:38:17.839,-1.1448817433749787
2025-03-27 13:38:17.849,0.5193016460038165
2025-03-27 13:38:17.849,2.7823191178395557
2025-03-27 13:38:17.849,3.9596448936992585
2025-03-27 13:38:17.849,2.24694815256372
2025-03-27 13:38:17.849,-1.9916463947284
2025-03-27 13:38:17.859,-5.688782939245368
2025-03-27 13:38:17.859,-5.242402716694704
2025-03-27 13:38:17.859,0.07010234632356016
2025-03-27 13:38:17.859,6.364175068438046
2025-03-27 13:38:17.859,7.715757251867163
2025-03-27 13:38:17.869,1.9442915318060487
2025-03-27 13:38:17.869,-6.168087091955557
2025-03-27 13:38:17.869,-8.891070548517536
2025-03-27 13:38:17.869,-3.453054416857119
2025-03-27 13:38:17.869,4.8976651530336826
2025-03-27 13:38:17.879,8.326400346295207
2025-03-27 13:38:17.879,4.2770053455221015
2025-03-27 13:38:17.879,-2.6472981132228917
2025-03-27 13:38:17.879,-6.06681962162907
2025-03-27 13:38:17.879,-4.116262093989152
2025-03-27 13:38:17.889,-0.13431394554362158
2025-03-27 13:38:17.889,2.1384599692181
2025-03-27 13:38:17.889,2.5798672885451217
2025-03-27 13:38:17.889,3.0305082812099173
2025-03-27 13:38:17.889,3.0295833564395958
2025-03-27 13:38:17.899,0.082394517420455
2025-03-27 13:38:17.899,-5.216336572320299
2025-03-27 13:38:17.899,-7.457074247720328
2025-03-27 13:38:17.899,-2.6229654781600917
2025-03-27 13:38:17.899,5.485894929690974
2025-03-27 13:38:17.909,8.528238474372865
2025-03-27 13:38:17.909,3.5438595714827157
2025-03-27 13:38:17.909,-3.5109061688686762
2025-03-27 13:38:17.909,-5.447813849419482
2025-03-27 13:38:17.909,-2.3177567478831698
2025-03-27 13:38:17.918,0.35260949899294614
2025-03-27 13:38:17.919,-0.036356595394860386
2025-03-27 13:38:17.919,-0.34592157224355846
2025-03-27 13:38:17.919,2.2958346121308884
2025-03-27 13:38:17.919,5.17405207286315
2025-03-27 13:38:17.927,3.3133532288234875
2025-03-27 13:38:17.927,-3.152164583514064
2025-03-27 13:38:17.927,-7.871538478167119
2025-03-27 13:38:17.927,-5.410031728230248
2025-03-27 13:38:17.927,2.1515148814200864
2025-03-27 13:38:17.937,7.328706774923359
2025-03-27 13:38:17.937,5.514505862546825
2025-03-27 13:38:17.937,-0.4173970567469417
2025-03-27 13:38:17.937,-4.190035163416043
2025-03-27 13:38:17.948,-3.3144366818298154
2025-03-27 13:38:17.949,-0.6998032824222049
2025-03-27 13:38:17.949,0.26854521160988315
2025-03-27 13:38:17.949,-0.06308815673241125
2025-03-27 13:38:17.949,0.5969154527348677
2025-03-27 13:38:17.949,2.2567004312583037
2025-03-27 13:38:17.957,2.5451256977440835
2025-03-27 13:38:17.957,0.5236868794024556
2025-03-27 13:38:17.957,-1.811936311444666
2025-03-27 13:38:17.957,-2.5386566387392815
2025-03-27 13:38:17.967,-2.1731201233881605
2025-03-27 13:38:17.967,-1.6423933529207517
2025-03-27 13:38:17.967,0.0859517388339629
2025-03-27 13:38:17.967,3.7739949145605896
2025-03-27 13:38:17.967,6.388123587966394
2025-03-27 13:38:17.967,3.34577958895199
2025-03-27 13:38:17.977,-4.681976519912652
2025-03-27 13:38:17.977,-10.068357093740591
2025-03-27 13:38:17.977,-6.048944371478308
2025-03-27 13:38:17.977,4.569608659083133
2025-03-27 13:38:17.987,11.2208296229739
2025-03-27 13:38:17.987,6.954264918398437
2025-03-27 13:38:17.987,-3.6967646888660517
2025-03-27 13:38:17.987,-9.742980496153297
2025-03-27 13:38:17.987,-5.8228403886847175
2025-03-27 13:38:17.997,2.6316246099242426
2025-03-27 13:38:17.997,6.471788351484824
2025-03-27 13:38:17.997,3.080226863622066
2025-03-27 13:38:17.997,-1.9987616871078047
2025-03-27 13:38:17.997,-2.7059799584343276
2025-03-27 13:38:18.007,0.520873939296509
2025-03-27 13:38:18.007,2.2975036820221977
2025-03-27 13:38:18.007,-0.34945133200577405
2025-03-27 13:38:18.007,-4.060455888473307
2025-03-27 13:38:18.007,-3.390493283435408
2025-03-27 13:38:18.017,2.0051280083150242
2025-03-27 13:38:18.017,6.316631394345074
2025-03-27 13:38:18.017,4.371720481518976
2025-03-27 13:38:18.017,-2.0290126477297235
2025-03-27 13:38:18.017,-6.203505184404627
2025-03-27 13:38:18.027,-4.34001709181656
2025-03-27 13:38:18.027,0.7743452964927399
2025-03-27 13:38:18.027,3.86785123513811
2025-03-27 13:38:18.027,3.0611613093393215
2025-03-27 13:38:18.027,0.6103829336179816
2025-03-27 13:38:18.035,-0.8305273296712444
2025-03-27 13:38:18.035,-0.9592870771318616
2025-03-27 13:38:18.035,-0.9571655512796544
2025-03-27 13:38:18.035,-1.2590379176971338
2025-03-27 13:38:18.035,-1.0535930032231806
2025-03-27 13:38:18.046,0.23215111327474192
2025-03-27 13:38:18.047,1.7271950971422336
2025-03-27 13:38:18.047,1.9472496705521074
2025-03-27 13:38:18.047,0.6273580967284471
2025-03-27 13:38:18.047,-0.9393076620845463
2025-03-27 13:38:18.055,-1.46665152678277
2025-03-27 13:38:18.055,-0.9234870339767428
2025-03-27 13:38:18.055,-0.07300141186170675
2025-03-27 13:38:18.055,0.49681168820688465
2025-03-27 13:38:18.067,0.5825675562757836
2025-03-27 13:38:18.067,0.26542490938890395
2025-03-27 13:38:18.067,-0.030714231301036635
2025-03-27 13:38:18.067,0.12518240343018192
2025-03-27 13:38:18.067,0.4970813811534896
2025-03-27 13:38:18.067,0.30406911927389063
2025-03-27 13:38:18.075,-0.6708969981690885
2025-03-27 13:38:18.075,-1.47378923456188
2025-03-27 13:38:18.075,-0.9406462506263691
2025-03-27 13:38:18.075,0.7811727640607813
2025-03-27 13:38:18.075,2.0479927922801484
2025-03-27 13:38:18.085,1.3401964382931768
2025-03-27 13:38:18.085,-0.9059462303395209
2025-03-27 13:38:18.085,-2.345048141072444
2025-03-27 13:38:18.085,-1.0748830286493676
2025-03-27 13:38:18.095,1.8479343542831856
2025-03-27 13:38:18.095,2.8887071257111567
2025-03-27 13:38:18.095,0.027681679582197083
2025-03-27 13:38:18.095,-3.939879865669569
2025-03-27 13:38:18.095,-3.7782274146523953
2025-03-27 13:38:18.105,1.5830720369594773
2025-03-27 13:38:18.105,6.403995910827576
2025-03-27 13:38:18.105,4.343837113412753
2025-03-27 13:38:18.105,-3.1474754461124834
2025-03-27 13:38:18.105,-7.567806074937247
2025-03-27 13:38:18.115,-3.6341260296855213
2025-03-27 13:38:18.115,3.8767284382743705
2025-03-27 13:38:18.115,6.167367664276368
2025-03-27 13:38:18.115,1.5188527116975026
2025-03-27 13:38:18.115,-3.346914401962129
2025-03-27 13:38:18.125,-2.7675773357341718
2025-03-27 13:38:18.125,0.994298757989987
2025-03-27 13:38:18.125,2.072030021178994
2025-03-27 13:38:18.125,-0.7551814773939693
2025-03-27 13:38:18.125,-3.0444013762352706
2025-03-27 13:38:18.135,-1.0383717668813937
2025-03-27 13:38:18.135,3.393466995600113
2025-03-27 13:38:18.135,4.795040053276466
2025-03-27 13:38:18.135,0.4343555156537787
2025-03-27 13:38:18.135,-5.82918808264717
2025-03-27 13:38:18.145,-6.686213228762487
2025-03-27 13:38:18.145,0.45145434083918823
2025-03-27 13:38:18.145,8.847088040969874
2025-03-27 13:38:18.145,8.505177046181519
2025-03-27 13:38:18.145,-1.9198758520801398
2025-03-27 13:38:18.153,-11.652978752036537
2025-03-27 13:38:18.153,-9.226072195259706
2025-03-27 13:38:18.153,3.4468504054367055
2025-03-27 13:38:18.153,12.214264143088984
2025-03-27 13:38:18.153,7.274067600735202
2025-03-27 13:38:18.163,-4.793360053067766
2025-03-27 13:38:18.163,-9.234949000612248
2025-03-27 13:38:18.163,-1.7346984200486708
2025-03-27 13:38:18.163,6.498385865602962
2025-03-27 13:38:18.173,3.9213023374707863
2025-03-27 13:38:18.173,-5.8656659793840245
2025-03-27 13:38:18.173,-8.872749731635814
2025-03-27 13:38:18.173,0.5773647275061171
2025-03-27 13:38:18.173,11.815109948730978
2025-03-27 13:38:18.181,10.893394776497123
2025-03-27 13:38:18.181,-2.070157920013838
2025-03-27 13:38:18.181,-12.997936993428171
2025-03-27 13:38:18.181,-10.617131053322243
2025-03-27 13:38:18.181,1.1462299330942294
2025-03-27 13:38:18.191,9.31300591787807
2025-03-27 13:38:18.191,7.235813748555244
2025-03-27 13:38:18.191,0.1524738842637362
2025-03-27 13:38:18.191,-3.6084324784055988
2025-03-27 13:38:18.201,-2.425956803914295
2025-03-27 13:38:18.201,-0.4979192464653213
2025-03-27 13:38:18.201,-0.4839004938038132
2025-03-27 13:38:18.201,-0.9253823896999224
2025-03-27 13:38:18.201,-0.19598521485192694
2025-03-27 13:38:18.211,0.8637129127075737
2025-03-27 13:38:18.211,1.2490515223595755
2025-03-27 13:38:18.211,1.629089760750004
2025-03-27 13:38:18.211,2.0669702701130603
2025-03-27 13:38:18.211,0.548266581422149
2025-03-27 13:38:18.221,-3.4719628880973086
2025-03-27 13:38:18.221,-5.963578844429124
2025-03-27 13:38:18.221,-2.47505318925559
2025-03-27 13:38:18.221,4.900664743342826
2025-03-27 13:38:18.221,8.357271359500224
2025-03-27 13:38:18.232,3.481703067203818
2025-03-27 13:38:18.232,-4.976709887410306
2025-03-27 13:38:18.232,-8.355500535579782
2025-03-27 13:38:18.232,-3.693991508676241
2025-03-27 13:38:18.232,3.762409969031355
2025-03-27 13:38:18.241,6.866532856730033
2025-03-27 13:38:18.241,3.511149447829795
2025-03-27 13:38:18.241,-2.470669750484196
2025-03-27 13:38:18.241,-5.525767309875148
2025-03-27 13:38:18.241,-3.135651562418272
2025-03-27 13:38:18.251,2.2352538112876954
2025-03-27 13:38:18.251,5.255596936993811
2025-03-27 13:38:18.251,2.715452160829938
2025-03-27 13:38:18.251,-2.9238002010729005
2025-03-27 13:38:18.251,-5.6676414800409765
2025-03-27 13:38:18.261,-2.3932525890016634
2025-03-27 13:38:18.261,3.4835801298602895
2025-03-27 13:38:18.261,5.704395481382689
2025-03-27 13:38:18.261,2.160976945031957
2025-03-27 13:38:18.261,-3.0711494393330905
2025-03-27 13:38:18.271,-4.754711502872876
2025-03-27 13:38:18.271,-2.059810720841316
2025-03-27 13:38:18.271,1.6242090213905442
2025-03-27 13:38:18.271,3.0858158920528864
2025-03-27 13:38:18.271,2.0347847127641874
2025-03-27 13:38:18.279,0.09856101869435742
2025-03-27 13:38:18.279,-1.242413016911883
2025-03-27 13:38:18.279,-1.4681848990746964
2025-03-27 13:38:18.279,-0.9055432965223255
2025-03-27 13:38:18.279,-0.324572003489019
2025-03-27 13:38:18.291,-0.1188948724162842
2025-03-27 13:38:18.291,0.23236187218809096
2025-03-27 13:38:18.291,1.2202079982680851
2025-03-27 13:38:18.291,1.9075102549480185
2025-03-27 13:38:18.291,0.7778689145349663
2025-03-27 13:38:18.301,-1.5716875290111383
2025-03-27 13:38:18.301,-2.258611707806505
2025-03-27 13:38:18.301,-0.020691018706625902
2025-03-27 13:38:18.301,2.158731577883957
2025-03-27 13:38:18.301,0.6373471724036396
2025-03-27 13:38:18.310,-3.2336161473502143
2025-03-27 13:38:18.311,-3.7908941617228473
2025-03-27 13:38:18.311,1.6094038057486475
2025-03-27 13:38:18.311,7.807673185463881
2025-03-27 13:38:18.311,6.627889968274078
2025-03-27 13:38:18.319,-3.114233907530045
2025-03-27 13:38:18.319,-12.080859094338964
2025-03-27 13:38:18.319,-9.442322678424643
2025-03-27 13:38:18.319,3.9869373737981713
2025-03-27 13:38:18.328,14.495881965823406
2025-03-27 13:38:18.329,10.194460610543047
2025-03-27 13:38:18.329,-4.620918259725894
2025-03-27 13:38:18.329,-13.81156198295578
2025-03-27 13:38:18.329,-8.155954025749415
2025-03-27 13:38:18.339,4.580911401238133
2025-03-27 13:38:18.339,10.212365575026105
2025-03-27 13:38:18.339,4.7711032442743715
2025-03-27 13:38:18.339,-3.353046902674297
2025-03-27 13:38:18.339,-5.592812618524386
2025-03-27 13:38:18.349,-2.21949767707366
2025-03-27 13:38:18.349,1.3093572915966498
2025-03-27 13:38:18.349,2.20140028550319
2025-03-27 13:38:18.349,1.568638720705556
2025-03-27 13:38:18.349,0.5522864433631285
2025-03-27 13:38:18.359,-0.9718725155794725
2025-03-27 13:38:18.359,-2.2851241761855423
2025-03-27 13:38:18.359,-1.6046376488535425
2025-03-27 13:38:18.359,1.1217499331535632
2025-03-27 13:38:18.359,3.1642086691892963
2025-03-27 13:38:18.367,2.025825407721971
2025-03-27 13:38:18.367,-1.3963269235603712
2025-03-27 13:38:18.367,-3.6279588778740726
2025-03-27 13:38:18.367,-2.256522209424157
2025-03-27 13:38:18.367,1.6321737575534094
2025-03-27 13:38:18.377,4.280879669342365
2025-03-27 13:38:18.377,2.55959809261895
2025-03-27 13:38:18.377,-2.638979498688221
2025-03-27 13:38:18.377,-6.151143894260757
2025-03-27 13:38:18.387,-3.2128104084820395
2025-03-27 13:38:18.387,4.510357163323706
2025-03-27 13:38:18.387,8.991940622497486
2025-03-27 13:38:18.387,4.216104933354947
2025-03-27 13:38:18.387,-5.889801194908507
2025-03-27 13:38:18.397,-10.635550002916654
2025-03-27 13:38:18.397,-4.686343007326818
2025-03-27 13:38:18.397,5.402293271698724
2025-03-27 13:38:18.397,8.9043316993456
2025-03-27 13:38:18.397,3.4951492433746827
2025-03-27 13:38:18.407,-3.125694637351554
2025-03-27 13:38:18.407,-3.896524030096731
2025-03-27 13:38:18.407,-0.687996485333984
2025-03-27 13:38:18.407,0.23096797833056237
2025-03-27 13:38:18.407,-2.0673111026593203
2025-03-27 13:38:18.417,-2.361606507974804
2025-03-27 13:38:18.417,2.056143491597073
2025-03-27 13:38:18.417,6.3549190963883255
2025-03-27 13:38:18.417,4.288515375915981
2025-03-27 13:38:18.417,-3.041269198938018
2025-03-27 13:38:18.427,-7.842660193318322
2025-03-27 13:38:18.427,-4.821789334893605
2025-03-27 13:38:18.427,2.809524460997088
2025-03-27 13:38:18.427,7.2774127685059495
2025-03-27 13:38:18.427,4.607642982092316
2025-03-27 13:38:18.437,-1.9915828561174487
2025-03-27 13:38:18.437,-6.113204527219179
2025-03-27 13:38:18.437,-4.304356310072025
2025-03-27 13:38:18.437,1.3190170525362976
2025-03-27 13:38:18.437,5.368358123698593
2025-03-27 13:38:18.447,4.025470350964939
2025-03-27 13:38:18.447,-1.3926215438439882
2025-03-27 13:38:18.447,-5.405556340469742
2025-03-27 13:38:18.447,-3.6973861557497467
2025-03-27 13:38:18.447,2.162798459945325
2025-03-27 13:38:18.457,6.010635859390955
2025-03-27 13:38:18.457,3.5808164547484935
2025-03-27 13:38:18.457,-2.783291376096805
2025-03-27 13:38:18.457,-6.510380697099543
2025-03-27 13:38:18.457,-3.7381164131906277
2025-03-27 13:38:18.466,2.6551693615228538
2025-03-27 13:38:18.467,6.150313884135363
2025-03-27 13:38:18.467,3.4573015272533527
2025-03-27 13:38:18.467,-2.1704104113859475
2025-03-27 13:38:18.467,-4.711756085498703
2025-03-27 13:38:18.475,-2.033672427293519
2025-03-27 13:38:18.475,2.0592507876784567
2025-03-27 13:38:18.475,2.6416468648083167
2025-03-27 13:38:18.475,-0.3858756292563046
2025-03-27 13:38:18.475,-2.3784557622536338
2025-03-27 13:38:18.485,-0.15014221244806267
2025-03-27 13:38:18.485,3.2927057629495455
2025-03-27 13:38:18.485,2.1944861211816136
2025-03-27 13:38:18.485,-3.5601079348565943
2025-03-27 13:38:18.485,-6.366509791134405
2025-03-27 13:38:18.497,-0.27122715014897364
2025-03-27 13:38:18.497,9.077615115535265
2025-03-27 13:38:18.497,9.084549767800043
2025-03-27 13:38:18.497,-3.347995127075124
2025-03-27 13:38:18.505,-14.91242667371832
2025-03-27 13:38:18.505,-10.564038306324674
2025-03-27 13:38:18.505,6.8725094225851855
2025-03-27 13:38:18.505,18.075445017129866
2025-03-27 13:38:18.505,9.899135975207466
2025-03-27 13:38:18.513,-8.468509339482223
2025-03-27 13:38:18.513,-16.4845273398883
2025-03-27 13:38:18.513,-6.719600760065287
2025-03-27 13:38:18.513,7.685241826750247
2025-03-27 13:38:18.523,10.642423993128531
2025-03-27 13:38:18.523,2.0591534538091163
2025-03-27 13:38:18.523,-5.22251408965356
2025-03-27 13:38:18.523,-3.5136299057228304
2025-03-27 13:38:18.523,1.7241316463238507
2025-03-27 13:38:18.533,2.2500115733661463
2025-03-27 13:38:18.533,-1.3690723426333473
2025-03-27 13:38:18.533,-2.6968304142544244
2025-03-27 13:38:18.533,0.046702788588909167
2025-03-27 13:38:18.533,2.232086329191866
2025-03-27 13:38:18.543,0.9009096381644774
2025-03-27 13:38:18.543,-0.9387161681280558
2025-03-27 13:38:18.543,0.03529715792036732
2025-03-27 13:38:18.543,1.796837332189627
2025-03-27 13:38:18.543,0.5493512213074428
2025-03-27 13:38:18.553,-2.594080158890989
2025-03-27 13:38:18.553,-2.9707260337876153
2025-03-27 13:38:18.553,0.270085944124135
2025-03-27 13:38:18.553,2.6564404484681092
2025-03-27 13:38:18.553,1.2470663145526333
2025-03-27 13:38:18.563,-0.9457442444716666
2025-03-27 13:38:18.563,0.09647761928627546
2025-03-27 13:38:18.563,2.7665506302589047
2025-03-27 13:38:18.563,1.8688846482147936
2025-03-27 13:38:18.563,-3.3465401920845674
2025-03-27 13:38:18.573,-6.915684451444564
2025-03-27 13:38:18.573,-3.469318108452635
2025-03-27 13:38:18.573,4.457649735671601
2025-03-27 13:38:18.573,8.842918101002356
2025-03-27 13:38:18.573,5.2537898983092575
2025-03-27 13:38:18.583,-2.609132247159652
2025-03-27 13:38:18.583,-7.556386444544661
2025-03-27 13:38:18.583,-6.188933399152454
2025-03-27 13:38:18.583,-0.8044050984106
2025-03-27 13:38:18.583,4.148390835307953
2025-03-27 13:38:18.593,5.705948830300234
2025-03-27 13:38:18.593,3.3832866712568235
2025-03-27 13:38:18.593,-1.0481047230639664
2025-03-27 13:38:18.593,-4.2238062364999545
2025-03-27 13:38:18.593,-3.496056868349152
2025-03-27 13:38:18.603,0.15512989656267281
2025-03-27 13:38:18.603,2.6394332313032107
2025-03-27 13:38:18.603,1.4513158397857029
2025-03-27 13:38:18.603,-1.1544798748608094
2025-03-27 13:38:18.603,-1.3185988145006136
2025-03-27 13:38:18.611,0.937224748786597
2025-03-27 13:38:18.611,1.8590858834240944
2025-03-27 13:38:18.611,-0.2407993662531387
2025-03-27 13:38:18.611,-2.1785120123610406
2025-03-27 13:38:18.611,-0.6156742123991338
2025-03-27 13:38:18.621,2.522600831544916
2025-03-27 13:38:18.621,2.293951473846694
2025-03-27 13:38:18.621,-2.031482224807788
2025-03-27 13:38:18.621,-5.079743839861189
2025-03-27 13:38:18.631,-2.117801449540761
2025-03-27 13:38:18.631,4.287513928040751
2025-03-27 13:38:18.631,6.78159625665972
2025-03-27 13:38:18.631,2.100199675437965
2025-03-27 13:38:18.631,-4.827904641552481
2025-03-27 13:38:18.641,-6.652719480035445
2025-03-27 13:38:18.641,-2.005109488636197
2025-03-27 13:38:18.641,3.554696443748137
2025-03-27 13:38:18.641,4.491195664871998
2025-03-27 13:38:18.641,1.2482116425022833
2025-03-27 13:38:18.651,-1.5009676054231107
2025-03-27 13:38:18.651,-1.1252656913172148
2025-03-27 13:38:18.651,0.3272648617646422
2025-03-27 13:38:18.651,-0.12697610412389077
2025-03-27 13:38:18.651,-1.9103587542491351
2025-03-27 13:38:18.661,-1.863030321255219
2025-03-27 13:38:18.661,0.8812110865531243
2025-03-27 13:38:18.661,3.2429100972728238
2025-03-27 13:38:18.661,2.281023600490916
2025-03-27 13:38:18.661,-0.7941672952336023
2025-03-27 13:38:18.671,-2.4068468347368315
2025-03-27 13:38:18.671,-1.4583412570467753
2025-03-27 13:38:18.671,-0.15428866906334612
2025-03-27 13:38:18.671,-0.042183957842034665
2025-03-27 13:38:18.671,0.20225961945445414
2025-03-27 13:38:18.681,1.7674087154553624
2025-03-27 13:38:18.681,2.7211450477945913
2025-03-27 13:38:18.681,0.5722703906924381
2025-03-27 13:38:18.681,-3.198425438422682
2025-03-27 13:38:18.681,-4.120742263415824
2025-03-27 13:38:18.691,-0.6172500865556301
2025-03-27 13:38:18.691,3.523899300163869
2025-03-27 13:38:18.691,3.7481238261122294
2025-03-27 13:38:18.691,0.2217058381713206
2025-03-27 13:38:18.691,-2.77242682279902
2025-03-27 13:38:18.701,-2.188102746095748
2025-03-27 13:38:18.701,0.5301794753651212
2025-03-27 13:38:18.701,1.7441066807166539
2025-03-27 13:38:18.701,0.18666438294778281
2025-03-27 13:38:18.701,-1.6882694812335926
2025-03-27 13:38:18.709,-1.0079597590417895
2025-03-27 13:38:18.709,1.6797072314366888
2025-03-27 13:38:18.709,2.894499151595256
2025-03-27 13:38:18.709,0.6243873077570343
2025-03-27 13:38:18.709,-2.870574196991991
2025-03-27 13:38:18.719,-3.575176515778449
2025-03-27 13:38:18.719,-0.5516990081813026
2025-03-27 13:38:18.719,2.9479395274274376
2025-03-27 13:38:18.719,3.4323200529663382
2025-03-27 13:38:18.719,1.0634284892818648
2025-03-27 13:38:18.729,-1.3957548994166324
2025-03-27 13:38:18.729,-2.532854485780713
2025-03-27 13:38:18.729,-3.00680035078871
2025-03-27 13:38:18.729,-2.3870107947542114
2025-03-27 13:38:18.739,1.3360036848930619
2025-03-27 13:38:18.739,6.933259617573873
2025-03-27 13:38:18.739,7.859234636889742
2025-03-27 13:38:18.739,-0.3259413272264564
2025-03-27 13:38:18.739,-11.394311376184662
2025-03-27 13:38:18.749,-12.788668324690523
2025-03-27 13:38:18.749,-0.5925634974021697
2025-03-27 13:38:18.749,13.669922552383404
2025-03-27 13:38:18.749,14.836451108310506
2025-03-27 13:38:18.749,1.3959882035599063
2025-03-27 13:38:18.757,-12.494569893713077
2025-03-27 13:38:18.757,-12.90196515756512
2025-03-27 13:38:18.757,-1.2733125717829825
2025-03-27 13:38:18.757,8.607567925967915
2025-03-27 13:38:18.767,7.3642029792323624
2025-03-27 13:38:18.767,-0.19875452451384257
2025-03-27 13:38:18.767,-3.415694210604497
2025-03-27 13:38:18.767,-0.07543678160765455
2025-03-27 13:38:18.767,2.223793748114188
2025-03-27 13:38:18.777,-1.6717749920543687
2025-03-27 13:38:18.777,-6.414166469799386
2025-03-27 13:38:18.777,-3.6549506303815162
2025-03-27 13:38:18.777,5.4537380374957705
2025-03-27 13:38:18.777,10.30800009732015
2025-03-27 13:38:18.787,3.9745415955918197
2025-03-27 13:38:18.787,-7.503053167673474
2025-03-27 13:38:18.787,-11.539552400650784
2025-03-27 13:38:18.787,-3.423258121326639
2025-03-27 13:38:18.787,8.286648535645831
2025-03-27 13:38:18.795,11.245233693277724
2025-03-27 13:38:18.795,2.6530396870154225
2025-03-27 13:38:18.795,-8.168175857850516
2025-03-27 13:38:18.795,-10.169803327419633
2025-03-27 13:38:18.805,-2.1614917120146404
2025-03-27 13:38:18.805,6.8250305725520475
2025-03-27 13:38:18.805,7.97540473281244
2025-03-27 13:38:18.805,1.7600590076805995
2025-03-27 13:38:18.805,-4.108381572023718
2025-03-27 13:38:18.815,-4.23986202843417
2025-03-27 13:38:18.815,-0.82703299500709
2025-03-27 13:38:18.815,0.8550748173895654
2025-03-27 13:38:18.815,-0.2784214020978167
2025-03-27 13:38:18.815,-0.7164079982577197
2025-03-27 13:38:18.825,1.5628554793777214
2025-03-27 13:38:18.825,3.681801773567
2025-03-27 13:38:18.825,1.9873044339763792
2025-03-27 13:38:18.825,-2.3605715009284243
2025-03-27 13:38:18.825,-4.432914478358259
2025-03-27 13:38:18.835,-1.8939728922996486
2025-03-27 13:38:18.835,1.9968561399557676
2025-03-27 13:38:18.835,2.7066483085700153
2025-03-27 13:38:18.835,0.17149274473711718
2025-03-27 13:38:18.835,-1.5665717103560945
2025-03-27 13:38:18.845,-0.041524853344342916
2025-03-27 13:38:18.845,2.3212393757561554
2025-03-27 13:38:18.845,1.5813212358138042
2025-03-27 13:38:18.845,-2.153741706482811
2025-03-27 13:38:18.845,-4.335508417586311
2025-03-27 13:38:18.855,-1.5763766772881078
2025-03-27 13:38:18.855,3.6130360177610172
2025-03-27 13:38:18.855,5.206438561835457
2025-03-27 13:38:18.855,0.8791752510885478
2025-03-27 13:38:18.855,-4.688352355149002
2025-03-27 13:38:18.865,-5.035234463877301
2025-03-27 13:38:18.865,0.32020204660128426
2025-03-27 13:38:18.865,5.229158632904638
2025-03-27 13:38:18.865,4.2547939650126825
2025-03-27 13:38:18.865,-1.1271381893131303
2025-03-27 13:38:18.875,-4.774610330651381
2025-03-27 13:38:18.875,-3.156488001375842
2025-03-27 13:38:18.875,1.214748189533687
2025-03-27 13:38:18.875,3.430177802623657
2025-03-27 13:38:18.875,1.7800290575396822
2025-03-27 13:38:18.885,-1.0670009446587672
2025-03-27 13:38:18.885,-1.805847564919091
2025-03-27 13:38:18.885,-0.2540540378494956
2025-03-27 13:38:18.885,1.0656592346930809
2025-03-27 13:38:18.885,0.4427208766209112
2025-03-27 13:38:18.893,-0.9816425173657582
2025-03-27 13:38:18.893,-1.0286797102550584
2025-03-27 13:38:18.893,0.449516713240121
2025-03-27 13:38:18.893,1.3663312785492767
2025-03-27 13:38:18.903,0.3605393720013738
2025-03-27 13:38:18.903,-1.0967997438729704
2025-03-27 13:38:18.903,-0.594994104849556
2025-03-27 13:38:18.903,1.542998794685405
2025-03-27 13:38:18.904,2.0241804535814287
2025-03-27 13:38:18.913,-1.0394591830183293
2025-03-27 13:38:18.913,-4.594438584508028
2025-03-27 13:38:18.913,-3.501380515917647
2025-03-27 13:38:18.913,2.6667214178015
2025-03-27 13:38:18.913,7.6211851974325615
2025-03-27 13:38:18.923,5.056037396350816
2025-03-27 13:38:18.923,-3.332577220552519
2025-03-27 13:38:18.923,-8.883101754974046
2025-03-27 13:38:18.923,-5.698840468541436
2025-03-27 13:38:18.923,2.6107383861270943
2025-03-27 13:38:18.936,7.409648091648948
2025-03-27 13:38:18.936,4.838337259990316
2025-03-27 13:38:18.936,-1.0073114891245394
2025-03-27 13:38:18.936,-4.078072858779819
2025-03-27 13:38:18.936,-2.9134198745291604
2025-03-27 13:38:18.943,-0.3831026213060591
2025-03-27 13:38:18.943,0.9502908053427753
2025-03-27 13:38:18.943,1.108721708662281
2025-03-27 13:38:18.943,0.9547980660675502
2025-03-27 13:38:18.943,0.42111068580253874
2025-03-27 13:38:18.953,-0.6020756704854116
2025-03-27 13:38:18.953,-1.0073456630557316
2025-03-27 13:38:18.953,0.24261913305101585
2025-03-27 13:38:18.953,1.899285476819279
2025-03-27 13:38:18.953,1.2495185673661344
2025-03-27 13:38:18.963,-2.146279735810211
2025-03-27 13:38:18.963,-4.7354237244264255
2025-03-27 13:38:18.963,-2.4512288482400066
2025-03-27 13:38:18.963,3.96850419564045
2025-03-27 13:38:18.963,8.294567719118595
2025-03-27 13:38:18.971,4.815870181354669
2025-03-27 13:38:18.971,-4.640732139114731
2025-03-27 13:38:18.971,-11.051223430356828
2025-03-27 13:38:18.971,-7.212134966805228
2025-03-27 13:38:18.971,3.838853568426147
2025-03-27 13:38:18.981,11.266942816352222
2025-03-27 13:38:18.981,7.929153783342251
2025-03-27 13:38:18.981,-2.0994622154510307
2025-03-27 13:38:18.981,-8.562312215735814
2025-03-27 13:38:18.991,-6.2558733706807015
2025-03-27 13:38:18.991,0.5798416509196662
2025-03-27 13:38:18.991,4.488396616489953
2025-03-27 13:38:18.991,2.98763295201524
2025-03-27 13:38:18.991,-0.3816035699342939
2025-03-27 13:38:19.001,-1.4096171589497533
2025-03-27 13:38:19.001,0.31809283050517423
2025-03-27 13:38:19.001,1.9699766444526938
2025-03-27 13:38:19.001,0.9410171855460973
2025-03-27 13:38:19.001,-2.469627108562756
2025-03-27 13:38:19.011,-4.95211008246056
2025-03-27 13:38:19.011,-2.9370451259851147
2025-03-27 13:38:19.011,3.2293217791534423
2025-03-27 13:38:19.011,8.003870701256933
2025-03-27 13:38:19.011,5.630019905219175
2025-03-27 13:38:19.021,-2.801298925799582
2025-03-27 13:38:19.021,-9.274090151888794
2025-03-27 13:38:19.021,-7.288864023445481
2025-03-27 13:38:19.021,1.0855337807840306
2025-03-27 13:38:19.021,7.945343971038567
2025-03-27 13:38:19.031,7.8147577522284
2025-03-27 13:38:19.031,1.738785446607372
2025-03-27 13:38:19.031,-5.123772309857274
2025-03-27 13:38:19.031,-7.802181941397025
2025-03-27 13:38:19.031,-4.490442864461891
2025-03-27 13:38:19.041,2.2294827365276007
2025-03-27 13:38:19.041,6.927040371742941
2025-03-27 13:38:19.041,5.778345314205497
2025-03-27 13:38:19.041,0.18576928166980666
2025-03-27 13:38:19.041,-4.6609230315825245
2025-03-27 13:38:19.051,-4.988153222240276
2025-03-27 13:38:19.051,-1.6692661825917054
2025-03-27 13:38:19.051,1.630285880142622
2025-03-27 13:38:19.051,2.5564155499881043
2025-03-27 13:38:19.051,1.7238519822616183
2025-03-27 13:38:19.059,0.8327370978900543
2025-03-27 13:38:19.059,0.27955667537466655
2025-03-27 13:38:19.059,-0.6914568845477992
2025-03-27 13:38:19.059,-1.9879914328098391
2025-03-27 13:38:19.059,-2.148861786500916
2025-03-27 13:38:19.073,-0.3985264425822481
2025-03-27 13:38:19.073,1.783518715149794
2025-03-27 13:38:19.073,2.265837361648816
2025-03-27 13:38:19.073,0.9330393735286358
2025-03-27 13:38:19.073,-0.4295429651686914
2025-03-27 13:38:19.079,-0.6972276370944512
2025-03-27 13:38:19.079,-0.6296547826413736
2025-03-27 13:38:19.079,-1.2924265910473112
2025-03-27 13:38:19.079,-2.1103698729505074
2025-03-27 13:38:19.089,-1.170471801021347
2025-03-27 13:38:19.089,2.2620467361103387
2025-03-27 13:38:19.089,5.608993223120492
2025-03-27 13:38:19.089,4.4981805866223565
2025-03-27 13:38:19.089,-2.072551174105167
2025-03-27 13:38:19.099,-8.611732938786522
2025-03-27 13:38:19.099,-7.712116171066369
2025-03-27 13:38:19.099,1.1876143795211078
2025-03-27 13:38:19.099,9.653558872584135
2025-03-27 13:38:19.099,8.884495482051475
2025-03-27 13:38:19.109,-0.38327160473268196
2025-03-27 13:38:19.109,-8.54557459997796
2025-03-27 13:38:19.109,-7.626942404815911
2025-03-27 13:38:19.109,0.46653493868525553
2025-03-27 13:38:19.109,6.69145088692015
2025-03-27 13:38:19.119,4.8876173530682525
2025-03-27 13:38:19.119,-1.9184355220337794
2025-03-27 13:38:19.119,-5.440488407939077
2025-03-27 13:38:19.119,-1.783807945434266
2025-03-27 13:38:19.119,4.152040099427807
2025-03-27 13:38:19.129,4.812574605188654
2025-03-27 13:38:19.129,-0.6665601674855004
2025-03-27 13:38:19.129,-5.552926737679221
2025-03-27 13:38:19.129,-4.077658104708417
2025-03-27 13:38:19.129,1.6782133326443032
2025-03-27 13:38:19.143,5.015756648181219
2025-03-27 13:38:19.143,2.896142624106856
2025-03-27 13:38:19.143,-1.39826345547266
2025-03-27 13:38:19.143,-3.208573842741526
2025-03-27 13:38:19.143,-1.623972151055995
2025-03-27 13:38:19.149,0.8153250490338284
2025-03-27 13:38:19.149,1.6534864304454828
2025-03-27 13:38:19.149,0.6290620477285035
2025-03-27 13:38:19.149,-0.7718690030848789
2025-03-27 13:38:19.149,-0.8793150323693872
2025-03-27 13:38:19.159,0.5203229402313887
2025-03-27 13:38:19.159,1.5653672715536606
2025-03-27 13:38:19.159,0.2051192868820127
2025-03-27 13:38:19.159,-2.6245646901589126
2025-03-27 13:38:19.159,-3.0604028137796058
2025-03-27 13:38:19.169,0.8595563604946826
2025-03-27 13:38:19.169,5.430073671420662
2025-03-27 13:38:19.169,4.774698795224153
2025-03-27 13:38:19.169,-1.6844520217077952
2025-03-27 13:38:19.169,-7.4880914765148425
2025-03-27 13:38:19.179,-6.139240701801054
2025-03-27 13:38:19.179,1.3682025960623054
2025-03-27 13:38:19.179,7.506883187214629
2025-03-27 13:38:19.179,6.444951082185359
2025-03-27 13:38:19.179,0.023962644025878777
2025-03-27 13:38:19.189,-5.02213935462605
2025-03-27 13:38:19.189,-4.8197014630519766
2025-03-27 13:38:19.189,-1.6948777955191094
2025-03-27 13:38:19.189,0.3596921842794944
2025-03-27 13:38:19.189,1.1678178946056397
2025-03-27 13:38:19.199,2.98970562894541
2025-03-27 13:38:19.199,5.000516763521837
2025-03-27 13:38:19.199,3.10183975552919
2025-03-27 13:38:19.199,-3.475513436049019
2025-03-27 13:38:19.199,-8.68619475114892
