timestamp,bandpass_and_notch
2025-03-22 17:02:06.379,-0.16705821283231304
2025-03-22 17:02:06.379,4.338547645950046
2025-03-22 17:02:06.380,5.501983955999497
2025-03-22 17:02:06.380,-3.555429846032722
2025-03-22 17:02:06.388,-19.35691059104623
2025-03-22 17:02:06.389,-20.75725155494643
2025-03-22 17:02:06.389,6.374280411078582
2025-03-22 17:02:06.389,40.39411671130539
2025-03-22 17:02:06.389,39.742609565375076
2025-03-22 17:02:06.397,-5.700948684425072
2025-03-22 17:02:06.397,-53.76499059089462
2025-03-22 17:02:06.397,-53.3296882079074
2025-03-22 17:02:06.397,-2.589649770210147
2025-03-22 17:02:06.405,48.345432706638576
2025-03-22 17:02:06.405,52.57019709246516
2025-03-22 17:02:06.405,13.354481463824218
2025-03-22 17:02:06.405,-27.13712635072761
2025-03-22 17:02:06.405,-36.026953874105196
2025-03-22 17:02:06.415,-17.29186732962868
2025-03-22 17:02:06.415,4.261552218182469
2025-03-22 17:02:06.415,13.389167730410485
2025-03-22 17:02:06.415,13.046180224097743
2025-03-22 17:02:06.424,10.445729270639882
2025-03-22 17:02:06.424,5.644304310120662
2025-03-22 17:02:06.425,-3.7334666038713658
2025-03-22 17:02:06.425,-13.321241290500188
2025-03-22 17:02:06.425,-14.245495697500445
2025-03-22 17:02:06.433,-4.333693955595309
2025-03-22 17:02:06.433,7.570657557989251
2025-03-22 17:02:06.433,11.023687757591562
2025-03-22 17:02:06.433,5.485343604609553
2025-03-22 17:02:06.434,-0.670245817613504
2025-03-22 17:02:06.443,-1.6317836802178562
2025-03-22 17:02:06.443,-0.47342224596746574
2025-03-22 17:02:06.443,-2.570007852878802
2025-03-22 17:02:06.443,-6.499942237007573
2025-03-22 17:02:06.453,-5.750949641080338
2025-03-22 17:02:06.453,1.412682102814284
2025-03-22 17:02:06.453,8.309614979490302
2025-03-22 17:02:06.453,7.84013976066205
2025-03-22 17:02:06.453,1.1762984081433139
2025-03-22 17:02:06.462,-4.328527792023687
2025-03-22 17:02:06.463,-4.378362063470494
2025-03-22 17:02:06.463,-1.6471906190905679
2025-03-22 17:02:06.463,-0.530708734197605
2025-03-22 17:02:06.463,-1.18881126263449
2025-03-22 17:02:06.472,-0.558759952806003
2025-03-22 17:02:06.473,2.4245225190654014
2025-03-22 17:02:06.473,4.9603106576633875
2025-03-22 17:02:06.473,3.7766165139448207
2025-03-22 17:02:06.473,-0.967476261577353
2025-03-22 17:02:06.482,-5.585460816672498
2025-03-22 17:02:06.483,-6.087245567553075
2025-03-22 17:02:06.483,-1.6037212326430348
2025-03-22 17:02:06.483,4.484916135756983
2025-03-22 17:02:06.483,6.822036701709587
2025-03-22 17:02:06.492,2.839908151675389
2025-03-22 17:02:06.492,-3.9577149855711986
2025-03-22 17:02:06.493,-6.6227024630632565
2025-03-22 17:02:06.493,-2.072495115236231
2025-03-22 17:02:06.493,4.820042464353727
2025-03-22 17:02:06.501,6.1753143891437166
2025-03-22 17:02:06.501,0.24310525145680328
2025-03-22 17:02:06.501,-6.220425615425237
2025-03-22 17:02:06.501,-5.6940473498410515
2025-03-22 17:02:06.501,1.3308174272761093
2025-03-22 17:02:06.511,6.98761221943477
2025-03-22 17:02:06.511,5.112884521986263
2025-03-22 17:02:06.511,-2.0059586001513368
2025-03-22 17:02:06.511,-6.645869796291444
2025-03-22 17:02:06.521,-4.349608883080289
2025-03-22 17:02:06.521,1.7163607407750534
2025-03-22 17:02:06.521,5.082434020377667
2025-03-22 17:02:06.521,3.2572216460993118
2025-03-22 17:02:06.521,-0.5105622434504291
2025-03-22 17:02:06.531,-2.153653836057269
2025-03-22 17:02:06.531,-1.488345675685097
2025-03-22 17:02:06.531,-1.0265688237583028
2025-03-22 17:02:06.531,-1.549317528975421
2025-03-22 17:02:06.531,-1.0496687810338736
2025-03-22 17:02:06.540,1.7151968225028282
2025-03-22 17:02:06.541,4.490844875647059
2025-03-22 17:02:06.541,3.756244599510958
2025-03-22 17:02:06.541,-0.8531600128095008
2025-03-22 17:02:06.541,-5.524750003123307
2025-03-22 17:02:06.551,-5.828287664096021
2025-03-22 17:02:06.551,-0.9653324500179626
2025-03-22 17:02:06.551,5.209497886442085
2025-03-22 17:02:06.551,7.134118828141549
2025-03-22 17:02:06.551,2.433050644612072
2025-03-22 17:02:06.560,-5.0977400808177
2025-03-22 17:02:06.561,-8.112083613499454
2025-03-22 17:02:06.561,-2.9568690677306093
2025-03-22 17:02:06.561,5.645673669685255
2025-03-22 17:02:06.561,8.774624335488006
2025-03-22 17:02:06.570,2.9225970256620126
2025-03-22 17:02:06.571,-5.804429316831866
2025-03-22 17:02:06.571,-8.296893991794793
2025-03-22 17:02:06.571,-2.476287480742897
2025-03-22 17:02:06.571,4.8388669986783235
2025-03-22 17:02:06.580,6.0221890012681865
2025-03-22 17:02:06.581,0.9449867628216113
2025-03-22 17:02:06.581,-3.7290801165186322
2025-03-22 17:02:06.581,-2.6757096828555254
2025-03-22 17:02:06.581,2.1027107124531517
2025-03-22 17:02:06.590,3.9968363375183134
2025-03-22 17:02:06.591,-0.062404027635569986
2025-03-22 17:02:06.591,-5.494530880523093
2025-03-22 17:02:06.591,-5.258107192838585
2025-03-22 17:02:06.591,1.292593179713118
2025-03-22 17:02:06.600,6.879750562776414
2025-03-22 17:02:06.600,4.960934606546458
2025-03-22 17:02:06.601,-1.8523572977351495
2025-03-22 17:02:06.601,-4.958926220550676
2025-03-22 17:02:06.601,-1.0745846671151236
2025-03-22 17:02:06.610,3.3498268997881415
2025-03-22 17:02:06.611,1.0931319302599642
2025-03-22 17:02:06.611,-5.3275522007098575
2025-03-22 17:02:06.611,-6.311890159159334
2025-03-22 17:02:06.611,1.7814050191042123
2025-03-22 17:02:06.618,10.515355716944706
2025-03-22 17:02:06.619,9.08285310557711
2025-03-22 17:02:06.619,-2.025375625863068
2025-03-22 17:02:06.619,-11.014973387261204
2025-03-22 17:02:06.628,-8.777334071881006
2025-03-22 17:02:06.629,0.7571620097836975
2025-03-22 17:02:06.629,6.555978678383244
2025-03-22 17:02:06.629,4.169019908659802
2025-03-22 17:02:06.629,-0.5194354240826046
2025-03-22 17:02:06.638,-0.7810297037971538
2025-03-22 17:02:06.639,2.2234687536255144
2025-03-22 17:02:06.639,2.540085144814482
2025-03-22 17:02:06.639,-1.627106513760456
2025-03-22 17:02:06.639,-5.737086704716303
2025-03-22 17:02:06.649,-5.15693605254414
2025-03-22 17:02:06.649,-0.49072550430996664
2025-03-22 17:02:06.649,4.041430295801844
2025-03-22 17:02:06.649,5.376123196462024
2025-03-22 17:02:06.649,3.5802810331407158
2025-03-22 17:02:06.658,0.492894949558742
2025-03-22 17:02:06.659,-2.1042611072596173
2025-03-22 17:02:06.659,-3.3635776252274576
2025-03-22 17:02:06.659,-3.446710272404899
2025-03-22 17:02:06.659,-2.7888678389218757
2025-03-22 17:02:06.669,-1.0720093180471097
2025-03-22 17:02:06.669,2.3947909341223417
2025-03-22 17:02:06.669,6.493994205835397
2025-03-22 17:02:06.669,7.362644926846001
2025-03-22 17:02:06.669,1.8269157777052956
2025-03-22 17:02:06.678,-7.423790045022939
2025-03-22 17:02:06.679,-12.149489409241653
2025-03-22 17:02:06.679,-6.532699964537787
2025-03-22 17:02:06.679,5.459502701941439
2025-03-22 17:02:06.679,12.987832314129877
2025-03-22 17:02:06.687,9.352904082262022
2025-03-22 17:02:06.687,-1.4034389564492566
2025-03-22 17:02:06.687,-9.523162982530009
2025-03-22 17:02:06.687,-9.413343845753802
2025-03-22 17:02:06.697,-3.2560524520329843
2025-03-22 17:02:06.697,3.426625903047141
2025-03-22 17:02:06.697,7.001107885983668
2025-03-22 17:02:06.697,6.618800979771502
2025-03-22 17:02:06.697,2.8598389798449557
2025-03-22 17:02:06.698,-2.552461796938046
2025-03-22 17:02:06.707,-6.772988265940148
2025-03-22 17:02:06.707,-7.367406924964744
2025-03-22 17:02:06.707,-3.8771358641654765
2025-03-22 17:02:06.707,2.438149073311246
2025-03-22 17:02:06.716,9.085177966329256
2025-03-22 17:02:06.716,11.727921377578522
2025-03-22 17:02:06.717,5.777285645016504
2025-03-22 17:02:06.717,-7.707921592944367
2025-03-22 17:02:06.717,-18.52700701396877
2025-03-22 17:02:06.725,-14.804514873587223
2025-03-22 17:02:06.725,3.348858824415224
2025-03-22 17:02:06.725,20.57741733104219
2025-03-22 17:02:06.725,20.518477598420404
2025-03-22 17:02:06.725,2.925198106126813
2025-03-22 17:02:06.735,-15.995959815445254
2025-03-22 17:02:06.735,-20.200196022965237
2025-03-22 17:02:06.735,-8.484923916672814
2025-03-22 17:02:06.735,7.122337011020777
2025-03-22 17:02:06.744,14.289060149740166
2025-03-22 17:02:06.744,10.126444585045443
2025-03-22 17:02:06.745,0.6680931796114586
2025-03-22 17:02:06.745,-6.115192511268086
2025-03-22 17:02:06.745,-6.660144311001625
2025-03-22 17:02:06.754,-3.202466818306964
2025-03-22 17:02:06.755,-0.16415410783671025
2025-03-22 17:02:06.755,0.5627341201202635
2025-03-22 17:02:06.755,0.6087659933855246
2025-03-22 17:02:06.755,1.8817261537074026
2025-03-22 17:02:06.764,3.6598854776172534
2025-03-22 17:02:06.764,3.6110084175482755
2025-03-22 17:02:06.765,0.7923343626264197
2025-03-22 17:02:06.765,-3.2947648906689846
2025-03-22 17:02:06.765,-6.020694861100827
2025-03-22 17:02:06.774,-5.188141286358737
2025-03-22 17:02:06.775,-0.3157170575044639
2025-03-22 17:02:06.775,5.951899930050679
2025-03-22 17:02:06.775,8.336097797449376
2025-03-22 17:02:06.775,3.435511353197273
2025-03-22 17:02:06.783,-5.3260862988953095
2025-03-22 17:02:06.783,-9.414321044451821
2025-03-22 17:02:06.783,-3.952322351594236
2025-03-22 17:02:06.783,5.975792344227821
2025-03-22 17:02:06.792,9.890229878811157
2025-03-22 17:02:06.793,3.200843829880009
2025-03-22 17:02:06.793,-7.463714222595192
2025-03-22 17:02:06.793,-11.091608382965322
2025-03-22 17:02:06.793,-3.7499124626475684
2025-03-22 17:02:06.802,7.63361112342554
2025-03-22 17:02:06.802,12.464857568624645
2025-03-22 17:02:06.803,6.480013976217731
2025-03-22 17:02:06.803,-5.041105273829408
2025-03-22 17:02:06.803,-12.453375931223356
2025-03-22 17:02:06.812,-9.75643875646324
2025-03-22 17:02:06.813,0.7433851490876144
2025-03-22 17:02:06.813,10.179348126836391
2025-03-22 17:02:06.813,10.5296573597343
2025-03-22 17:02:06.813,2.1980222446940703
2025-03-22 17:02:06.821,-6.108012369866456
2025-03-22 17:02:06.821,-6.683191355728489
2025-03-22 17:02:06.821,-1.3455630685784388
2025-03-22 17:02:06.821,1.7504702891757606
2025-03-22 17:02:06.830,-0.6489195425227707
2025-03-22 17:02:06.831,-2.8150417104548464
2025-03-22 17:02:06.831,1.0254319954753681
2025-03-22 17:02:06.831,7.379774202906025
2025-03-22 17:02:06.831,7.3971631511797815
2025-03-22 17:02:06.840,-1.0444504484736012
2025-03-22 17:02:06.841,-9.680469207615412
2025-03-22 17:02:06.841,-9.562489975258336
2025-03-22 17:02:06.841,-1.2852316507084889
2025-03-22 17:02:06.841,6.717467001480968
2025-03-22 17:02:06.850,8.162767861142672
2025-03-22 17:02:06.851,4.270714269703474
2025-03-22 17:02:06.851,-0.3667759179297471
2025-03-22 17:02:06.851,-3.7450784013320386
2025-03-22 17:02:06.851,-6.21091765519072
2025-03-22 17:02:06.860,-6.479495684651052
2025-03-22 17:02:06.861,-1.932203628176186
2025-03-22 17:02:06.861,6.1417169595568275
2025-03-22 17:02:06.861,10.861072562423617
2025-03-22 17:02:06.861,6.494373805197151
2025-03-22 17:02:06.869,-3.9232663327299395
2025-03-22 17:02:06.869,-10.71158309026222
2025-03-22 17:02:06.869,-7.937104460917728
2025-03-22 17:02:06.869,0.48692816831486113
2025-03-22 17:02:06.869,6.178186686086596
2025-03-22 17:02:06.879,5.717445283858526
2025-03-22 17:02:06.879,2.510610982455634
2025-03-22 17:02:06.879,0.4149244292005677
2025-03-22 17:02:06.879,-1.0728909724387414
2025-03-22 17:02:06.888,-3.932298963283899
2025-03-22 17:02:06.889,-6.402565562691335
2025-03-22 17:02:06.889,-4.000948471776463
2025-03-22 17:02:06.889,3.739512277376563
2025-03-22 17:02:06.889,10.168071695466232
2025-03-22 17:02:06.897,7.806296787792052
2025-03-22 17:02:06.897,-2.431137997403596
2025-03-22 17:02:06.897,-10.779440817932251
2025-03-22 17:02:06.897,-8.891861890952125
2025-03-22 17:02:06.897,0.7840023582619253
2025-03-22 17:02:06.908,7.954971954619753
2025-03-22 17:02:06.909,6.314814047034346
2025-03-22 17:02:06.909,-0.1153834602115209
2025-03-22 17:02:06.909,-3.2402209404561524
2025-03-22 17:02:06.909,-0.9403919240561831
2025-03-22 17:02:06.917,1.6275049578036882
2025-03-22 17:02:06.917,-0.19775942351839437
2025-03-22 17:02:06.917,-4.461509101648373
2025-03-22 17:02:06.917,-5.2407744033289045
2025-03-22 17:02:06.917,0.08013924849646453
2025-03-22 17:02:06.927,7.396185019407483
2025-03-22 17:02:06.927,9.505363468808685
2025-03-22 17:02:06.927,3.055222853906817
2025-03-22 17:02:06.927,-7.402590098171859
2025-03-22 17:02:06.937,-12.441267676265616
2025-03-22 17:02:06.937,-6.4985376076407375
2025-03-22 17:02:06.937,5.574146796925355
2025-03-22 17:02:06.937,12.288920780930038
2025-03-22 17:02:06.937,7.41849072920219
2025-03-22 17:02:06.947,-3.1215428412192896
2025-03-22 17:02:06.947,-8.308912149338347
2025-03-22 17:02:06.947,-4.777175273352224
2025-03-22 17:02:06.947,0.695127629456046
2025-03-22 17:02:06.947,1.5185409680950612
2025-03-22 17:02:06.956,-0.17697941609227508
2025-03-22 17:02:06.957,1.552965212502392
2025-03-22 17:02:06.957,5.849489113272518
2025-03-22 17:02:06.957,4.99392684394732
2025-03-22 17:02:06.957,-3.813556155106282
2025-03-22 17:02:06.967,-11.63924447814878
2025-03-22 17:02:06.967,-7.6052259870854
2025-03-22 17:02:06.967,6.111727495621715
2025-03-22 17:02:06.967,14.634258051329608
2025-03-22 17:02:06.967,7.59891494124205
2025-03-22 17:02:06.975,-7.852281105619777
2025-03-22 17:02:06.975,-14.882393464961915
2025-03-22 17:02:06.975,-6.209745090040357
2025-03-22 17:02:06.976,8.203141807676305
2025-03-22 17:02:06.976,13.119571339935405
2025-03-22 17:02:06.985,4.669214304790008
2025-03-22 17:02:06.985,-6.902529065460435
2025-03-22 17:02:06.985,-9.675976867598933
2025-03-22 17:02:06.985,-2.6973079702484597
2025-03-22 17:02:06.995,4.6241621121552265
2025-03-22 17:02:06.995,4.416371293543979
2025-03-22 17:02:06.995,-0.7057740147783316
2025-03-22 17:02:06.995,-2.217363634499849
2025-03-22 17:02:06.995,2.1101482613557634
2025-03-22 17:02:07.005,4.7863996198126575
2025-03-22 17:02:07.005,-0.36797682018335387
2025-03-22 17:02:07.005,-7.77146798984942
2025-03-22 17:02:07.005,-6.569163585081271
2025-03-22 17:02:07.005,3.4294155687463093
2025-03-22 17:02:07.015,9.712231804155204
2025-03-22 17:02:07.015,3.852438681968276
2025-03-22 17:02:07.015,-6.194744793057737
2025-03-22 17:02:07.015,-6.785806782463639
2025-03-22 17:02:07.015,2.2655265895034433
2025-03-22 17:02:07.024,7.484242591594866
2025-03-22 17:02:07.025,0.9266359211892288
2025-03-22 17:02:07.025,-8.435334027887322
2025-03-22 17:02:07.025,-7.065619233761687
2025-03-22 17:02:07.025,4.389413136038366
2025-03-22 17:02:07.033,11.633488951195465
2025-03-22 17:02:07.033,5.430480741303984
2025-03-22 17:02:07.033,-6.684181074406382
2025-03-22 17:02:07.033,-10.529203830804029
2025-03-22 17:02:07.043,-3.0157011638144757
2025-03-22 17:02:07.043,5.482778392219411
2025-03-22 17:02:07.043,5.6057591821556585
2025-03-22 17:02:07.043,0.13389994586875076
2025-03-22 17:02:07.043,-2.0144897739619467
2025-03-22 17:02:07.053,1.1398376494623832
2025-03-22 17:02:07.053,2.8425471797361195
2025-03-22 17:02:07.053,-1.5556039726215414
2025-03-22 17:02:07.053,-7.110384329215773
2025-03-22 17:02:07.053,-5.509412000420776
2025-03-22 17:02:07.062,3.58438311261633
2025-03-22 17:02:07.063,10.88159178855932
2025-03-22 17:02:07.063,7.595524607453439
2025-03-22 17:02:07.063,-4.311328965170075
2025-03-22 17:02:07.063,-13.055734960624969
2025-03-22 17:02:07.072,-8.815173306665056
2025-03-22 17:02:07.072,5.1533820839401345
2025-03-22 17:02:07.073,14.498799136448552
2025-03-22 17:02:07.073,8.745539202067757
2025-03-22 17:02:07.073,-6.473035931728705
2025-03-22 17:02:07.081,-14.876058210832129
2025-03-22 17:02:07.081,-7.520428254229337
2025-03-22 17:02:07.081,7.409146917265982
2025-03-22 17:02:07.081,14.056882462731544
2025-03-22 17:02:07.090,6.071423548869265
2025-03-22 17:02:07.091,-7.550727960821629
2025-03-22 17:02:07.091,-12.852634369555277
2025-03-22 17:02:07.091,-5.2505175481413575
2025-03-22 17:02:07.091,6.836087382431143
2025-03-22 17:02:07.099,11.49378723828732
2025-03-22 17:02:07.099,5.22086126759606
2025-03-22 17:02:07.099,-4.816881283542101
2025-03-22 17:02:07.099,-9.204108800005192
2025-03-22 17:02:07.099,-5.41233182345854
2025-03-22 17:02:07.110,1.4985974838136882
2025-03-22 17:02:07.111,5.456650646708267
2025-03-22 17:02:07.111,4.903296417791205
2025-03-22 17:02:07.111,2.138544044715911
2025-03-22 17:02:07.111,-0.680041497998006
2025-03-22 17:02:07.119,-3.191152579525227
2025-03-22 17:02:07.119,-4.963925658064191
2025-03-22 17:02:07.119,-4.121563397794741
2025-03-22 17:02:07.119,0.5015292396646043
2025-03-22 17:02:07.119,6.285026134695445
2025-03-22 17:02:07.129,7.883587056831481
2025-03-22 17:02:07.129,2.638084997860781
2025-03-22 17:02:07.129,-5.659015735814958
2025-03-22 17:02:07.129,-9.679409222685218
2025-03-22 17:02:07.139,-5.623786568968765
2025-03-22 17:02:07.139,3.0139370865584993
2025-03-22 17:02:07.139,8.858614933679295
2025-03-22 17:02:07.139,7.499791949098866
2025-03-22 17:02:07.139,0.8854493381068496
2025-03-22 17:02:07.149,-5.406066038158879
2025-03-22 17:02:07.149,-7.286338218909037
2025-03-22 17:02:07.149,-4.514069884463327
2025-03-22 17:02:07.149,0.5395649219621601
2025-03-22 17:02:07.149,4.872358372132891
2025-03-22 17:02:07.158,6.037224134561365
2025-03-22 17:02:07.159,3.357359465903678
2025-03-22 17:02:07.159,-1.1810004291097245
2025-03-22 17:02:07.159,-4.284034846960304
2025-03-22 17:02:07.159,-4.318898830970113
2025-03-22 17:02:07.169,-2.2967561159246936
2025-03-22 17:02:07.169,0.1756678837331609
2025-03-22 17:02:07.169,2.500931981874792
2025-03-22 17:02:07.169,4.080410429985398
2025-03-22 17:02:07.169,3.4952098016606676
2025-03-22 17:02:07.178,0.32060497739301685
2025-03-22 17:02:07.179,-3.2777142593325013
2025-03-22 17:02:07.179,-4.483459135636228
2025-03-22 17:02:07.179,-2.8352809120618705
2025-03-22 17:02:07.179,0.04559263264456363
2025-03-22 17:02:07.189,2.8145392169174337
2025-03-22 17:02:07.189,4.641715998002495
2025-03-22 17:02:07.189,3.971218626119847
2025-03-22 17:02:07.189,-0.14941639082238392
2025-03-22 17:02:07.189,-5.157324473012344
2025-03-22 17:02:07.198,-6.151280330468951
2025-03-22 17:02:07.199,-1.5829393643502265
2025-03-22 17:02:07.199,4.005109713594272
2025-03-22 17:02:07.199,4.940243426933529
2025-03-22 17:02:07.199,1.178083414873623
2025-03-22 17:02:07.208,-2.0595763975220174
2025-03-22 17:02:07.209,-1.2286725614043004
2025-03-22 17:02:07.209,1.2493349268335716
2025-03-22 17:02:07.209,0.7464183421365329
2025-03-22 17:02:07.209,-2.9438814618664364
2025-03-22 17:02:07.218,-4.730400142250958
2025-03-22 17:02:07.219,-0.539515544630157
2025-03-22 17:02:07.219,6.540086156807365
2025-03-22 17:02:07.219,8.260587373810262
2025-03-22 17:02:07.219,0.6095938960140261
2025-03-22 17:02:07.227,-9.701545105737697
2025-03-22 17:02:07.227,-10.896449534913344
2025-03-22 17:02:07.227,0.22479127832474988
2025-03-22 17:02:07.227,12.495584520938854
2025-03-22 17:02:07.235,11.737513589945715
2025-03-22 17:02:07.235,-2.2281303110776696
2025-03-22 17:02:07.235,-14.019512397207428
2025-03-22 17:02:07.236,-10.360897621648423
2025-03-22 17:02:07.236,4.078585747000349
2025-03-22 17:02:07.245,12.707629264139662
2025-03-22 17:02:07.245,7.189513775631057
2025-03-22 17:02:07.245,-3.942103291154009
2025-03-22 17:02:07.245,-7.878274606938421
2025-03-22 17:02:07.255,-3.190214849556625
2025-03-22 17:02:07.255,1.4641293044987147
2025-03-22 17:02:07.255,0.9818707821839605
2025-03-22 17:02:07.255,-0.4444730478586811
2025-03-22 17:02:07.255,1.9399897242322695
2025-03-22 17:02:07.256,4.9771338915650505
2025-03-22 17:02:07.265,2.4422014529695173
2025-03-22 17:02:07.265,-4.438572566832956
2025-03-22 17:02:07.265,-7.250630827312383
2025-03-22 17:02:07.265,-1.9723757446021046
2025-03-22 17:02:07.275,4.821319110181608
2025-03-22 17:02:07.275,4.746546841960679
2025-03-22 17:02:07.275,-0.7861705681666904
2025-03-22 17:02:07.275,-2.9756849786420365
2025-03-22 17:02:07.276,1.2573879285438836
2025-03-22 17:02:07.276,4.593878456978444
2025-03-22 17:02:07.285,0.1768383050801255
2025-03-22 17:02:07.285,-7.549451937726392
2025-03-22 17:02:07.285,-7.875245057320031
2025-03-22 17:02:07.285,1.7218578321355633
2025-03-22 17:02:07.293,11.228294049469024
2025-03-22 17:02:07.293,9.733840522665373
2025-03-22 17:02:07.293,-1.721187772843847
2025-03-22 17:02:07.294,-11.508437087269307
2025-03-22 17:02:07.294,-10.286689564576362
2025-03-22 17:02:07.303,-0.045370247017124
2025-03-22 17:02:07.303,9.329047184850427
2025-03-22 17:02:07.303,10.06736793874971
2025-03-22 17:02:07.303,2.587529801436921
2025-03-22 17:02:07.304,-6.202070101215744
2025-03-22 17:02:07.313,-9.115339338461544
2025-03-22 17:02:07.313,-4.358112246401344
2025-03-22 17:02:07.313,3.323065309342024
2025-03-22 17:02:07.314,7.110960370539635
2025-03-22 17:02:07.314,4.412147683830059
2025-03-22 17:02:07.323,-1.238258273290675
2025-03-22 17:02:07.323,-4.416650894744511
2025-03-22 17:02:07.323,-3.168703782537936
2025-03-22 17:02:07.323,0.1039805162911594
2025-03-22 17:02:07.333,2.042746211285108
2025-03-22 17:02:07.333,1.5932240459784066
2025-03-22 17:02:07.333,0.17958815275397938
2025-03-22 17:02:07.333,-0.4539402912009824
2025-03-22 17:02:07.333,-0.15686116508194414
2025-03-22 17:02:07.343,-0.09729761134801804
2025-03-22 17:02:07.343,-0.7502372764449858
2025-03-22 17:02:07.343,-0.9597280531096885
2025-03-22 17:02:07.343,0.24898380232015713
2025-03-22 17:02:07.343,1.6931008585933314
2025-03-22 17:02:07.353,1.336685964669445
2025-03-22 17:02:07.353,-0.7007061156840155
2025-03-22 17:02:07.353,-2.047050303365435
2025-03-22 17:02:07.353,-1.0889092432967364
2025-03-22 17:02:07.353,1.2466406851557406
2025-03-22 17:02:07.363,2.6752010729889677
2025-03-22 17:02:07.363,1.4190620250433486
2025-03-22 17:02:07.363,-2.3638321433132212
2025-03-22 17:02:07.363,-5.436173854309288
2025-03-22 17:02:07.363,-3.174114633775614
2025-03-22 17:02:07.372,4.579910987547767
2025-03-22 17:02:07.373,10.256436972672576
2025-03-22 17:02:07.373,5.602549124617716
2025-03-22 17:02:07.373,-6.932978550181542
2025-03-22 17:02:07.373,-14.249295638201565
2025-03-22 17:02:07.382,-7.211204948256262
2025-03-22 17:02:07.382,7.562510415023608
2025-03-22 17:02:07.383,14.586743063784485
2025-03-22 17:02:07.383,7.205626033910136
2025-03-22 17:02:07.383,-5.66516038676175
2025-03-22 17:02:07.391,-10.981705034492576
2025-03-22 17:02:07.391,-5.8317402978444735
2025-03-22 17:02:07.391,2.0648079907062358
2025-03-22 17:02:07.391,5.214207772471497
2025-03-22 17:02:07.391,3.6179665754994392
2025-03-22 17:02:07.401,1.4660923032719708
2025-03-22 17:02:07.401,0.5391466886523152
2025-03-22 17:02:07.401,-0.7206794788452157
2025-03-22 17:02:07.401,-3.170393444834491
2025-03-22 17:02:07.411,-4.7167594154798405
2025-03-22 17:02:07.411,-2.710293030561933
2025-03-22 17:02:07.411,2.45586818392442
2025-03-22 17:02:07.411,6.806235380810621
2025-03-22 17:02:07.411,5.979080122501121
2025-03-22 17:02:07.421,-0.45698447020762595
2025-03-22 17:02:07.421,-7.419186312153235
2025-03-22 17:02:07.421,-8.070280103673321
2025-03-22 17:02:07.421,-0.8436327484859933
2025-03-22 17:02:07.421,7.52726623099144
2025-03-22 17:02:07.430,8.21720066444933
2025-03-22 17:02:07.431,0.3634833718744984
2025-03-22 17:02:07.431,-7.251743466174491
2025-03-22 17:02:07.431,-6.302598591254911
2025-03-22 17:02:07.431,1.2005386945297027
2025-03-22 17:02:07.441,5.930061230245894
2025-03-22 17:02:07.441,3.114388506359224
2025-03-22 17:02:07.441,-2.3421269405073653
2025-03-22 17:02:07.441,-3.423832451574739
2025-03-22 17:02:07.441,-0.09847517513587889
2025-03-22 17:02:07.451,2.0691824438521538
2025-03-22 17:02:07.451,0.4585293652516145
2025-03-22 17:02:07.451,-1.4952058425498913
2025-03-22 17:02:07.451,-0.241850928560671
2025-03-22 17:02:07.451,2.320243471650967
2025-03-22 17:02:07.460,1.6842060715837535
2025-03-22 17:02:07.461,-2.4512778036441225
2025-03-22 17:02:07.461,-5.063085199330201
2025-03-22 17:02:07.461,-1.9296456618723379
2025-03-22 17:02:07.461,4.744034733747948
2025-03-22 17:02:07.470,8.012458531695886
2025-03-22 17:02:07.471,3.50396360911341
2025-03-22 17:02:07.471,-5.4043118195245645
2025-03-22 17:02:07.471,-10.280274139467114
2025-03-22 17:02:07.471,-5.949817023773841
2025-03-22 17:02:07.479,4.00692757270911
2025-03-22 17:02:07.479,10.510675178150098
2025-03-22 17:02:07.479,7.743067859532917
2025-03-22 17:02:07.480,-1.4906162724949763
2025-03-22 17:02:07.480,-8.72520301615447
2025-03-22 17:02:07.489,-7.775297621970292
2025-03-22 17:02:07.489,-0.25595898080550883
2025-03-22 17:02:07.489,6.226271693796461
2025-03-22 17:02:07.490,5.705826710064904
2025-03-22 17:02:07.490,-0.11033581150649363
2025-03-22 17:02:07.499,-4.1046992881682245
2025-03-22 17:02:07.499,-2.080876810170859
2025-03-22 17:02:07.499,2.5599643164916843
2025-03-22 17:02:07.499,3.2801450217108115
2025-03-22 17:02:07.509,-1.5741528836992684
2025-03-22 17:02:07.509,-6.503984278880509
2025-03-22 17:02:07.509,-4.696380689256857
2025-03-22 17:02:07.509,3.989285463211641
2025-03-22 17:02:07.509,11.132482212547561
2025-03-22 17:02:07.519,7.558084788020906
2025-03-22 17:02:07.519,-5.435802734871558
2025-03-22 17:02:07.519,-14.703810501640694
2025-03-22 17:02:07.519,-8.910143306598625
2025-03-22 17:02:07.519,6.9035826064729
2025-03-22 17:02:07.527,15.277267723081657
2025-03-22 17:02:07.527,6.708167972305398
2025-03-22 17:02:07.527,-8.465122163029733
2025-03-22 17:02:07.527,-12.599190562257915
2025-03-22 17:02:07.537,-2.135616595757145
2025-03-22 17:02:07.537,9.236417316385136
2025-03-22 17:02:07.537,8.431064390589889
2025-03-22 17:02:07.537,-1.899222225921171
2025-03-22 17:02:07.537,-8.70996837626264
2025-03-22 17:02:07.547,-4.988955005617049
2025-03-22 17:02:07.547,3.581441945757412
2025-03-22 17:02:07.547,7.249643087694664
2025-03-22 17:02:07.547,3.275392652165265
2025-03-22 17:02:07.547,-2.9563231982879357
2025-03-22 17:02:07.556,-5.317862232363659
2025-03-22 17:02:07.557,-2.8787499997168076
2025-03-22 17:02:07.557,1.0234535359364925
2025-03-22 17:02:07.557,3.2151275522164453
2025-03-22 17:02:07.557,2.954943140387102
2025-03-22 17:02:07.566,1.00657101800085
2025-03-22 17:02:07.567,-1.550898365223283
2025-03-22 17:02:07.567,-3.2165314470483657
2025-03-22 17:02:07.567,-2.326018823101919
2025-03-22 17:02:07.567,1.1166499312288223
2025-03-22 17:02:07.575,4.188345883010097
2025-03-22 17:02:07.575,3.1594987605681304
2025-03-22 17:02:07.575,-2.1652412667362624
2025-03-22 17:02:07.576,-6.715455044557153
2025-03-22 17:02:07.576,-4.4126922612480035
2025-03-22 17:02:07.585,4.452907243262066
2025-03-22 17:02:07.585,11.02407205812117
2025-03-22 17:02:07.585,6.18146791517867
2025-03-22 17:02:07.586,-7.577754630760466
2025-03-22 17:02:07.595,-15.777260458549481
2025-03-22 17:02:07.595,-7.3898157974902245
2025-03-22 17:02:07.595,10.585168192863746
2025-03-22 17:02:07.595,18.80070175852839
2025-03-22 17:02:07.595,7.27380082021262
2025-03-22 17:02:07.603,-12.29497375276388
2025-03-22 17:02:07.603,-19.058026235542656
2025-03-22 17:02:07.603,-6.166384559652264
2025-03-22 17:02:07.604,12.18520637928937
2025-03-22 17:02:07.612,17.062120893343355
2025-03-22 17:02:07.613,4.947619624208474
2025-03-22 17:02:07.613,-10.32207247042363
2025-03-22 17:02:07.613,-13.761511146756982
2025-03-22 17:02:07.613,-4.192944306318234
2025-03-22 17:02:07.623,7.118169142888408
2025-03-22 17:02:07.623,9.72242291478812
2025-03-22 17:02:07.623,3.556745024194685
2025-03-22 17:02:07.623,-3.5688228495359993
2025-03-22 17:02:07.623,-5.172998021121381
2025-03-22 17:02:07.633,-1.7793080525081373
2025-03-22 17:02:07.633,1.2586987741505913
2025-03-22 17:02:07.633,0.30154806386570027
2025-03-22 17:02:07.633,-2.428059499061679
2025-03-22 17:02:07.633,-1.5456472346016354
2025-03-22 17:02:07.642,4.250706475738627
2025-03-22 17:02:07.643,8.788321480705374
2025-03-22 17:02:07.643,4.596059031924598
2025-03-22 17:02:07.643,-7.054937687136178
2025-03-22 17:02:07.643,-14.86390590458121
2025-03-22 17:02:07.651,-8.929007813485162
2025-03-22 17:02:07.651,7.0082324829303975
2025-03-22 17:02:07.651,17.589720630271778
2025-03-22 17:02:07.651,11.735095443885424
2025-03-22 17:02:07.660,-4.877824865494117
2025-03-22 17:02:07.661,-15.527342992904249
2025-03-22 17:02:07.661,-10.567368450842165
2025-03-22 17:02:07.661,2.7445316967218325
2025-03-22 17:02:07.661,9.873635973899791
2025-03-22 17:02:07.671,5.782501123433063
2025-03-22 17:02:07.671,-1.5970233418525432
2025-03-22 17:02:07.671,-3.6046967516410398
2025-03-22 17:02:07.671,-1.0452619580158848
2025-03-22 17:02:07.671,0.2803506550585243
2025-03-22 17:02:07.681,-0.5814070692807953
2025-03-22 17:02:07.681,0.10335644230378219
2025-03-22 17:02:07.681,2.583008726961546
2025-03-22 17:02:07.681,2.0589791700429227
2025-03-22 17:02:07.681,-3.0674840783867015
2025-03-22 17:02:07.690,-6.5268180278153185
2025-03-22 17:02:07.691,-1.9596707116785048
2025-03-22 17:02:07.691,6.996770047704012
2025-03-22 17:02:07.691,9.51505089059121
2025-03-22 17:02:07.691,1.2623126331261318
2025-03-22 17:02:07.699,-8.992020728631232
2025-03-22 17:02:07.699,-9.589992218494482
2025-03-22 17:02:07.699,-0.33052645916685797
2025-03-22 17:02:07.699,7.74180476175286
2025-03-22 17:02:07.709,6.411414015139001
2025-03-22 17:02:07.709,-0.5563255289801403
2025-03-22 17:02:07.709,-4.043104807093466
2025-03-22 17:02:07.709,-1.424195047586232
2025-03-22 17:02:07.709,1.8169175575869299
2025-03-22 17:02:07.719,0.5957549788074282
2025-03-22 17:02:07.719,-3.4362381567671973
2025-03-22 17:02:07.719,-4.54241693349059
2025-03-22 17:02:07.719,0.16076757153853208
2025-03-22 17:02:07.719,7.070215948065463
2025-03-22 17:02:07.729,8.837425483845935
2025-03-22 17:02:07.729,1.5915289120704252
2025-03-22 17:02:07.729,-9.436349393282313
2025-03-22 17:02:07.729,-13.082774787426915
2025-03-22 17:02:07.729,-3.7697229785760538
2025-03-22 17:02:07.737,10.586887307674822
2025-03-22 17:02:07.737,15.358977694239217
2025-03-22 17:02:07.737,5.015580585985044
2025-03-22 17:02:07.737,-10.14773102144535
2025-03-22 17:02:07.746,-14.878772609109763
2025-03-22 17:02:07.747,-5.225555823976747
2025-03-22 17:02:07.747,8.083725375483574
2025-03-22 17:02:07.747,11.970327004311724
2025-03-22 17:02:07.747,4.422170477446797
2025-03-22 17:02:07.757,-5.228514236622508
2025-03-22 17:02:07.757,-7.636335044739807
2025-03-22 17:02:07.757,-2.7143632817371435
2025-03-22 17:02:07.757,2.5868284457515105
2025-03-22 17:02:07.757,3.3419940090545834
2025-03-22 17:02:07.765,1.0399188649133013
2025-03-22 17:02:07.765,-0.5189222469068607
2025-03-22 17:02:07.765,-0.535289492028853
2025-03-22 17:02:07.766,-0.676086793968405
2025-03-22 17:02:07.775,-1.213298384239798
2025-03-22 17:02:07.775,-0.49770021081335586
2025-03-22 17:02:07.775,1.8228529050557352
2025-03-22 17:02:07.775,3.2291402010392245
2025-03-22 17:02:07.776,1.052135957160938
2025-03-22 17:02:07.776,-3.732267199078522
2025-03-22 17:02:07.785,-6.265642183374279
2025-03-22 17:02:07.785,-2.392024727240469
2025-03-22 17:02:07.785,5.7882968261504715
2025-03-22 17:02:07.785,10.14257835383095
2025-03-22 17:02:07.794,4.607501002940012
2025-03-22 17:02:07.795,-6.911395433960284
2025-03-22 17:02:07.795,-13.26824272596361
2025-03-22 17:02:07.795,-7.698679987607459
2025-03-22 17:02:07.795,5.09738985119793
2025-03-22 17:02:07.803,14.120666340419747
2025-03-22 17:02:07.803,12.194934983369482
2025-03-22 17:02:07.803,0.574466378859745
2025-03-22 17:02:07.803,-12.864612928159195
2025-03-22 17:02:07.812,-17.85699110184839
2025-03-22 17:02:07.813,-8.232290875352646
2025-03-22 17:02:07.813,10.660365357883414
2025-03-22 17:02:07.813,22.537929687105823
2025-03-22 17:02:07.813,14.38585422494299
2025-03-22 17:02:07.821,-8.024207474022614
2025-03-22 17:02:07.821,-23.251970892868655
2025-03-22 17:02:07.821,-16.23605597862888
2025-03-22 17:02:07.821,5.117493994761637
2025-03-22 17:02:07.831,18.82194961854586
2025-03-22 17:02:07.831,12.963588833066934
2025-03-22 17:02:07.831,-2.9695434782460537
2025-03-22 17:02:07.831,-11.176714513099295
2025-03-22 17:02:07.831,-5.785607288428277
2025-03-22 17:02:07.840,3.0949981754501708
2025-03-22 17:02:07.841,3.774401212991989
2025-03-22 17:02:07.841,-2.8882415767368546
2025-03-22 17:02:07.841,-5.917884045955015
2025-03-22 17:02:07.841,0.9496325942674932
2025-03-22 17:02:07.849,10.474196544113056
2025-03-22 17:02:07.849,10.027230352882679
2025-03-22 17:02:07.849,-2.6821212490714714
2025-03-22 17:02:07.849,-15.098451511135579
2025-03-22 17:02:07.858,-12.985502007660536
2025-03-22 17:02:07.859,2.915497111669614
2025-03-22 17:02:07.859,16.252430032004447
2025-03-22 17:02:07.859,12.671122640713238
2025-03-22 17:02:07.859,-3.715357742038733
2025-03-22 17:02:07.867,-14.661738392428061
2025-03-22 17:02:07.867,-8.73466993012155
2025-03-22 17:02:07.867,5.835961364530905
2025-03-22 17:02:07.868,11.77489127958559
2025-03-22 17:02:07.868,3.3855681132753146
2025-03-22 17:02:07.877,-8.038432489067766
2025-03-22 17:02:07.877,-9.130070057302769
2025-03-22 17:02:07.877,0.14741596189804096
2025-03-22 17:02:07.878,8.549911806323044
2025-03-22 17:02:07.878,7.676546366169647
2025-03-22 17:02:07.887,-0.10162028578118054
2025-03-22 17:02:07.887,-6.827421189438828
2025-03-22 17:02:07.887,-7.6577513088769
2025-03-22 17:02:07.887,-3.12099248126482
2025-03-22 17:02:07.896,3.668864125378981
2025-03-22 17:02:07.897,8.740248952320922
2025-03-22 17:02:07.897,7.855916901197849
2025-03-22 17:02:07.897,-0.2592673341340138
2025-03-22 17:02:07.897,-10.059333647203937
2025-03-22 17:02:07.905,-11.993730131665295
2025-03-22 17:02:07.905,-2.4605888159975158
2025-03-22 17:02:07.905,10.319256799939394
2025-03-22 17:02:07.906,13.749218501281977
2025-03-22 17:02:07.906,4.4052203084167605
2025-03-22 17:02:07.915,-8.381035344149328
2025-03-22 17:02:07.915,-12.840435987394242
2025-03-22 17:02:07.915,-6.256533193186943
2025-03-22 17:02:07.915,4.38435933816547
2025-03-22 17:02:07.924,10.388144957660687
2025-03-22 17:02:07.925,8.16908771937107
2025-03-22 17:02:07.925,0.20213713454292148
2025-03-22 17:02:07.925,-7.6633460113449186
2025-03-22 17:02:07.925,-9.678203434200656
2025-03-22 17:02:07.935,-3.776484587590433
2025-03-22 17:02:07.935,5.916217247997447
2025-03-22 17:02:07.935,10.855569207934497
2025-03-22 17:02:07.935,5.380283317130325
2025-03-22 17:02:07.935,-6.202065092687713
2025-03-22 17:02:07.943,-12.014253257554055
2025-03-22 17:02:07.943,-5.004170977868392
2025-03-22 17:02:07.943,7.930672102813542
2025-03-22 17:02:07.944,12.628954668406019
2025-03-22 17:02:07.944,3.8530302662148417
2025-03-22 17:02:07.953,-8.639782372092826
2025-03-22 17:02:07.953,-11.731082164406722
2025-03-22 17:02:07.953,-3.538723277339999
2025-03-22 17:02:07.953,6.315519450176153
2025-03-22 17:02:07.963,8.825842597005769
2025-03-22 17:02:07.963,4.201080113424476
2025-03-22 17:02:07.963,-1.3973573747871137
2025-03-22 17:02:07.963,-3.9411458707831986
2025-03-22 17:02:07.963,-4.165197384387785
2025-03-22 17:02:07.973,-3.7935245328374663
2025-03-22 17:02:07.973,-2.191578730173583
2025-03-22 17:02:07.973,1.9749953151746051
2025-03-22 17:02:07.973,6.928688520539697
2025-03-22 17:02:07.973,7.774077424960479
2025-03-22 17:02:07.982,1.697474552089831
2025-03-22 17:02:07.983,-7.225435827113973
2025-03-22 17:02:07.983,-10.44851549057015
2025-03-22 17:02:07.983,-3.938596863746151
2025-03-22 17:02:07.983,6.021280423072576
2025-03-22 17:02:07.992,8.700903081192157
2025-03-22 17:02:07.993,1.5279374560021615
2025-03-22 17:02:07.993,-5.916445575038268
2025-03-22 17:02:07.993,-3.425426172842175
2025-03-22 17:02:07.993,5.963861144212959
2025-03-22 17:02:08.001,8.553333345459706
2025-03-22 17:02:08.001,-2.1049647686659974
2025-03-22 17:02:08.001,-14.713380802220007
2025-03-22 17:02:08.001,-12.690269533965477
2025-03-22 17:02:08.010,4.592197889103674
2025-03-22 17:02:08.011,19.153445611945166
2025-03-22 17:02:08.011,14.962142559181466
2025-03-22 17:02:08.011,-3.3772914010588586
2025-03-22 17:02:08.011,-16.547230813519867
2025-03-22 17:02:08.019,-12.83013850811325
2025-03-22 17:02:08.019,0.5909312234233579
2025-03-22 17:02:08.019,8.901494543992534
2025-03-22 17:02:08.020,6.877567119573205
2025-03-22 17:02:08.020,1.2322324141537389
2025-03-22 17:02:08.029,-0.937541708747755
2025-03-22 17:02:08.029,-0.25090774720850423
2025-03-22 17:02:08.029,-1.0008844221028457
2025-03-22 17:02:08.029,-3.607470344920809
2025-03-22 17:02:08.039,-4.220984709063133
2025-03-22 17:02:08.039,-0.507226630413914
2025-03-22 17:02:08.039,4.625843516972284
2025-03-22 17:02:08.039,5.775787518818429
2025-03-22 17:02:08.039,1.1547903749079076
2025-03-22 17:02:08.049,-4.70206372968277
2025-03-22 17:02:08.049,-5.3506766281189035
2025-03-22 17:02:08.049,0.18859272350618483
2025-03-22 17:02:08.049,5.771602981072017
2025-03-22 17:02:08.049,4.877331784543446
2025-03-22 17:02:08.059,-1.9037583337387927
2025-03-22 17:02:08.059,-7.454325242153216
2025-03-22 17:02:08.059,-5.8459594744164685
2025-03-22 17:02:08.059,1.6314565028810981
2025-03-22 17:02:08.059,8.03004413547193
2025-03-22 17:02:08.069,7.501760484449635
2025-03-22 17:02:08.069,0.6238127333697645
2025-03-22 17:02:08.069,-6.296123968112656
2025-03-22 17:02:08.069,-7.257119949315569
2025-03-22 17:02:08.069,-2.335875046801171
2025-03-22 17:02:08.079,2.8241084961983653
2025-03-22 17:02:08.079,3.547671130748631
2025-03-22 17:02:08.079,1.159411856523192
2025-03-22 17:02:08.079,0.2891817349883494
2025-03-22 17:02:08.079,2.0699685273303476
2025-03-22 17:02:08.088,2.5953316545879668
2025-03-22 17:02:08.089,-1.0970257538677204
2025-03-22 17:02:08.089,-5.994085148848018
2025-03-22 17:02:08.089,-6.358543316769441
2025-03-22 17:02:08.089,-0.8867590894575701
2025-03-22 17:02:08.099,5.738322291290885
2025-03-22 17:02:08.099,8.070969930135341
2025-03-22 17:02:08.099,4.64971174068719
2025-03-22 17:02:08.099,-2.022655081161065
2025-03-22 17:02:08.099,-7.678786482472228
2025-03-22 17:02:08.109,-8.243409958015166
2025-03-22 17:02:08.109,-2.446043843236668
2025-03-22 17:02:08.109,5.892441263289665
2025-03-22 17:02:08.109,9.877969021521269
2025-03-22 17:02:08.109,5.792352603925055
2025-03-22 17:02:08.117,-2.9794383512832403
2025-03-22 17:02:08.117,-9.099900952997867
2025-03-22 17:02:08.117,-7.913891135457757
2025-03-22 17:02:08.117,-0.7621378064045662
2025-03-22 17:02:08.127,6.82694361123
2025-03-22 17:02:08.127,9.172858800895385
2025-03-22 17:02:08.127,4.246803070041105
2025-03-22 17:02:08.127,-4.272565484076259
2025-03-22 17:02:08.127,-9.107767151774876
2025-03-22 17:02:08.137,-5.824557721014826
2025-03-22 17:02:08.137,2.2198406179779218
2025-03-22 17:02:08.137,6.95228073578581
2025-03-22 17:02:08.137,4.339985713362941
2025-03-22 17:02:08.137,-1.3529676597716027
2025-03-22 17:02:08.147,-3.1885341107733653
2025-03-22 17:02:08.147,-0.12520560947558979
2025-03-22 17:02:08.147,2.255450960242611
2025-03-22 17:02:08.147,-0.3381939455981937
2025-03-22 17:02:08.147,-4.783986731133232
2025-03-22 17:02:08.157,-4.442298631408852
2025-03-22 17:02:08.157,1.8623335220522244
2025-03-22 17:02:08.157,7.6412687572136875
2025-03-22 17:02:08.157,6.377832373147659
2025-03-22 17:02:08.157,-0.813017805947944
2025-03-22 17:02:08.167,-6.8928884312779255
2025-03-22 17:02:08.167,-6.885658368940456
2025-03-22 17:02:08.167,-2.035539994638019
2025-03-22 17:02:08.167,3.2237032058392843
2025-03-22 17:02:08.167,5.770142927864887
2025-03-22 17:02:08.176,4.853952220069374
2025-03-22 17:02:08.177,1.20654395424856
2025-03-22 17:02:08.177,-3.1623081522007874
2025-03-22 17:02:08.177,-5.473613136825441
2025-03-22 17:02:08.177,-4.213267722098966
2025-03-22 17:02:08.187,-0.5343452545516341
2025-03-22 17:02:08.187,3.0297369073808538
2025-03-22 17:02:08.187,4.703373470807609
2025-03-22 17:02:08.187,3.8968238293062134
2025-03-22 17:02:08.187,0.7903550761986715
2025-03-22 17:02:08.197,-3.1559111760935457
2025-03-22 17:02:08.197,-5.122977123884805
2025-03-22 17:02:08.197,-3.212756129887559
2025-03-22 17:02:08.197,1.069123346449418
2025-03-22 17:02:08.197,3.9457152803974465
2025-03-22 17:02:08.205,3.286065162648539
2025-03-22 17:02:08.205,0.4192560915016876
2025-03-22 17:02:08.205,-1.9814906315062741
2025-03-22 17:02:08.206,-2.501246090734724
2025-03-22 17:02:08.215,-1.222572872428148
2025-03-22 17:02:08.215,0.9795681956067323
2025-03-22 17:02:08.215,2.454637179961525
2025-03-22 17:02:08.215,1.5478843642721307
2025-03-22 17:02:08.215,-1.212632892044664
2025-03-22 17:02:08.225,-2.7646194931438464
2025-03-22 17:02:08.225,-1.0774677997934785
2025-03-22 17:02:08.225,1.6681440509527727
2025-03-22 17:02:08.225,1.6694633180502378
2025-03-22 17:02:08.225,-0.8516577380372929
2025-03-22 17:02:08.235,-1.4114641065811762
2025-03-22 17:02:08.235,1.9703458401746434
2025-03-22 17:02:08.235,4.467130875275631
2025-03-22 17:02:08.235,0.3622406103073789
2025-03-22 17:02:08.235,-7.522799075956081
2025-03-22 17:02:08.245,-8.900085091522428
2025-03-22 17:02:08.245,1.0141742169877084
2025-03-22 17:02:08.245,12.82768109705469
2025-03-22 17:02:08.245,12.205381227172422
2025-03-22 17:02:08.245,-2.2342211560907654
2025-03-22 17:02:08.253,-15.296449541485291
2025-03-22 17:02:08.253,-12.432722687245347
2025-03-22 17:02:08.253,2.857908450357564
2025-03-22 17:02:08.254,13.483135802598412
2025-03-22 17:02:08.263,9.247362942300565
2025-03-22 17:02:08.263,-2.556670485907218
2025-03-22 17:02:08.263,-8.230428187808865
2025-03-22 17:02:08.263,-4.2195774409418
2025-03-22 17:02:08.263,1.5284709011310014
2025-03-22 17:02:08.273,2.045228285407021
2025-03-22 17:02:08.273,-0.5336276541415823
2025-03-22 17:02:08.273,-0.444546884437867
2025-03-22 17:02:08.273,2.573260491093229
2025-03-22 17:02:08.274,3.4788715381373145
2025-03-22 17:02:08.283,-0.13908231241541397
2025-03-22 17:02:08.283,-4.34013002407311
2025-03-22 17:02:08.283,-4.128774930686308
2025-03-22 17:02:08.283,0.13787110103054373
2025-03-22 17:02:08.283,3.6635217291442963
2025-03-22 17:02:08.293,3.2431345627038572
2025-03-22 17:02:08.293,0.23313478437852286
2025-03-22 17:02:08.293,-2.1104546888666773
2025-03-22 17:02:08.293,-2.1979707073012467
2025-03-22 17:02:08.293,-0.6621715006353946
2025-03-22 17:02:08.303,0.973880722033365
2025-03-22 17:02:08.303,1.4312718070319066
2025-03-22 17:02:08.303,0.5823884739881855
2025-03-22 17:02:08.303,-0.24008712476751107
2025-03-22 17:02:08.303,0.15830983470017668
2025-03-22 17:02:08.313,0.7346855866853579
2025-03-22 17:02:08.313,-0.6836799232527218
2025-03-22 17:02:08.313,-3.504282412210192
2025-03-22 17:02:08.313,-3.6010759189450816
2025-03-22 17:02:08.313,1.4750155833771048
2025-03-22 17:02:08.321,7.582382410625554
2025-03-22 17:02:08.321,7.269806125583682
2025-03-22 17:02:08.321,-1.1355910630203714
2025-03-22 17:02:08.322,-9.97685661264521
2025-03-22 17:02:08.322,-9.942435928318817
2025-03-22 17:02:08.331,-0.5587006491122766
2025-03-22 17:02:08.331,9.038542677551252
2025-03-22 17:02:08.331,9.996597179676579
2025-03-22 17:02:08.331,2.666802442467879
2025-03-22 17:02:08.341,-5.15230021755344
2025-03-22 17:02:08.341,-7.2482391516322515
2025-03-22 17:02:08.341,-4.208279669755027
2025-03-22 17:02:08.341,-0.07732576994008336
2025-03-22 17:02:08.341,3.119325656617686
2025-03-22 17:02:08.351,5.366372528060188
2025-03-22 17:02:08.351,5.149579293079443
2025-03-22 17:02:08.351,0.22977978497812507
2025-03-22 17:02:08.351,-7.022147526306419
2025-03-22 17:02:08.351,-9.04617559933846
2025-03-22 17:02:08.360,-1.5860982359022855
2025-03-22 17:02:08.361,8.979247564695362
2025-03-22 17:02:08.361,11.225299710413536
2025-03-22 17:02:08.361,2.018196353905751
2025-03-22 17:02:08.361,-9.389835237622057
2025-03-22 17:02:08.369,-11.867546157579712
2025-03-22 17:02:08.369,-3.9339368618109
2025-03-22 17:02:08.369,6.728859194660909
2025-03-22 17:02:08.370,11.912816196704473
2025-03-22 17:02:08.379,8.385380810093272
2025-03-22 17:02:08.379,-1.902700398268688
2025-03-22 17:02:08.379,-12.355336555592915
2025-03-22 17:02:08.379,-13.902997846216259
2025-03-22 17:02:08.379,-2.5770849713878308
2025-03-22 17:02:08.387,13.249453295860707
2025-03-22 17:02:08.387,17.913005030020162
2025-03-22 17:02:08.387,4.945988290687009
2025-03-22 17:02:08.387,-13.53261448085385
2025-03-22 17:02:08.397,-18.457717573759464
2025-03-22 17:02:08.397,-4.970007563732773
2025-03-22 17:02:08.397,12.061761719565727
2025-03-22 17:02:08.397,15.177390877005609
2025-03-22 17:02:08.397,3.438500250419894
2025-03-22 17:02:08.405,-8.774060143694893
2025-03-22 17:02:08.405,-9.666288458084825
2025-03-22 17:02:08.405,-1.7590477634771928
2025-03-22 17:02:08.406,4.651095052186928
2025-03-22 17:02:08.415,4.602282923483874
2025-03-22 17:02:08.415,1.3681565073001138
2025-03-22 17:02:08.415,-0.868920406603062
2025-03-22 17:02:08.415,-1.9348277449754414
2025-03-22 17:02:08.416,-2.7849133506654478
2025-03-22 17:02:08.425,-2.0938207633617063
2025-03-22 17:02:08.425,1.4903443067879947
2025-03-22 17:02:08.425,5.523339735225014
2025-03-22 17:02:08.425,5.097674642352134
2025-03-22 17:02:08.425,-1.419685576750619
2025-03-22 17:02:08.435,-8.965827218488283
2025-03-22 17:02:08.435,-9.349417895211483
2025-03-22 17:02:08.435,0.29238829240914177
2025-03-22 17:02:08.435,12.297430538506626
2025-03-22 17:02:08.435,14.121090226076449
2025-03-22 17:02:08.443,1.741287584771448
2025-03-22 17:02:08.443,-13.790780741430208
2025-03-22 17:02:08.443,-16.69122568691116
2025-03-22 17:02:08.444,-3.7345554356646256
2025-03-22 17:02:08.453,11.871624178800454
2025-03-22 17:02:08.453,15.080934589142558
2025-03-22 17:02:08.453,4.7466391998823205
2025-03-22 17:02:08.453,-7.166640121301441
2025-03-22 17:02:08.453,-9.826053109857463
2025-03-22 17:02:08.463,-3.819895625839666
2025-03-22 17:02:08.463,2.368710177108487
2025-03-22 17:02:08.463,3.0226023369483226
2025-03-22 17:02:08.463,0.39411570667043105
2025-03-22 17:02:08.463,0.06598020663580662
2025-03-22 17:02:08.473,3.1684924157911385
2025-03-22 17:02:08.473,4.787576089199755
2025-03-22 17:02:08.473,0.42567068245905704
2025-03-22 17:02:08.473,-7.1602056082181935
2025-03-22 17:02:08.473,-9.624402399243882
2025-03-22 17:02:08.483,-2.527680205506927
2025-03-22 17:02:08.483,8.241802083512093
2025-03-22 17:02:08.483,11.81245853142328
2025-03-22 17:02:08.483,4.251686238433238
2025-03-22 17:02:08.483,-6.861073250763977
2025-03-22 17:02:08.492,-10.722295156559603
2025-03-22 17:02:08.493,-4.588935907356966
2025-03-22 17:02:08.493,4.549529246215776
2025-03-22 17:02:08.493,8.200240965384133
2025-03-22 17:02:08.493,4.220556713137434
2025-03-22 17:02:08.501,-2.874176938133936
2025-03-22 17:02:08.501,-6.851294136182209
2025-03-22 17:02:08.502,-4.46470995912998
2025-03-22 17:02:08.502,2.376245485849877
2025-03-22 17:02:08.502,7.550380054057979
2025-03-22 17:02:08.511,5.525074555983147
2025-03-22 17:02:08.511,-2.6333186044122887
2025-03-22 17:02:08.512,-8.90131927388976
2025-03-22 17:02:08.512,-6.286320482853599
2025-03-22 17:02:08.521,2.8780135332669645
2025-03-22 17:02:08.521,8.893944088642769
2025-03-22 17:02:08.521,5.626480546009544
2025-03-22 17:02:08.521,-2.637307594563957
2025-03-22 17:02:08.522,-6.7355475703986585
2025-03-22 17:02:08.531,-3.36494860414891
2025-03-22 17:02:08.531,2.140754208186898
2025-03-22 17:02:08.531,3.3060605541077623
2025-03-22 17:02:08.531,0.13612914746330235
2025-03-22 17:02:08.532,-2.0331948853002553
2025-03-22 17:02:08.541,0.025553879668192503
2025-03-22 17:02:08.541,3.2280368031307565
2025-03-22 17:02:08.541,2.3319715358787736
2025-03-22 17:02:08.541,-2.671555439456463
2025-03-22 17:02:08.541,-5.640997043822772
2025-03-22 17:02:08.551,-2.0387431429045026
2025-03-22 17:02:08.551,4.357100602458271
2025-03-22 17:02:08.551,5.635668561106247
2025-03-22 17:02:08.551,0.27377870787869435
2025-03-22 17:02:08.552,-4.484240895347202
2025-03-22 17:02:08.561,-2.491896675091953
2025-03-22 17:02:08.561,2.6801305027807656
2025-03-22 17:02:08.561,2.9063005268164304
2025-03-22 17:02:08.561,-2.5617083147545068
2025-03-22 17:02:08.561,-5.587190892185101
2025-03-22 17:02:08.571,-0.641717821948254
2025-03-22 17:02:08.571,6.846206756271346
2025-03-22 17:02:08.571,7.212530415999323
2025-03-22 17:02:08.571,-0.758225360311941
2025-03-22 17:02:08.571,-8.19543988584197
2025-03-22 17:02:08.581,-7.121280422838528
2025-03-22 17:02:08.581,0.5824307443257287
2025-03-22 17:02:08.581,6.540397444305848
2025-03-22 17:02:08.581,5.652348016798119
2025-03-22 17:02:08.581,0.3695319971742437
2025-03-22 17:02:08.591,-3.5309572712896
2025-03-22 17:02:08.591,-3.1990727603052496
2025-03-22 17:02:08.591,-0.5721491006709375
2025-03-22 17:02:08.591,0.7555324779830995
2025-03-22 17:02:08.591,-0.19119779960788105
2025-03-22 17:02:08.601,-0.833671350584641
2025-03-22 17:02:08.601,1.288033171383471
2025-03-22 17:02:08.601,4.342850933717765
2025-03-22 17:02:08.601,3.437969384559014
2025-03-22 17:02:08.602,-2.845828758263482
2025-03-22 17:02:08.611,-8.609384886909584
2025-03-22 17:02:08.611,-6.098997386705212
2025-03-22 17:02:08.611,4.341708465445551
2025-03-22 17:02:08.611,12.315640831643426
2025-03-22 17:02:08.611,8.011170402141062
2025-03-22 17:02:08.619,-5.7638948764243265
2025-03-22 17:02:08.619,-15.034957409544237
2025-03-22 17:02:08.620,-9.425922582854199
2025-03-22 17:02:08.620,6.137840112871062
2025-03-22 17:02:08.620,16.220452485480354
2025-03-22 17:02:08.629,10.891519670858699
2025-03-22 17:02:08.629,-4.395719573438777
2025-03-22 17:02:08.629,-14.914321029743624
2025-03-22 17:02:08.629,-11.530853819388788
2025-03-22 17:02:08.639,1.0674404836022782
2025-03-22 17:02:08.639,10.41308918383737
2025-03-22 17:02:08.639,9.309412834121234
2025-03-22 17:02:08.639,1.7861738030143717
2025-03-22 17:02:08.639,-3.5756108495276826
2025-03-22 17:02:08.649,-3.771468912867349
2025-03-22 17:02:08.649,-2.579878089883372
2025-03-22 17:02:08.649,-3.007739363020516
2025-03-22 17:02:08.649,-2.664546720749028
2025-03-22 17:02:08.649,1.4910093839739007
2025-03-22 17:02:08.659,6.744087854666967
2025-03-22 17:02:08.659,6.782667570823822
2025-03-22 17:02:08.659,0.10611285453029418
2025-03-22 17:02:08.659,-6.947781209388767
2025-03-22 17:02:08.659,-7.1671311518411605
2025-03-22 17:02:08.669,-0.7889852544833392
2025-03-22 17:02:08.669,5.057727116299007
2025-03-22 17:02:08.669,4.708112924383611
2025-03-22 17:02:08.669,-0.1142922781315952
2025-03-22 17:02:08.669,-3.2485327591982687
2025-03-22 17:02:08.679,-1.541536817977902
2025-03-22 17:02:08.679,2.1123583504016676
2025-03-22 17:02:08.679,2.8934387843126017
2025-03-22 17:02:08.679,-0.26695151240040926
2025-03-22 17:02:08.679,-3.864486141349852
2025-03-22 17:02:08.689,-3.9224559504656953
2025-03-22 17:02:08.689,-0.018749844919498326
2025-03-22 17:02:08.689,4.4894224114041785
2025-03-22 17:02:08.689,5.4488375814783785
2025-03-22 17:02:08.689,1.3916066897378871
2025-03-22 17:02:08.697,-4.725878720850347
2025-03-22 17:02:08.697,-7.119751279006436
2025-03-22 17:02:08.698,-2.2987003328488558
2025-03-22 17:02:08.698,6.09049049000228
2025-03-22 17:02:08.698,9.135042483735154
2025-03-22 17:02:08.707,2.0569344367611024
2025-03-22 17:02:08.707,-8.648905396276872
2025-03-22 17:02:08.707,-10.85659313094996
2025-03-22 17:02:08.708,-0.9646526203804568
2025-03-22 17:02:08.717,10.574871349032428
2025-03-22 17:02:08.717,10.807590854569597
2025-03-22 17:02:08.717,-0.3643905331891296
2025-03-22 17:02:08.717,-10.178160774191143
2025-03-22 17:02:08.717,-8.352596996130336
2025-03-22 17:02:08.727,1.472835565983696
2025-03-22 17:02:08.727,7.573518485937189
2025-03-22 17:02:08.727,4.453516612012452
2025-03-22 17:02:08.727,-2.2660954390381174
2025-03-22 17:02:08.727,-4.430558993992994
2025-03-22 17:02:08.736,-0.8670931123901104
2025-03-22 17:02:08.737,3.145550016275888
2025-03-22 17:02:08.737,3.0643006763085863
2025-03-22 17:02:08.737,-0.8562589279062093
2025-03-22 17:02:08.737,-5.019361706384267
2025-03-22 17:02:08.747,-5.246085027673681
2025-03-22 17:02:08.747,0.46300321083378926
2025-03-22 17:02:08.747,8.462519168531637
2025-03-22 17:02:08.747,10.036666684290042
2025-03-22 17:02:08.747,0.4470729004323773
2025-03-22 17:02:08.755,-12.303555625739788
2025-03-22 17:02:08.755,-13.61351709443635
2025-03-22 17:02:08.755,-0.017194913967730763
2025-03-22 17:02:08.756,14.220566156227202
2025-03-22 17:02:08.763,13.085038338102501
2025-03-22 17:02:08.763,-1.7113807339010576
2025-03-22 17:02:08.763,-13.062606664166822
2025-03-22 17:02:08.764,-9.353228991593673
2025-03-22 17:02:08.764,3.040665493148726
2025-03-22 17:02:08.773,9.65827808928072
2025-03-22 17:02:08.773,5.216255220544178
2025-03-22 17:02:08.773,-2.8829617782754715
2025-03-22 17:02:08.774,-5.621370085952175
2025-03-22 17:02:08.783,-2.1838005019668865
2025-03-22 17:02:08.783,1.7820686910851713
2025-03-22 17:02:08.783,2.2081952723778584
2025-03-22 17:02:08.783,0.29411434503195777
2025-03-22 17:02:08.783,-0.8301934114242081
2025-03-22 17:02:08.793,-0.33958052327900407
2025-03-22 17:02:08.793,0.4580043708725823
2025-03-22 17:02:08.793,0.7958709123819885
2025-03-22 17:02:08.793,0.8790414439457408
2025-03-22 17:02:08.794,0.1895092705782649
2025-03-22 17:02:08.803,-2.0857302991930426
2025-03-22 17:02:08.803,-4.201568996245896
2025-03-22 17:02:08.803,-2.180051987444521
2025-03-22 17:02:08.804,4.46389729253447
2025-03-22 17:02:08.804,9.162997199084156
2025-03-22 17:02:08.813,4.629696579617849
2025-03-22 17:02:08.813,-6.773934301612669
2025-03-22 17:02:08.813,-13.106714697319667
2025-03-22 17:02:08.813,-6.1087507734534645
2025-03-22 17:02:08.813,7.887032755657431
2025-03-22 17:02:08.821,13.995041373123579
2025-03-22 17:02:08.821,5.637520226713025
2025-03-22 17:02:08.821,-7.84646402071693
2025-03-22 17:02:08.822,-11.991569744740987
2025-03-22 17:02:08.831,-3.455134123280766
2025-03-22 17:02:08.831,7.227240138921598
2025-03-22 17:02:08.831,8.583685961222795
2025-03-22 17:02:08.831,0.7788996862118934
2025-03-22 17:02:08.832,-6.245318241667315
2025-03-22 17:02:08.841,-5.115052176776096
2025-03-22 17:02:08.841,1.349009068856584
2025-03-22 17:02:08.841,4.968186937998435
2025-03-22 17:02:08.842,2.2117018605981653
2025-03-22 17:02:08.842,-2.614202775347706
2025-03-22 17:02:08.851,-3.5493995621097723
2025-03-22 17:02:08.852,-0.05960824571560458
2025-03-22 17:02:08.852,3.2102216326594246
2025-03-22 17:02:08.852,2.470493450869147
2025-03-22 17:02:08.852,-1.205804424102891
2025-03-22 17:02:08.861,-3.737853159458873
2025-03-22 17:02:08.861,-2.454665442416315
2025-03-22 17:02:08.861,1.5713787160131045
2025-03-22 17:02:08.861,4.573830980796432
2025-03-22 17:02:08.862,3.3761953148062505
2025-03-22 17:02:08.871,-1.335443366523822
2025-03-22 17:02:08.871,-5.024361620022533
2025-03-22 17:02:08.871,-3.8345368797128994
2025-03-22 17:02:08.871,0.8543859883090724
2025-03-22 17:02:08.872,3.931231107850596
2025-03-22 17:02:08.881,2.763165067196003
2025-03-22 17:02:08.881,-0.12761094614128302
2025-03-22 17:02:08.881,-1.3021694610425696
2025-03-22 17:02:08.881,-0.8838114049453365
2025-03-22 17:02:08.881,-0.924110394608035
2025-03-22 17:02:08.891,-1.3168341527511607
2025-03-22 17:02:08.891,-0.29851185753226783
2025-03-22 17:02:08.891,1.7789667925698371
2025-03-22 17:02:08.891,2.346975762756794
2025-03-22 17:02:08.891,0.5805908334873247
2025-03-22 17:02:08.899,-1.354778244841369
2025-03-22 17:02:08.899,-1.7684782290566154
2025-03-22 17:02:08.900,-1.4119124940977756
2025-03-22 17:02:08.900,-0.8675966758357685
2025-03-22 17:02:08.900,0.9681523691784135
2025-03-22 17:02:08.909,3.7279246793074385
2025-03-22 17:02:08.909,3.819341150566293
2025-03-22 17:02:08.910,-0.8853430998475584
2025-03-22 17:02:08.910,-6.332440969214223
2025-03-22 17:02:08.910,-5.952468021967283
2025-03-22 17:02:08.919,1.0432561892135472
2025-03-22 17:02:08.919,7.818613779310622
2025-03-22 17:02:08.919,7.165802777383901
2025-03-22 17:02:08.920,-0.7438090079429156
2025-03-22 17:02:08.929,-8.409302431899327
2025-03-22 17:02:08.929,-8.304387878435085
2025-03-22 17:02:08.929,-0.19460917857000914
2025-03-22 17:02:08.929,8.43651352529585
2025-03-22 17:02:08.930,9.466541081937304
2025-03-22 17:02:08.939,1.945272047041509
2025-03-22 17:02:08.939,-7.214987438532605
2025-03-22 17:02:08.939,-10.056756727527212
2025-03-22 17:02:08.939,-4.572771618444106
2025-03-22 17:02:08.940,4.427519543175276
2025-03-22 17:02:08.949,9.822636693088313
2025-03-22 17:02:08.949,7.451820259778245
2025-03-22 17:02:08.949,-1.010140397545838
2025-03-22 17:02:08.949,-8.903204982689132
2025-03-22 17:02:08.949,-9.431692985145853
2025-03-22 17:02:08.959,-1.7606851847159608
2025-03-22 17:02:08.959,7.39415183268721
2025-03-22 17:02:08.959,9.614423868120578
2025-03-22 17:02:08.959,3.1019459104981215
2025-03-22 17:02:08.960,-5.388082048097872
2025-03-22 17:02:08.969,-7.672010170305076
2025-03-22 17:02:08.969,-2.7099127993768404
2025-03-22 17:02:08.969,3.059090769577859
2025-03-22 17:02:08.969,3.7764017668021195
2025-03-22 17:02:08.970,0.7149769158329253
2025-03-22 17:02:08.979,-0.6139743370202642
2025-03-22 17:02:08.979,1.3143017740809189
2025-03-22 17:02:08.979,1.8434643665640151
2025-03-22 17:02:08.979,-2.3115591702846445
2025-03-22 17:02:08.979,-6.232673337817393
2025-03-22 17:02:08.987,-2.369895424953438
2025-03-22 17:02:08.988,7.001505942829467
2025-03-22 17:02:08.988,9.340870717199861
2025-03-22 17:02:08.988,-1.6051780850599082
2025-03-22 17:02:08.988,-13.820215072805466
2025-03-22 17:02:08.997,-9.926210508977567
2025-03-22 17:02:08.997,8.751023741645167
2025-03-22 17:02:08.997,20.37803077483433
2025-03-22 17:02:08.997,9.016411725298536
2025-03-22 17:02:09.007,-14.118481813875293
2025-03-22 17:02:09.007,-23.068935968374998
2025-03-22 17:02:09.007,-7.984032751643385
2025-03-22 17:02:09.007,14.100360787821383
2025-03-22 17:02:09.007,20.21594550674862
2025-03-22 17:02:09.015,6.819593267066669
2025-03-22 17:02:09.015,-9.562345319763002
2025-03-22 17:02:09.015,-13.135805086140122
2025-03-22 17:02:09.016,-4.599221009004047
2025-03-22 17:02:09.025,3.9492713356960167
2025-03-22 17:02:09.025,4.763993194753619
2025-03-22 17:02:09.025,1.1828738224698432
2025-03-22 17:02:09.025,0.025041535265043602
2025-03-22 17:02:09.026,1.9921445656228782
2025-03-22 17:02:09.035,2.275788347324944
2025-03-22 17:02:09.035,-1.424505233185066
2025-03-22 17:02:09.035,-5.3072952211329945
2025-03-22 17:02:09.036,-4.563523596168248
2025-03-22 17:02:09.036,0.49517514956749653
2025-03-22 17:02:09.045,5.070630623550652
2025-03-22 17:02:09.045,5.380069473456628
2025-03-22 17:02:09.045,1.8701946211941598
2025-03-22 17:02:09.045,-2.4285001676330276
2025-03-22 17:02:09.046,-4.913283645252022
2025-03-22 17:02:09.055,-4.500354495904489
2025-03-22 17:02:09.055,-1.348687636787501
2025-03-22 17:02:09.055,3.112813936368263
2025-03-22 17:02:09.055,6.200456934022077
2025-03-22 17:02:09.056,5.316305837407593
2025-03-22 17:02:09.065,0.20664837444567022
2025-03-22 17:02:09.065,-5.98985324270632
2025-03-22 17:02:09.065,-8.473873381134718
2025-03-22 17:02:09.065,-4.535984592300629
2025-03-22 17:02:09.065,3.5700308920592208
2025-03-22 17:02:09.075,9.598620003256276
2025-03-22 17:02:09.075,8.2551311008492
2025-03-22 17:02:09.075,0.18597918415984432
2025-03-22 17:02:09.075,-8.001177272324025
2025-03-22 17:02:09.075,-9.460394225980831
2025-03-22 17:02:09.085,-3.366201784580173
2025-03-22 17:02:09.085,4.513935950561689
2025-03-22 17:02:09.085,7.4930225719274395
2025-03-22 17:02:09.085,4.0979938598575245
2025-03-22 17:02:09.085,-1.3241269548981582
2025-03-22 17:02:09.095,-3.618835760905183
2025-03-22 17:02:09.095,-1.9246233543570415
2025-03-22 17:02:09.095,0.3307715897659823
2025-03-22 17:02:09.095,0.04050794398709824
2025-03-22 17:02:09.095,-1.812181125821232
2025-03-22 17:02:09.105,-1.604303483602329
2025-03-22 17:02:09.105,1.8971747366407288
2025-03-22 17:02:09.105,5.089350672156494
2025-03-22 17:02:09.105,3.4033368695551633
2025-03-22 17:02:09.105,-2.513170214408677
2025-03-22 17:02:09.115,-6.418234584676947
2025-03-22 17:02:09.115,-3.663639625200662
2025-03-22 17:02:09.115,2.685420901033004
2025-03-22 17:02:09.115,5.313189550957035
2025-03-22 17:02:09.115,1.7634136781301997
2025-03-22 17:02:09.123,-2.7730620445968874
2025-03-22 17:02:09.123,-2.579890111462876
2025-03-22 17:02:09.123,1.301754752324562
2025-03-22 17:02:09.124,3.058285673587439
2025-03-22 17:02:09.133,0.008724306572981538
2025-03-22 17:02:09.133,-4.1237524293182055
2025-03-22 17:02:09.133,-4.087068947712579
2025-03-22 17:02:09.134,0.6916988333865729
2025-03-22 17:02:09.134,5.717736802663616
2025-03-22 17:02:09.143,6.144119140914501
2025-03-22 17:02:09.143,1.0653748253293034
2025-03-22 17:02:09.143,-5.822148907851112
2025-03-22 17:02:09.143,-8.77325038973027
2025-03-22 17:02:09.144,-4.348137876761744
2025-03-22 17:02:09.153,4.811299826073846
2025-03-22 17:02:09.153,10.791225281265337
2025-03-22 17:02:09.153,7.284679093083042
2025-03-22 17:02:09.153,-3.2416523799662547
2025-03-22 17:02:09.153,-10.817270655257566
2025-03-22 17:02:09.163,-8.101740140292112
2025-03-22 17:02:09.163,1.558929697974195
2025-03-22 17:02:09.163,8.085828483126068
2025-03-22 17:02:09.163,6.13191541872102
2025-03-22 17:02:09.163,-0.04465583257967992
2025-03-22 17:02:09.173,-3.445211689984215
2025-03-22 17:02:09.173,-2.5962405524891263
2025-03-22 17:02:09.173,-0.8044697969556367
2025-03-22 17:02:09.173,-0.15853681993941637
2025-03-22 17:02:09.174,-0.028681330694955598
2025-03-22 17:02:09.183,-0.04157040855073557
2025-03-22 17:02:09.183,-0.43110804429900446
2025-03-22 17:02:09.183,0.14759892744490213
2025-03-22 17:02:09.183,2.9629467197495143
2025-03-22 17:02:09.183,5.099361212782351
2025-03-22 17:02:09.193,1.677823598874312
2025-03-22 17:02:09.193,-6.1368387082813225
2025-03-22 17:02:09.193,-9.871123207683478
2025-03-22 17:02:09.193,-3.8484257923500116
2025-03-22 17:02:09.193,6.583339696153141
2025-03-22 17:02:09.201,10.864245364365306
2025-03-22 17:02:09.201,5.470481669276383
2025-03-22 17:02:09.201,-3.3584336531707937
2025-03-22 17:02:09.202,-7.949969509500717
2025-03-22 17:02:09.211,-6.331667409636168
2025-03-22 17:02:09.211,-1.25968950318933
2025-03-22 17:02:09.211,3.7935524273595527
2025-03-22 17:02:09.212,6.137262887455901
2025-03-22 17:02:09.212,4.238752319304266
2025-03-22 17:02:09.212,-0.7751975774186153
2025-03-22 17:02:09.221,-4.870415646021413
2025-03-22 17:02:09.221,-4.463865231221704
2025-03-22 17:02:09.221,-0.2991114329688938
2025-03-22 17:02:09.221,3.1730835764754137
2025-03-22 17:02:09.231,2.7095907050576886
2025-03-22 17:02:09.231,-0.22136239210681521
2025-03-22 17:02:09.231,-1.5897467518046626
2025-03-22 17:02:09.232,-0.006712214546600592
2025-03-22 17:02:09.232,1.5656829621614132
2025-03-22 17:02:09.241,0.004787450805742936
2025-03-22 17:02:09.241,-3.1667859464628605
2025-03-22 17:02:09.241,-3.1131991833201558
2025-03-22 17:02:09.242,1.734787182149217
2025-03-22 17:02:09.242,6.352137082032346
2025-03-22 17:02:09.251,4.465564362514271
2025-03-22 17:02:09.251,-3.223002472507468
2025-03-22 17:02:09.251,-8.63025910421012
2025-03-22 17:02:09.252,-5.291881210955555
2025-03-22 17:02:09.252,3.7942270996760104
2025-03-22 17:02:09.261,9.186356331791911
2025-03-22 17:02:09.261,5.439458359046887
2025-03-22 17:02:09.261,-3.2080668192660724
2025-03-22 17:02:09.261,-7.976790978651977
2025-03-22 17:02:09.262,-4.963781909676267
2025-03-22 17:02:09.271,1.7496145317580514
2025-03-22 17:02:09.271,5.615474706772353
2025-03-22 17:02:09.271,4.285259089844855
2025-03-22 17:02:09.271,0.2507930439067809
2025-03-22 17:02:09.272,-3.1192892657195967
2025-03-22 17:02:09.281,-4.134998587855613
2025-03-22 17:02:09.281,-2.413652692419302
2025-03-22 17:02:09.281,1.2855658754643584
2025-03-22 17:02:09.281,4.429808296707851
2025-03-22 17:02:09.281,4.124780375647919
2025-03-22 17:02:09.291,0.292013021974056
2025-03-22 17:02:09.291,-3.7844960901533398
2025-03-22 17:02:09.291,-4.842685190643043
2025-03-22 17:02:09.291,-2.579470468473334
2025-03-22 17:02:09.292,1.1068192337524667
2025-03-22 17:02:09.301,4.236991541072815
2025-03-22 17:02:09.301,5.216633954055573
2025-03-22 17:02:09.301,2.818103618915461
2025-03-22 17:02:09.301,-2.304460356258948
2025-03-22 17:02:09.301,-6.517009124674798
2025-03-22 17:02:09.311,-5.755433154392642
2025-03-22 17:02:09.311,-0.12185845556502606
2025-03-22 17:02:09.311,5.281635801856011
2025-03-22 17:02:09.311,5.556320038391594
2025-03-22 17:02:09.311,1.5637609037211482
2025-03-22 17:02:09.319,-1.509440671597141
2025-03-22 17:02:09.319,-1.2560225097732605
2025-03-22 17:02:09.319,-1.045984706066196
2025-03-22 17:02:09.320,-3.9710262928161315
2025-03-22 17:02:09.329,-6.294590597294037
2025-03-22 17:02:09.329,-1.445078537207409
2025-03-22 17:02:09.329,9.208043894370963
2025-03-22 17:02:09.329,14.397512895218476
2025-03-22 17:02:09.330,5.395137546583237
2025-03-22 17:02:09.339,-11.573259792443897
2025-03-22 17:02:09.339,-19.70123107638569
2025-03-22 17:02:09.339,-9.578489809262837
2025-03-22 17:02:09.339,9.74094424116761
2025-03-22 17:02:09.339,19.8394121590901
2025-03-22 17:02:09.347,12.089003155250863
2025-03-22 17:02:09.347,-4.580812369505952
2025-03-22 17:02:09.347,-14.66546512746739
2025-03-22 17:02:09.347,-11.683759152601866
2025-03-22 17:02:09.357,-1.5148847154824108
2025-03-22 17:02:09.357,6.617061172072413
2025-03-22 17:02:09.357,8.612803096528259
2025-03-22 17:02:09.357,5.690890979350919
2025-03-22 17:02:09.358,0.5403836313343179
2025-03-22 17:02:09.367,-4.2971637810472805
2025-03-22 17:02:09.367,-6.25578887036305
2025-03-22 17:02:09.367,-4.033652590271115
2025-03-22 17:02:09.367,0.5991466863631602
2025-03-22 17:02:09.368,3.887949687111686
2025-03-22 17:02:09.377,3.677632367663619
2025-03-22 17:02:09.377,1.2405309250814103
2025-03-22 17:02:09.377,-0.7647702134841172
2025-03-22 17:02:09.377,-1.3354043205992403
2025-03-22 17:02:09.377,-1.3535876042793558
2025-03-22 17:02:09.387,-1.3521994235461816
2025-03-22 17:02:09.387,-0.6113874715795906
2025-03-22 17:02:09.387,0.9701047806492465
2025-03-22 17:02:09.387,1.6830574590701062
2025-03-22 17:02:09.388,0.3234485371462896
2025-03-22 17:02:09.397,-1.2926238951791877
2025-03-22 17:02:09.397,-0.4133713954350098
2025-03-22 17:02:09.397,2.237355696178286
2025-03-22 17:02:09.397,2.679238342513473
2025-03-22 17:02:09.397,-0.875812145900803
2025-03-22 17:02:09.407,-4.939823936149529
2025-03-22 17:02:09.407,-4.668736687542284
2025-03-22 17:02:09.407,0.32682859877157233
2025-03-22 17:02:09.407,5.525550897952237
2025-03-22 17:02:09.407,6.255713702549709
2025-03-22 17:02:09.417,1.95182995462595
2025-03-22 17:02:09.417,-3.7505653439115134
2025-03-22 17:02:09.417,-6.280147115521032
2025-03-22 17:02:09.417,-3.903129646628906
2025-03-22 17:02:09.418,0.9656004025034475
2025-03-22 17:02:09.427,4.2136808245840935
2025-03-22 17:02:09.427,3.9109847978870054
2025-03-22 17:02:09.427,1.4702964085061416
2025-03-22 17:02:09.427,-0.7758481318846338
2025-03-22 17:02:09.427,-2.0510316485609033
2025-03-22 17:02:09.437,-2.7536362764413562
2025-03-22 17:02:09.437,-2.6749918333415894
2025-03-22 17:02:09.437,-0.8942404570173216
2025-03-22 17:02:09.437,2.472858856535655
2025-03-22 17:02:09.438,5.241139588487245
2025-03-22 17:02:09.445,4.527106876387381
2025-03-22 17:02:09.445,-0.45660038917049006
2025-03-22 17:02:09.446,-6.635084456645748
2025-03-22 17:02:09.446,-8.523562570096214
2025-03-22 17:02:09.455,-2.9931745274060946
2025-03-22 17:02:09.455,6.463014658002823
2025-03-22 17:02:09.455,11.491245754134564
2025-03-22 17:02:09.456,6.762203646712815
2025-03-22 17:02:09.456,-4.041071077700391
2025-03-22 17:02:09.465,-11.428840090236495
2025-03-22 17:02:09.465,-9.298930363428369
2025-03-22 17:02:09.465,-0.18039013868118803
2025-03-22 17:02:09.465,8.043863982103677
2025-03-22 17:02:09.466,9.33204443036128
2025-03-22 17:02:09.473,3.8037070188483852
2025-03-22 17:02:09.473,-3.375075617698668
2025-03-22 17:02:09.474,-6.680735995003916
2025-03-22 17:02:09.474,-4.588602123677193
2025-03-22 17:02:09.474,-0.1061827225730867
2025-03-22 17:02:09.483,2.7480409325450186
2025-03-22 17:02:09.483,2.7091677385180537
2025-03-22 17:02:09.484,1.361290594701209
2025-03-22 17:02:09.484,0.3299436085201522
2025-03-22 17:02:09.495,-0.2940325718574013
2025-03-22 17:02:09.495,-0.85992999482976
2025-03-22 17:02:09.495,-1.1293257167511017
2025-03-22 17:02:09.495,-0.9421065398034374
2025-03-22 17:02:09.495,-0.6063736278385939
2025-03-22 17:02:09.496,-0.02882578947495381
2025-03-22 17:02:09.503,1.1772294548538509
2025-03-22 17:02:09.503,2.1582277801603347
2025-03-22 17:02:09.504,1.197255202747123
2025-03-22 17:02:09.504,-1.3566684038598202
2025-03-22 17:02:09.504,-2.510226880357396
2025-03-22 17:02:09.513,-0.6485440173564417
2025-03-22 17:02:09.513,1.6542624426553747
2025-03-22 17:02:09.514,1.1280544223497369
2025-03-22 17:02:09.514,-1.2454127155699442
2025-03-22 17:02:09.514,-1.6312371732673108
2025-03-22 17:02:09.523,0.8158989115177196
2025-03-22 17:02:09.523,2.579796989734235
2025-03-22 17:02:09.524,0.9358251622066195
2025-03-22 17:02:09.524,-2.0582770419206593
2025-03-22 17:02:09.533,-2.3824533444201723
2025-03-22 17:02:09.533,0.46648215580369035
2025-03-22 17:02:09.533,2.7649930922640147
2025-03-22 17:02:09.534,1.3986443025861535
2025-03-22 17:02:09.534,-2.046467509973702
2025-03-22 17:02:09.543,-3.183630480694021
2025-03-22 17:02:09.543,-0.4338219360270296
2025-03-22 17:02:09.543,2.8309795172992414
2025-03-22 17:02:09.544,2.582248198204999
2025-03-22 17:02:09.544,-0.6270343790945236
2025-03-22 17:02:09.553,-2.440514473007871
2025-03-22 17:02:09.553,-0.5213051315984716
2025-03-22 17:02:09.553,2.2656076426014558
2025-03-22 17:02:09.553,1.5630287334565263
2025-03-22 17:02:09.554,-2.4815500312798693
2025-03-22 17:02:09.563,-4.649616909209956
2025-03-22 17:02:09.563,-0.9385942064872765
2025-03-22 17:02:09.563,5.521082040256399
2025-03-22 17:02:09.564,6.988273724008412
2025-03-22 17:02:09.564,0.4998241590020931
2025-03-22 17:02:09.573,-7.30542072463556
2025-03-22 17:02:09.573,-7.43642105513262
2025-03-22 17:02:09.573,0.23521080437101932
2025-03-22 17:02:09.574,6.598559999638969
2025-03-22 17:02:09.574,4.8186925313327675
2025-03-22 17:02:09.583,-1.4863765573020444
2025-03-22 17:02:09.583,-3.9431972000183215
2025-03-22 17:02:09.583,-0.46280446475537207
2025-03-22 17:02:09.583,3.1192201215024378
2025-03-22 17:02:09.583,1.6244358727411008
2025-03-22 17:02:09.593,-2.9227658867869333
2025-03-22 17:02:09.593,-4.605204020012005
2025-03-22 17:02:09.593,-1.230434247860554
2025-03-22 17:02:09.594,3.5834580001522256
2025-03-22 17:02:09.594,5.263399525524452
2025-03-22 17:02:09.603,2.893158813659344
2025-03-22 17:02:09.603,-1.3934016168377792
2025-03-22 17:02:09.603,-5.133000306055574
2025-03-22 17:02:09.603,-6.067784787617803
2025-03-22 17:02:09.604,-2.3204503596228663
2025-03-22 17:02:09.611,4.813034627903856
2025-03-22 17:02:09.611,9.277884559877874
2025-03-22 17:02:09.612,5.3787028406972395
2025-03-22 17:02:09.612,-4.5356968802439415
2025-03-22 17:02:09.612,-10.629882392164918
2025-03-22 17:02:09.621,-6.109767483400473
2025-03-22 17:02:09.621,4.407965061203179
2025-03-22 17:02:09.622,9.58863430194549
2025-03-22 17:02:09.622,4.221062021392437
2025-03-22 17:02:09.622,-4.9077407429124875
2025-03-22 17:02:09.631,-7.122667658074757
2025-03-22 17:02:09.632,-0.46518614215472165
2025-03-22 17:02:09.632,6.192710618803989
2025-03-22 17:02:09.632,4.237296810366844
2025-03-22 17:02:09.632,-3.850390081473561
2025-03-22 17:02:09.641,-7.551687438085037
2025-03-22 17:02:09.641,-1.6275937091430848
2025-03-22 17:02:09.642,7.159966499636513
2025-03-22 17:02:09.642,8.326284097038045
2025-03-22 17:02:09.651,0.24168211776974408
2025-03-22 17:02:09.651,-8.325770148984619
2025-03-22 17:02:09.652,-8.496591776538635
2025-03-22 17:02:09.652,-0.5959515915548589
2025-03-22 17:02:09.652,7.20917332286536
2025-03-22 17:02:09.661,7.823169057046076
2025-03-22 17:02:09.661,1.7358405218432256
2025-03-22 17:02:09.661,-4.6089735510165415
2025-03-22 17:02:09.661,-5.757873107918337
2025-03-22 17:02:09.662,-2.095128601296791
2025-03-22 17:02:09.671,1.821696165223076
2025-03-22 17:02:09.671,2.66339836675482
2025-03-22 17:02:09.672,1.1636713029668013
2025-03-22 17:02:09.672,-0.01585038631814338
2025-03-22 17:02:09.672,0.16109770896401004
2025-03-22 17:02:09.672,0.43058772467786677
2025-03-22 17:02:09.681,-0.46407900641485456
2025-03-22 17:02:09.681,-1.7702470583464862
2025-03-22 17:02:09.681,-1.6000113379392946
2025-03-22 17:02:09.682,0.3294245393859679
2025-03-22 17:02:09.691,1.8344906563788987
2025-03-22 17:02:09.691,1.0999658766159508
2025-03-22 17:02:09.692,-0.45000348882608865
2025-03-22 17:02:09.692,-0.09106550864507193
2025-03-22 17:02:09.692,1.5475265552773114
2025-03-22 17:02:09.692,0.6811963389554269
2025-03-22 17:02:09.701,-3.3924448089271477
2025-03-22 17:02:09.701,-5.261344536088139
2025-03-22 17:02:09.702,-0.13752121501760456
2025-03-22 17:02:09.702,7.729568291905875
2025-03-22 17:02:09.711,8.217017757656238
2025-03-22 17:02:09.711,-1.54264661593482
2025-03-22 17:02:09.711,-11.326999932210391
2025-03-22 17:02:09.712,-9.139523186700854
2025-03-22 17:02:09.712,3.505110297428616
2025-03-22 17:02:09.719,12.51859925038393
2025-03-22 17:02:09.720,8.038780087953924
2025-03-22 17:02:09.720,-4.179376872783416
2025-03-22 17:02:09.720,-10.646889699775215
2025-03-22 17:02:09.720,-6.055766419028593
2025-03-22 17:02:09.731,2.6310882096007457
2025-03-22 17:02:09.731,6.4771222457604996
2025-03-22 17:02:09.731,4.228367486229025
2025-03-22 17:02:09.731,0.5534848390903988
2025-03-22 17:02:09.731,-1.4744818169782503
2025-03-22 17:02:09.739,-2.651287814229419
2025-03-22 17:02:09.740,-3.682226128097585
2025-03-22 17:02:09.740,-2.829547987367935
2025-03-22 17:02:09.740,1.0349069408197118
2025-03-22 17:02:09.740,5.183291217997975
2025-03-22 17:02:09.749,5.237959275195593
2025-03-22 17:02:09.749,0.4776315627736589
2025-03-22 17:02:09.750,-4.737881507908835
2025-03-22 17:02:09.750,-5.498130349175878
2025-03-22 17:02:09.750,-1.4426133197537852
2025-03-22 17:02:09.759,3.297857783634767
2025-03-22 17:02:09.759,4.589923633292337
2025-03-22 17:02:09.760,1.9184005291346282
2025-03-22 17:02:09.760,-1.975325179921153
2025-03-22 17:02:09.760,-3.901264988691082
2025-03-22 17:02:09.771,-2.558957767722291
2025-03-22 17:02:09.771,0.8743666322894257
2025-03-22 17:02:09.771,3.751426415518574
2025-03-22 17:02:09.771,3.838947627845849
2025-03-22 17:02:09.771,0.8799475046967388
2025-03-22 17:02:09.779,-3.214111015061192
2025-03-22 17:02:09.779,-5.513304535082871
2025-03-22 17:02:09.780,-3.8347078856388985
2025-03-22 17:02:09.780,1.484674015809141
2025-03-22 17:02:09.780,6.8171042439316585
2025-03-22 17:02:09.789,7.190823815596477
2025-03-22 17:02:09.789,0.9533844749917627
2025-03-22 17:02:09.790,-7.053842068978565
2025-03-22 17:02:09.790,-8.948779628637448
2025-03-22 17:02:09.799,-2.2745786744243457
2025-03-22 17:02:09.799,6.0964309688722285
2025-03-22 17:02:09.799,7.13489998067989
2025-03-22 17:02:09.800,0.5971826709021492
2025-03-22 17:02:09.800,-4.500261160470803
2025-03-22 17:02:09.809,-1.7418725014889396
2025-03-22 17:02:09.809,3.919699381766071
2025-03-22 17:02:09.809,3.069738292436935
2025-03-22 17:02:09.810,-4.526505627535602
2025-03-22 17:02:09.810,-8.699706794323152
2025-03-22 17:02:09.819,-2.3902007656574398
2025-03-22 17:02:09.819,8.341130915561658
2025-03-22 17:02:09.819,11.281082166773803
2025-03-22 17:02:09.819,2.7459677589429488
2025-03-22 17:02:09.819,-8.449659938459801
2025-03-22 17:02:09.827,-11.338728540901121
2025-03-22 17:02:09.827,-4.072941326268774
2025-03-22 17:02:09.828,5.7776021027995
2025-03-22 17:02:09.828,9.739992111104716
2025-03-22 17:02:09.828,5.70535134941416
2025-03-22 17:02:09.837,-1.8609265290523447
2025-03-22 17:02:09.837,-6.859249073811222
2025-03-22 17:02:09.837,-6.467837300940161
2025-03-22 17:02:09.838,-2.2498840305465797
2025-03-22 17:02:09.847,2.5321914595472745
2025-03-22 17:02:09.847,5.7441526300919445
2025-03-22 17:02:09.847,6.239716799136894
2025-03-22 17:02:09.847,2.724818097674763
2025-03-22 17:02:09.848,-4.347294090196212
2025-03-22 17:02:09.857,-9.838884586148941
2025-03-22 17:02:09.857,-6.977426810883115
2025-03-22 17:02:09.857,3.821535705695736
2025-03-22 17:02:09.857,12.071698260763908
2025-03-22 17:02:09.858,7.897061929551656
2025-03-22 17:02:09.867,-4.954473145098868
2025-03-22 17:02:09.867,-11.877962826996832
2025-03-22 17:02:09.867,-4.9032661841609855
2025-03-22 17:02:09.867,7.064851046792201
2025-03-22 17:02:09.868,9.311575275009595
2025-03-22 17:02:09.877,-0.19055655297207374
2025-03-22 17:02:09.877,-8.739918854634226
2025-03-22 17:02:09.877,-5.528355515164488
2025-03-22 17:02:09.877,4.898551414481052
2025-03-22 17:02:09.878,9.098855132966435
2025-03-22 17:02:09.887,1.8583446964869983
2025-03-22 17:02:09.887,-7.807095676705452
2025-03-22 17:02:09.887,-8.21752854011211
2025-03-22 17:02:09.887,1.0016044023933723
2025-03-22 17:02:09.888,9.026429169670422
2025-03-22 17:02:09.895,6.695217016486426
2025-03-22 17:02:09.895,-3.2662646207574455
2025-03-22 17:02:09.896,-9.65175487119506
2025-03-22 17:02:09.896,-5.297499782758782
2025-03-22 17:02:09.896,5.158956531890036
2025-03-22 17:02:09.905,10.450496377464887
2025-03-22 17:02:09.905,4.85223738551163
2025-03-22 17:02:09.905,-5.897493546611297
2025-03-22 17:02:09.906,-10.92588546444176
2025-03-22 17:02:09.915,-5.495952401903766
2025-03-22 17:02:09.915,4.655907363342255
2025-03-22 17:02:09.915,9.735415876174494
2025-03-22 17:02:09.916,5.815025234189078
2025-03-22 17:02:09.916,-1.9876007231213455
2025-03-22 17:02:09.925,-5.9060437023525445
2025-03-22 17:02:09.925,-3.9388476246074178
2025-03-22 17:02:09.925,-0.6163004340185267
2025-03-22 17:02:09.925,0.05247134559857165
2025-03-22 17:02:09.926,-0.33738424774839526
2025-03-22 17:02:09.935,1.7684665190879205
2025-03-22 17:02:09.935,5.294256713224814
2025-03-22 17:02:09.935,5.120888519146696
2025-03-22 17:02:09.935,-0.6054093259136138
2025-03-22 17:02:09.936,-6.9980097102869925
2025-03-22 17:02:09.945,-7.8985402343414455
2025-03-22 17:02:09.945,-2.728372003549282
2025-03-22 17:02:09.945,3.890366722172494
2025-03-22 17:02:09.945,7.531129417135583
2025-03-22 17:02:09.946,6.71402796220229
2025-03-22 17:02:09.955,1.845728015311991
2025-03-22 17:02:09.955,-5.072774895158294
2025-03-22 17:02:09.955,-9.48874391219299
2025-03-22 17:02:09.955,-6.635311624960523
2025-03-22 17:02:09.956,2.707706512723963
2025-03-22 17:02:09.963,10.47032749531366
2025-03-22 17:02:09.963,8.48292068705302
2025-03-22 17:02:09.963,-2.0238180003464414
2025-03-22 17:02:09.964,-10.358342800206735
2025-03-22 17:02:09.973,-7.57376024573798
2025-03-22 17:02:09.973,3.2215339708197694
2025-03-22 17:02:09.973,9.9268414733941
2025-03-22 17:02:09.974,5.123606710871501
2025-03-22 17:02:09.974,-5.397871036686663
2025-03-22 17:02:09.983,-9.43904634383442
2025-03-22 17:02:09.983,-2.5628984009604583
2025-03-22 17:02:09.983,7.086928864023848
2025-03-22 17:02:09.983,8.658151336022708
2025-03-22 17:02:09.984,1.0010450577782444
2025-03-22 17:02:09.993,-6.876941497603964
2025-03-22 17:02:09.993,-6.862756063322447
2025-03-22 17:02:09.994,-0.4814690108660265
2025-03-22 17:02:09.994,4.399682737070861
2025-03-22 17:02:09.994,3.440614213252621
2025-03-22 17:02:10.003,-0.14862911943270124
2025-03-22 17:02:10.003,-1.0872779080625716
2025-03-22 17:02:10.003,1.1282703762961774
2025-03-22 17:02:10.003,2.3177910066487577
2025-03-22 17:02:10.004,-0.5449186158861672
2025-03-22 17:02:10.013,-5.222223541480667
2025-03-22 17:02:10.013,-6.314857406775637
2025-03-22 17:02:10.013,-1.1265735098443148
2025-03-22 17:02:10.014,6.78944766762643
2025-03-22 17:02:10.014,10.295842145152637
2025-03-22 17:02:10.021,5.433674756067242
2025-03-22 17:02:10.021,-4.3739894151523915
2025-03-22 17:02:10.022,-11.197413384020681
2025-03-22 17:02:10.022,-9.690582017324482
2025-03-22 17:02:10.031,-1.2977022089183134
2025-03-22 17:02:10.031,7.683551130734643
2025-03-22 17:02:10.031,11.110669784915478
2025-03-22 17:02:10.031,6.842643542016507
2025-03-22 17:02:10.032,-2.035313668063377
2025-03-22 17:02:10.041,-8.950463442649568
2025-03-22 17:02:10.041,-8.628436294125624
2025-03-22 17:02:10.041,-1.8893773652319437
2025-03-22 17:02:10.042,4.863468087105801
2025-03-22 17:02:10.042,6.024412196756609
2025-03-22 17:02:10.051,2.204832685953721
2025-03-22 17:02:10.051,-1.4730300058356636
2025-03-22 17:02:10.051,-1.648215163040154
2025-03-22 17:02:10.052,0.13897271845197046
2025-03-22 17:02:10.052,0.4435012504930359
2025-03-22 17:02:10.061,-1.4372726090164332
2025-03-22 17:02:10.061,-2.8102151243650666
2025-03-22 17:02:10.061,-1.2926040535972165
2025-03-22 17:02:10.062,1.8948092100678642
2025-03-22 17:02:10.062,3.3509480247739534
2025-03-22 17:02:10.071,1.997103226886072
2025-03-22 17:02:10.071,0.3284271366393381
2025-03-22 17:02:10.071,0.08624871076780243
2025-03-22 17:02:10.071,-0.9974989620975907
2025-03-22 17:02:10.071,-4.924255880459091
2025-03-22 17:02:10.081,-7.417189170188571
2025-03-22 17:02:10.081,-1.6841485658196955
2025-03-22 17:02:10.081,10.271856042967801
2025-03-22 17:02:10.081,15.645816206244392
2025-03-22 17:02:10.082,5.168323816177248
2025-03-22 17:02:10.089,-13.10486594062572
2025-03-22 17:02:10.089,-20.352540302893058
2025-03-22 17:02:10.089,-8.198449084440389
2025-03-22 17:02:10.090,11.182440681530203
2025-03-22 17:02:10.097,18.70294424709083
2025-03-22 17:02:10.097,9.102856440635492
2025-03-22 17:02:10.098,-5.491848987241216
2025-03-22 17:02:10.098,-11.193206117197024
2025-03-22 17:02:10.107,-6.752467897538296
2025-03-22 17:02:10.107,-0.8503297800330483
2025-03-22 17:02:10.108,0.9496115610519852
2025-03-22 17:02:10.108,1.6396302384776553
2025-03-22 17:02:10.108,5.1324570720748754
2025-03-22 17:02:10.117,8.142250400102018
2025-03-22 17:02:10.117,4.056668051211424
2025-03-22 17:02:10.117,-6.304563063705593
2025-03-22 17:02:10.118,-12.881745242022365
2025-03-22 17:02:10.118,-7.727415650344249
2025-03-22 17:02:10.127,4.704415663887254
2025-03-22 17:02:10.127,12.033990207164408
2025-03-22 17:02:10.127,7.89011374467674
2025-03-22 17:02:10.127,-1.7667021066844533
2025-03-22 17:02:10.128,-6.740997785333241
2025-03-22 17:02:10.137,-4.246140038994243
2025-03-22 17:02:10.137,-0.2593623538362913
2025-03-22 17:02:10.137,-0.3881773110480094
2025-03-22 17:02:10.137,-2.570421372613103
2025-03-22 17:02:10.138,-0.6893607649099902
2025-03-22 17:02:10.145,6.004347899557712
2025-03-22 17:02:10.145,10.236654730528526
2025-03-22 17:02:10.146,4.950674820121779
2025-03-22 17:02:10.146,-7.246233254088143
2025-03-22 17:02:10.146,-15.17787798897939
2025-03-22 17:02:10.155,-10.318262939109287
2025-03-22 17:02:10.156,3.9889509777110037
2025-03-22 17:02:10.156,15.263285947258977
2025-03-22 17:02:10.156,13.673333456491664
2025-03-22 17:02:10.165,0.9738897018158827
2025-03-22 17:02:10.165,-11.628576099626091
2025-03-22 17:02:10.165,-13.786039440871837
2025-03-22 17:02:10.166,-4.666422329058727
2025-03-22 17:02:10.166,7.178767674910871
2025-03-22 17:02:10.173,11.73661393494543
2025-03-22 17:02:10.174,6.057931536491505
2025-03-22 17:02:10.174,-3.8184219089361533
2025-03-22 17:02:10.174,-8.947656063603747
2025-03-22 17:02:10.174,-5.736677448981893
2025-03-22 17:02:10.183,1.5462367537253527
2025-03-22 17:02:10.184,5.966671463284433
2025-03-22 17:02:10.184,4.6908083663895175
2025-03-22 17:02:10.184,0.3446653052875921
2025-03-22 17:02:10.184,-2.9863823856680214
2025-03-22 17:02:10.193,-3.5294573530956335
2025-03-22 17:02:10.194,-1.9582187785476743
2025-03-22 17:02:10.194,0.3675612545158338
2025-03-22 17:02:10.194,2.308259332920598
2025-03-22 17:02:10.194,2.9084684792898896
2025-03-22 17:02:10.203,1.6769632246256365
2025-03-22 17:02:10.203,-0.8086217960288102
2025-03-22 17:02:10.204,-2.9781136449694263
2025-03-22 17:02:10.204,-3.2581764879885298
2025-03-22 17:02:10.213,-1.1884240817262166
2025-03-22 17:02:10.213,2.069620602455613
2025-03-22 17:02:10.213,4.211014578350168
2025-03-22 17:02:10.214,3.377340931577781
2025-03-22 17:02:10.214,-0.07281794255316476
2025-03-22 17:02:10.223,-3.553106119228565
2025-03-22 17:02:10.223,-4.509047843398216
2025-03-22 17:02:10.223,-2.59974597510129
2025-03-22 17:02:10.224,0.5743570899369068
2025-03-22 17:02:10.224,3.294425206228483
2025-03-22 17:02:10.233,4.520627023518049
2025-03-22 17:02:10.233,3.473349315431446
2025-03-22 17:02:10.233,-0.00033389385631751867
2025-03-22 17:02:10.234,-4.166575342176881
2025-03-22 17:02:10.234,-5.831296758366045
2025-03-22 17:02:10.243,-3.2891391600428967
2025-03-22 17:02:10.243,1.5242852745510331
2025-03-22 17:02:10.243,4.773797353885555
2025-03-22 17:02:10.244,4.438707212605573
2025-03-22 17:02:10.244,1.615238426227437
2025-03-22 17:02:10.253,-1.3719259052289505
2025-03-22 17:02:10.253,-3.005847106444579
2025-03-22 17:02:10.254,-2.9257482724641646
2025-03-22 17:02:10.254,-1.5819324569973676
2025-03-22 17:02:10.254,0.06903606454089739
2025-03-22 17:02:10.263,1.3025175275506637
2025-03-22 17:02:10.263,2.192216955327662
2025-03-22 17:02:10.263,2.779754088751703
2025-03-22 17:02:10.264,2.0644629009707245
2025-03-22 17:02:10.264,-0.7597187311977934
2025-03-22 17:02:10.273,-4.020153910904923
2025-03-22 17:02:10.273,-4.381680720949985
2025-03-22 17:02:10.274,-0.9496933304475957
2025-03-22 17:02:10.274,2.914166862273375
2025-03-22 17:02:10.274,3.446833328117166
2025-03-22 17:02:10.283,1.1857490784329965
2025-03-22 17:02:10.283,-0.20167888384523255
2025-03-22 17:02:10.283,0.5607746199857777
2025-03-22 17:02:10.283,0.5884290229277958
2025-03-22 17:02:10.284,-2.343696825443462
2025-03-22 17:02:10.293,-5.366523792123762
2025-03-22 17:02:10.293,-3.446900190133375
2025-03-22 17:02:10.293,3.482888380625459
2025-03-22 17:02:10.293,8.706434731618124
2025-03-22 17:02:10.294,5.6869367387474625
2025-03-22 17:02:10.301,-3.6906634927083717
2025-03-22 17:02:10.302,-9.798799524217982
2025-03-22 17:02:10.302,-5.62218397363602
2025-03-22 17:02:10.302,4.453290198418857
2025-03-22 17:02:10.302,8.830971096365419
2025-03-22 17:02:10.311,2.4831690383232834
2025-03-22 17:02:10.312,-6.410939232411101
2025-03-22 17:02:10.312,-6.445605171546088
2025-03-22 17:02:10.312,2.4101392093148486
2025-03-22 17:02:10.321,8.685243362357957
2025-03-22 17:02:10.321,4.127913677472846
2025-03-22 17:02:10.321,-5.99511249803207
2025-03-22 17:02:10.322,-9.882380616001551
2025-03-22 17:02:10.322,-3.4625155112360972
2025-03-22 17:02:10.331,5.985052026304716
2025-03-22 17:02:10.331,9.293236224062362
2025-03-22 17:02:10.331,4.695409026202701
2025-03-22 17:02:10.332,-2.7419559393065565
2025-03-22 17:02:10.332,-7.415289183048323
2025-03-22 17:02:10.341,-6.845394272633459
2025-03-22 17:02:10.341,-1.548669414487355
2025-03-22 17:02:10.341,5.345808611949226
2025-03-22 17:02:10.342,8.730852409346102
2025-03-22 17:02:10.342,4.985059266099399
2025-03-22 17:02:10.351,-3.631485655215692
2025-03-22 17:02:10.351,-9.554683502727004
2025-03-22 17:02:10.351,-6.839002401700448
2025-03-22 17:02:10.351,2.34678321913678
2025-03-22 17:02:10.352,9.216881422688058
2025-03-22 17:02:10.359,7.054151091417921
2025-03-22 17:02:10.360,-1.839576100419941
2025-03-22 17:02:10.360,-8.431966092792065
2025-03-22 17:02:10.360,-6.228336647587626
2025-03-22 17:02:10.360,2.2468742070931755
2025-03-22 17:02:10.369,8.336570116856192
2025-03-22 17:02:10.369,5.976311282796687
2025-03-22 17:02:10.370,-2.6985888913901035
2025-03-22 17:02:10.370,-9.562264842229098
2025-03-22 17:02:10.379,-7.762650889631014
2025-03-22 17:02:10.379,2.015099199818954
2025-03-22 17:02:10.380,11.285624345320848
2025-03-22 17:02:10.380,10.820808100797102
2025-03-22 17:02:10.380,-0.043966773404252146
2025-03-22 17:02:10.387,-11.450793262177676
2025-03-22 17:02:10.388,-12.356188664965316
2025-03-22 17:02:10.388,-2.1216157553824844
2025-03-22 17:02:10.388,8.836459504290234
2025-03-22 17:02:10.388,10.356577064829603
2025-03-22 17:02:10.397,2.8510462130109855
2025-03-22 17:02:10.397,-4.605182085913547
2025-03-22 17:02:10.398,-5.1365262576173105
2025-03-22 17:02:10.398,-0.9947986064468418
2025-03-22 17:02:10.407,0.8647667151738171
2025-03-22 17:02:10.407,-1.5720883008823456
2025-03-22 17:02:10.408,-2.926802856413214
2025-03-22 17:02:10.408,1.3924205401649556
2025-03-22 17:02:10.408,7.360353400448948
2025-03-22 17:02:10.417,6.5468959206327115
2025-03-22 17:02:10.417,-2.186061930191381
2025-03-22 17:02:10.417,-9.682345434303203
2025-03-22 17:02:10.418,-7.400879091210027
2025-03-22 17:02:10.418,1.8928192376723887
2025-03-22 17:02:10.427,7.771830553413176
2025-03-22 17:02:10.427,4.87680272393601
2025-03-22 17:02:10.427,-1.7027683963223148
2025-03-22 17:02:10.428,-3.8454865663527373
2025-03-22 17:02:10.428,-0.14317625509046228
2025-03-22 17:02:10.437,3.3502207833065545
2025-03-22 17:02:10.437,1.069529300382593
2025-03-22 17:02:10.437,-4.905695793506282
2025-03-22 17:02:10.438,-6.77408944095052
2025-03-22 17:02:10.438,-0.5360170052454112
2025-03-22 17:02:10.447,7.925960509072873
2025-03-22 17:02:10.447,8.900513196344635
2025-03-22 17:02:10.447,0.823576459665294
2025-03-22 17:02:10.447,-7.254828434846369
2025-03-22 17:02:10.448,-6.741532601028855
2025-03-22 17:02:10.457,0.13222660575881573
2025-03-22 17:02:10.457,4.114487127971833
2025-03-22 17:02:10.457,1.189343954422519
2025-03-22 17:02:10.457,-3.071799567234692
2025-03-22 17:02:10.458,-1.8126929562565597
2025-03-22 17:02:10.467,3.8900583113077705
2025-03-22 17:02:10.467,6.554582132911751
2025-03-22 17:02:10.467,1.9213927322609274
2025-03-22 17:02:10.468,-5.5669719910737685
2025-03-22 17:02:10.468,-7.935690738232006
2025-03-22 17:02:10.477,-2.937429684610862
2025-03-22 17:02:10.477,3.791155215223011
2025-03-22 17:02:10.477,5.76561630905458
2025-03-22 17:02:10.477,2.699868605217495
2025-03-22 17:02:10.478,-0.7158989384812933
2025-03-22 17:02:10.485,-1.3625478275534284
2025-03-22 17:02:10.486,-0.589535913333031
2025-03-22 17:02:10.486,-0.8728563487654305
2025-03-22 17:02:10.486,-2.094637062502376
2025-03-22 17:02:10.495,-2.28769618517099
2025-03-22 17:02:10.495,-0.5840848860141687
2025-03-22 17:02:10.496,2.048375946972915
2025-03-22 17:02:10.496,4.1650520481623134
2025-03-22 17:02:10.496,4.403344552553155
2025-03-22 17:02:10.496,1.4305537126192929
2025-03-22 17:02:10.505,-4.278428454734803
2025-03-22 17:02:10.506,-8.428843748974332
2025-03-22 17:02:10.506,-5.704135883138252
2025-03-22 17:02:10.506,3.3699375910720657
2025-03-22 17:02:10.515,10.509972906763235
2025-03-22 17:02:10.515,7.8573790997497985
2025-03-22 17:02:10.515,-2.393723906303342
2025-03-22 17:02:10.516,-9.648916430803595
2025-03-22 17:02:10.516,-6.884148732822245
2025-03-22 17:02:10.525,1.6820647259361454
2025-03-22 17:02:10.525,6.4500906902989925
2025-03-22 17:02:10.525,3.777147888232881
2025-03-22 17:02:10.526,-1.2980254775174138
2025-03-22 17:02:10.526,-2.7531143462715697
2025-03-22 17:02:10.535,-0.5209552114418903
2025-03-22 17:02:10.535,1.392012709896857
2025-03-22 17:02:10.535,0.8868570946137768
2025-03-22 17:02:10.536,-0.7691815241558341
2025-03-22 17:02:10.536,-2.0461478928562533
2025-03-22 17:02:10.545,-2.512633132537361
2025-03-22 17:02:10.545,-1.2270830545469757
2025-03-22 17:02:10.545,2.7618696068460635
2025-03-22 17:02:10.545,6.974897987002103
2025-03-22 17:02:10.546,5.840021175892435
2025-03-22 17:02:10.555,-2.406480945698949
2025-03-22 17:02:10.555,-10.922082863033136
2025-03-22 17:02:10.555,-10.290525778908398
2025-03-22 17:02:10.555,0.28700281004247485
2025-03-22 17:02:10.556,10.909980612339636
2025-03-22 17:02:10.563,11.529092834661316
2025-03-22 17:02:10.564,2.6162409428919964
2025-03-22 17:02:10.564,-6.441373954182735
2025-03-22 17:02:10.564,-8.22156162661994
2025-03-22 17:02:10.575,-4.051154306627802
2025-03-22 17:02:10.575,0.03153717192856867
2025-03-22 17:02:10.575,1.3136379671204403
2025-03-22 17:02:10.575,2.2093774873152237
2025-03-22 17:02:10.575,4.86220508675908
2025-03-22 17:02:10.576,6.66675817146957
2025-03-22 17:02:10.583,2.9902140345955415
2025-03-22 17:02:10.583,-5.979770094763387
2025-03-22 17:02:10.584,-12.882295725289126
2025-03-22 17:02:10.584,-9.578266778890839
2025-03-22 17:02:10.593,3.408361819386733
2025-03-22 17:02:10.593,15.164221182632701
2025-03-22 17:02:10.593,14.269766228762183
2025-03-22 17:02:10.593,0.8934841267061998
2025-03-22 17:02:10.594,-12.631924658604976
2025-03-22 17:02:10.603,-14.358451897214902
2025-03-22 17:02:10.603,-4.538375510841965
2025-03-22 17:02:10.603,6.355563500631263
2025-03-22 17:02:10.604,9.715936658042011
2025-03-22 17:02:10.604,6.069450212103893
2025-03-22 17:02:10.611,0.8211565996134349
2025-03-22 17:02:10.612,-3.077154304174401
2025-03-22 17:02:10.612,-5.6686819464173155
2025-03-22 17:02:10.612,-5.972014189850468
2025-03-22 17:02:10.621,-2.0409435047135984
2025-03-22 17:02:10.621,4.487798470089679
2025-03-22 17:02:10.622,7.747868663414151
2025-03-22 17:02:10.622,4.027633647366679
2025-03-22 17:02:10.622,-3.092941004596858
2025-03-22 17:02:10.631,-6.556623152627131
2025-03-22 17:02:10.631,-3.8932002885293726
2025-03-22 17:02:10.632,0.9918292407292638
2025-03-22 17:02:10.632,3.6416541064788035
2025-03-22 17:02:10.632,3.6068371368086103
2025-03-22 17:02:10.632,2.338993755730492
2025-03-22 17:02:10.641,-0.2498743134579325
2025-03-22 17:02:10.642,-4.1969557537612046
2025-03-22 17:02:10.642,-6.246001143949283
2025-03-22 17:02:10.642,-2.435271980148313
2025-03-22 17:02:10.651,5.335806643327897
2025-03-22 17:02:10.651,9.031434949187503
2025-03-22 17:02:10.651,3.4813085488224766
2025-03-22 17:02:10.652,-6.24015665227077
2025-03-22 17:02:10.652,-9.651847247150167
2025-03-22 17:02:10.661,-2.9363686797503465
2025-03-22 17:02:10.661,6.515975415130781
2025-03-22 17:02:10.662,8.607974201796601
2025-03-22 17:02:10.662,1.7428678976707919
2025-03-22 17:02:10.662,-6.115235121749566
2025-03-22 17:02:10.671,-6.799176626636873
2025-03-22 17:02:10.671,-0.519671379472802
2025-03-22 17:02:10.672,5.300041718297471
2025-03-22 17:02:10.672,4.5672597488295175
2025-03-22 17:02:10.672,-1.1439253669971396
2025-03-22 17:02:10.681,-4.831568770604997
2025-03-22 17:02:10.681,-2.143219790671877
2025-03-22 17:02:10.681,3.5886606857212224
2025-03-22 17:02:10.681,5.23065523614041
2025-03-22 17:02:10.682,0.41768886765378455
2025-03-22 17:02:10.691,-5.509783230160494
2025-03-22 17:02:10.691,-5.932395970349737
2025-03-22 17:02:10.691,-0.6254188100210933
2025-03-22 17:02:10.692,4.734994642624453
2025-03-22 17:02:10.692,5.615984355371848
2025-03-22 17:02:10.701,2.7327375591480196
2025-03-22 17:02:10.701,-0.7558776923158156
2025-03-22 17:02:10.701,-3.3018940387774105
2025-03-22 17:02:10.701,-4.739237624316223
2025-03-22 17:02:10.702,-4.125943941568209
2025-03-22 17:02:10.711,-0.5410956614233547
2025-03-22 17:02:10.711,4.288921954125542
2025-03-22 17:02:10.711,6.4905112308774315
2025-03-22 17:02:10.712,3.9706374106902977
2025-03-22 17:02:10.712,-1.2341997068242834
2025-03-22 17:02:10.721,-5.009224529724623
2025-03-22 17:02:10.721,-4.881504950898519
2025-03-22 17:02:10.721,-1.6624772198733047
2025-03-22 17:02:10.721,1.70050284451122
2025-03-22 17:02:10.722,2.691936418513198
2025-03-22 17:02:10.731,1.391751424762455
2025-03-22 17:02:10.731,0.22948870710977487
2025-03-22 17:02:10.731,0.9548289926737802
2025-03-22 17:02:10.732,2.086004137210219
2025-03-22 17:02:10.732,0.6448687274750776
2025-03-22 17:02:10.741,-3.363178224771325
2025-03-22 17:02:10.741,-5.846957283510347
2025-03-22 17:02:10.742,-3.2218174537680584
2025-03-22 17:02:10.742,2.875793777321496
2025-03-22 17:02:10.742,6.965058817751457
2025-03-22 17:02:10.749,5.502260755282076
2025-03-22 17:02:10.750,0.05211199242312364
2025-03-22 17:02:10.750,-5.017905984799147
2025-03-22 17:02:10.750,-6.4597911729635396
2025-03-22 17:02:10.750,-3.661354827996951
2025-03-22 17:02:10.759,1.7514826076730738
2025-03-22 17:02:10.760,6.400311445577085
2025-03-22 17:02:10.760,6.481502538500092
2025-03-22 17:02:10.760,0.9627071615437217
2025-03-22 17:02:10.760,-6.043514346898748
2025-03-22 17:02:10.769,-7.899887077833134
2025-03-22 17:02:10.770,-2.1586044903361774
2025-03-22 17:02:10.770,5.775745831480716
2025-03-22 17:02:10.770,7.575924975170078
2025-03-22 17:02:10.770,1.3254572903954267
2025-03-22 17:02:10.779,-5.659763029296109
2025-03-22 17:02:10.780,-5.149620824177792
2025-03-22 17:02:10.780,1.7501322106085795
2025-03-22 17:02:10.780,5.625318057920702
2025-03-22 17:02:10.789,0.908285187498808
2025-03-22 17:02:10.789,-6.2031198361989395
2025-03-22 17:02:10.790,-5.392399913422201
2025-03-22 17:02:10.790,3.6606818210058654
2025-03-22 17:02:10.790,9.760291015050395
2025-03-22 17:02:10.799,4.434200604127853
2025-03-22 17:02:10.799,-6.568241366806891
2025-03-22 17:02:10.800,-10.197086112234738
2025-03-22 17:02:10.800,-2.5313858959041275
2025-03-22 17:02:10.800,6.831810136914694
2025-03-22 17:02:10.809,7.4142162207619915
2025-03-22 17:02:10.809,0.2613553592700373
2025-03-22 17:02:10.809,-5.129833697516492
2025-03-22 17:02:10.810,-3.3817537001358877
2025-03-22 17:02:10.810,1.4678445179788202
2025-03-22 17:02:10.817,2.926274604605365
2025-03-22 17:02:10.818,0.3020149921469714
2025-03-22 17:02:10.818,-2.070550614233319
2025-03-22 17:02:10.818,-1.4727216553525633
2025-03-22 17:02:10.818,0.518707821860385
2025-03-22 17:02:10.827,1.5056028084993907
2025-03-22 17:02:10.828,1.340875743132051
2025-03-22 17:02:10.828,0.8340264682643704
2025-03-22 17:02:10.828,-0.20576604820795943
2025-03-22 17:02:10.828,-1.9000773184073536
2025-03-22 17:02:10.837,-2.7427460020912866
2025-03-22 17:02:10.838,-1.1686595615830286
2025-03-22 17:02:10.838,1.7650627429239945
2025-03-22 17:02:10.838,3.100896274293152
2025-03-22 17:02:10.838,1.657510208747778
2025-03-22 17:02:10.847,-0.46371983061746513
2025-03-22 17:02:10.847,-0.834634170659853
2025-03-22 17:02:10.848,-0.07947141765453059
2025-03-22 17:02:10.848,-0.8073864968413307
2025-03-22 17:02:10.857,-3.2769334250908972
2025-03-22 17:02:10.857,-3.9068183515614474
2025-03-22 17:02:10.858,0.3834928528591442
2025-03-22 17:02:10.858,6.947496312590212
2025-03-22 17:02:10.858,8.73023123943639
2025-03-22 17:02:10.867,2.0935723528002192
2025-03-22 17:02:10.867,-7.837223886888873
2025-03-22 17:02:10.867,-11.589682022442332
2025-03-22 17:02:10.867,-5.2507527298881325
2025-03-22 17:02:10.868,5.368682998327785
2025-03-22 17:02:10.875,10.809245933531928
2025-03-22 17:02:10.876,7.116817156394174
2025-03-22 17:02:10.876,-1.4202777260872814
2025-03-22 17:02:10.876,-7.344612291392054
2025-03-22 17:02:10.876,-6.686405723127425
2025-03-22 17:02:10.885,-1.2897810543156547
2025-03-22 17:02:10.886,3.806936779124937
2025-03-22 17:02:10.886,4.72441607614233
2025-03-22 17:02:10.886,1.5046969004258646
2025-03-22 17:02:10.886,-2.290016858209487
2025-03-22 17:02:10.895,-2.8171857442768404
2025-03-22 17:02:10.896,0.27097624262192566
2025-03-22 17:02:10.896,3.1132534272704366
2025-03-22 17:02:10.896,1.6788127086202302
2025-03-22 17:02:10.896,-3.029384774680779
2025-03-22 17:02:10.905,-5.159927132300202
2025-03-22 17:02:10.906,-0.9042641639024145
2025-03-22 17:02:10.906,5.750687101600762
2025-03-22 17:02:10.906,6.783979122999501
2025-03-22 17:02:10.906,0.0983533141150465
2025-03-22 17:02:10.915,-7.066022931160335
2025-03-22 17:02:10.916,-6.599188568274553
2025-03-22 17:02:10.916,0.6090765190763512
2025-03-22 17:02:10.916,6.09900501441449
2025-03-22 17:02:10.916,4.337464237890314
2025-03-22 17:02:10.925,-1.3166463832081692
2025-03-22 17:02:10.926,-3.807341450459293
2025-03-22 17:02:10.926,-1.057547530169776
2025-03-22 17:02:10.926,2.4725221152425028
2025-03-22 17:02:10.935,2.0319513511434377
2025-03-22 17:02:10.935,-1.6644298434128144
2025-03-22 17:02:10.936,-3.7683034007901908
2025-03-22 17:02:10.936,-1.4823203189045395
2025-03-22 17:02:10.936,2.635685341083024
2025-03-22 17:02:10.945,4.057987756940054
2025-03-22 17:02:10.945,1.6968241903515424
2025-03-22 17:02:10.945,-1.5204788960877462
2025-03-22 17:02:10.946,-2.808345669885326
2025-03-22 17:02:10.946,-2.1950760192005596
2025-03-22 17:02:10.955,-0.855450418406789
2025-03-22 17:02:10.955,0.9293131806521606
2025-03-22 17:02:10.956,2.790416921717448
2025-03-22 17:02:10.956,2.9680380534155613
2025-03-22 17:02:10.956,0.20809204414789417
2025-03-22 17:02:10.965,-3.4704182409898143
2025-03-22 17:02:10.965,-4.035500614749121
2025-03-22 17:02:10.966,-0.20407349281864062
2025-03-22 17:02:10.966,4.303479273644983
2025-03-22 17:02:10.966,4.459420573069004
2025-03-22 17:02:10.975,-0.3208508811053667
2025-03-22 17:02:10.975,-5.092531112724474
2025-03-22 17:02:10.976,-4.625708611448592
2025-03-22 17:02:10.976,0.6694432132990681
2025-03-22 17:02:10.976,5.109688376647047
2025-03-22 17:02:10.985,4.293928361248174
2025-03-22 17:02:10.985,-0.10591429406144154
2025-03-22 17:02:10.985,-3.283169541046667
2025-03-22 17:02:10.985,-3.4380610865255665
2025-03-22 17:02:10.986,-2.3570940279712556
2025-03-22 17:02:10.995,-0.7932926801137524
2025-03-22 17:02:10.995,2.575072278379589
2025-03-22 17:02:10.995,6.48045767903483
2025-03-22 17:02:10.995,5.739913679287864
2025-03-22 17:02:10.996,-1.838767857545634
2025-03-22 17:02:11.003,-9.828422880024561
2025-03-22 17:02:11.003,-9.102301002927401
2025-03-22 17:02:11.004,0.7853589632956214
2025-03-22 17:02:11.004,10.014731389174798
2025-03-22 17:02:11.013,9.48620491748651
2025-03-22 17:02:11.013,0.6526350894459072
2025-03-22 17:02:11.013,-7.24767774487351
2025-03-22 17:02:11.014,-7.630268065858369
2025-03-22 17:02:11.014,-1.9863537465255368
2025-03-22 17:02:11.023,3.7669373121631264
2025-03-22 17:02:11.023,5.4256998722653265
2025-03-22 17:02:11.023,2.810715094273778
2025-03-22 17:02:11.024,-1.475456820638839
2025-03-22 17:02:11.024,-4.0890325521837365
2025-03-22 17:02:11.033,-3.0260330453188335
2025-03-22 17:02:11.033,0.652077807195754
2025-03-22 17:02:11.033,3.4059956328209156
2025-03-22 17:02:11.034,2.6496937087067414
2025-03-22 17:02:11.034,-0.461127403717633
2025-03-22 17:02:11.043,-2.4932250605576467
2025-03-22 17:02:11.043,-1.7710964139505168
2025-03-22 17:02:11.044,0.12038995748190653
2025-03-22 17:02:11.044,0.9120163416724237
2025-03-22 17:02:11.044,0.4833783539339851
2025-03-22 17:02:11.053,0.36122320427131094
2025-03-22 17:02:11.053,1.073233410711721
2025-03-22 17:02:11.053,1.1823757480310493
2025-03-22 17:02:11.054,-0.5854416456266683
2025-03-22 17:02:11.054,-2.896710179436821
2025-03-22 17:02:11.063,-2.7423805761237916
2025-03-22 17:02:11.063,0.6441498955546028
2025-03-22 17:02:11.063,3.900760151715671
2025-03-22 17:02:11.064,3.095723524195173
2025-03-22 17:02:11.064,-1.0850517190038982
2025-03-22 17:02:11.072,-3.605411677459294
2025-03-22 17:02:11.072,-1.376259084876698
2025-03-22 17:02:11.072,2.361235634221935
2025-03-22 17:02:11.072,2.0290406745554908
2025-03-22 17:02:11.072,-2.4063445273732147
2025-03-22 17:02:11.081,-4.4672341093396435
2025-03-22 17:02:11.082,0.28217428763222174
2025-03-22 17:02:11.082,7.0240544403750125
2025-03-22 17:02:11.082,6.653938123543786
2025-03-22 17:02:11.091,-2.1702385137223215
2025-03-22 17:02:11.091,-9.972932099613415
2025-03-22 17:02:11.092,-7.6456032205089315
2025-03-22 17:02:11.092,2.257853937029766
2025-03-22 17:02:11.092,8.95514494682254
2025-03-22 17:02:11.101,6.641499601455098
2025-03-22 17:02:11.101,-0.07121147379391979
2025-03-22 17:02:11.101,-4.041129558631585
2025-03-22 17:02:11.102,-4.132851240071425
2025-03-22 17:02:11.102,-3.3255215368316096
2025-03-22 17:02:11.111,-2.109752845905113
2025-03-22 17:02:11.111,1.4068360398284434
2025-03-22 17:02:11.111,5.843300480131952
2025-03-22 17:02:11.112,6.13138124222072
2025-03-22 17:02:11.112,0.5173673080232175
2025-03-22 17:02:11.121,-5.6228102286024
2025-03-22 17:02:11.121,-5.964193715534442
2025-03-22 17:02:11.121,-1.202291842326583
2025-03-22 17:02:11.122,2.475974080453006
2025-03-22 17:02:11.122,1.958268694270719
2025-03-22 17:02:11.131,0.5020294194819664
2025-03-22 17:02:11.131,1.7171626766615276
2025-03-22 17:02:11.131,3.605292455949272
2025-03-22 17:02:11.132,1.3947009982677452
2025-03-22 17:02:11.132,-4.778326106218032
2025-03-22 17:02:11.141,-8.240354451984683
2025-03-22 17:02:11.141,-3.470169927242349
2025-03-22 17:02:11.141,6.026184943182077
2025-03-22 17:02:11.142,10.302588986427244
2025-03-22 17:02:11.142,4.277649386154695
2025-03-22 17:02:11.151,-5.744712677625325
2025-03-22 17:02:11.151,-9.123329184917598
2025-03-22 17:02:11.151,-3.3172622654735906
2025-03-22 17:02:11.152,3.925024638714949
2025-03-22 17:02:11.152,5.112227043419546
2025-03-22 17:02:11.159,1.7955662580875615
2025-03-22 17:02:11.160,0.01223300546838818
2025-03-22 17:02:11.160,0.3146333482122508
2025-03-22 17:02:11.160,-1.8759326979687911
2025-03-22 17:02:11.160,-6.325272892113318
2025-03-22 17:02:11.169,-5.4408203883959425
2025-03-22 17:02:11.170,4.3081882900539465
2025-03-22 17:02:11.170,13.477859171811987
2025-03-22 17:02:11.170,9.241953060256074
2025-03-22 17:02:11.179,-6.930533804537482
2025-03-22 17:02:11.179,-18.13441247522351
2025-03-22 17:02:11.179,-11.327645330176853
2025-03-22 17:02:11.180,6.832841134809777
2025-03-22 17:02:11.180,17.60626094508732
2025-03-22 17:02:11.187,11.266460475468564
2025-03-22 17:02:11.187,-3.789600167832843
2025-03-22 17:02:11.188,-12.422952991073426
2025-03-22 17:02:11.188,-8.846906567900122
2025-03-22 17:02:11.197,0.2802192009913813
2025-03-22 17:02:11.197,5.707137245213124
2025-03-22 17:02:11.198,4.931323182138522
2025-03-22 17:02:11.198,1.752664822909708
2025-03-22 17:02:11.198,-0.28482655900773984
2025-03-22 17:02:11.207,-1.2857156526047004
2025-03-22 17:02:11.208,-2.428253275940202
2025-03-22 17:02:11.208,-2.8938678113703475
2025-03-22 17:02:11.208,-1.0339806658635007
2025-03-22 17:02:11.208,2.4739144423672053
2025-03-22 17:02:11.217,4.40218017321773
2025-03-22 17:02:11.217,2.3353826143569836
2025-03-22 17:02:11.217,-2.2673714580397903
2025-03-22 17:02:11.218,-4.97930066597476
2025-03-22 17:02:11.218,-2.886076518048684
2025-03-22 17:02:11.227,1.9562571825457507
2025-03-22 17:02:11.227,4.478011520202492
2025-03-22 17:02:11.227,2.336184660192085
2025-03-22 17:02:11.228,-1.4774898269351104
2025-03-22 17:02:11.228,-2.623498909436085
2025-03-22 17:02:11.237,-0.771223997836268
2025-03-22 17:02:11.237,0.7416332328502226
2025-03-22 17:02:11.238,0.03642808562549371
2025-03-22 17:02:11.238,-0.8783479366853801
2025-03-22 17:02:11.238,0.2997492650611516
2025-03-22 17:02:11.247,2.1582113277105344
2025-03-22 17:02:11.247,1.4820531121316878
2025-03-22 17:02:11.248,-1.5152174250226684
2025-03-22 17:02:11.248,-2.8338245147680063
2025-03-22 17:02:11.248,-0.47200708444131
2025-03-22 17:02:11.257,2.2056972602442046
2025-03-22 17:02:11.257,1.2364424530007125
2025-03-22 17:02:11.258,-1.7741573235928227
2025-03-22 17:02:11.258,-1.762648268079393
2025-03-22 17:02:11.258,2.004449564572895
2025-03-22 17:02:11.265,4.18765033663722
2025-03-22 17:02:11.266,0.8046280108771366
2025-03-22 17:02:11.266,-4.734244007237153
2025-03-22 17:02:11.266,-5.71034892288174
2025-03-22 17:02:11.266,-0.6362694058635838
2025-03-22 17:02:11.276,5.131277928146164
2025-03-22 17:02:11.276,5.965461065163622
2025-03-22 17:02:11.276,1.715524850989782
2025-03-22 17:02:11.276,-3.3858803422356907
2025-03-22 17:02:11.276,-5.364749781435991
2025-03-22 17:02:11.285,-3.2226286888317124
2025-03-22 17:02:11.286,1.1234533941601832
2025-03-22 17:02:11.286,4.245222632289168
2025-03-22 17:02:11.286,3.686495017080483
2025-03-22 17:02:11.286,0.34696178698835956
2025-03-22 17:02:11.295,-2.271429320221358
2025-03-22 17:02:11.296,-2.0742611193446647
2025-03-22 17:02:11.296,-0.7051223875938696
2025-03-22 17:02:11.296,-0.6951457485258465
2025-03-22 17:02:11.305,-1.336294235154523
2025-03-22 17:02:11.305,0.3034130217962293
2025-03-22 17:02:11.306,4.067555071987499
2025-03-22 17:02:11.306,5.141796880949265
2025-03-22 17:02:11.306,0.05013508050650478
2025-03-22 17:02:11.315,-7.132050565379364
2025-03-22 17:02:11.315,-7.911093776206984
2025-03-22 17:02:11.316,0.29101917445443237
2025-03-22 17:02:11.316,9.444611010417738
2025-03-22 17:02:11.316,9.100566350842518
2025-03-22 17:02:11.323,-1.2715813456430722
2025-03-22 17:02:11.324,-10.708853519392429
2025-03-22 17:02:11.324,-8.770035023624022
2025-03-22 17:02:11.324,2.4281432327849157
2025-03-22 17:02:11.333,10.510661965952227
2025-03-22 17:02:11.334,7.053180798505434
2025-03-22 17:02:11.334,-3.1881789180404434
2025-03-22 17:02:11.334,-8.695880629798562
2025-03-22 17:02:11.334,-4.601361901252989
2025-03-22 17:02:11.343,3.1548395220577614
2025-03-22 17:02:11.343,6.184274533813301
2025-03-22 17:02:11.344,2.763419288291079
2025-03-22 17:02:11.344,-2.339920095484067
2025-03-22 17:02:11.344,-4.381131849383844
2025-03-22 17:02:11.353,-2.65019388400356
2025-03-22 17:02:11.354,0.7821466909289532
2025-03-22 17:02:11.354,3.596336145567301
2025-03-22 17:02:11.354,4.0690074071330375
2025-03-22 17:02:11.354,1.4658215607541862
2025-03-22 17:02:11.363,-2.849473142639645
2025-03-22 17:02:11.363,-5.461799639864883
2025-03-22 17:02:11.363,-3.6891722417079573
2025-03-22 17:02:11.364,1.3391983501329983
2025-03-22 17:02:11.364,5.273582992293583
2025-03-22 17:02:11.373,4.730086029734546
2025-03-22 17:02:11.373,0.5284716882840643
2025-03-22 17:02:11.374,-3.463992723668287
2025-03-22 17:02:11.374,-4.204448975096178
2025-03-22 17:02:11.374,-1.8131980936159946
2025-03-22 17:02:11.383,1.3404703870897758
2025-03-22 17:02:11.383,2.941111925595283
2025-03-22 17:02:11.383,2.1539382448864828
2025-03-22 17:02:11.384,-0.1862067456934749
2025-03-22 17:02:11.384,-2.114888370344506
2025-03-22 17:02:11.393,-1.8511830317353377
2025-03-22 17:02:11.393,0.4461753623324804
2025-03-22 17:02:11.393,2.3120359773312096
2025-03-22 17:02:11.394,1.3601386219368887
2025-03-22 17:02:11.394,-1.6723188476706408
2025-03-22 17:02:11.403,-3.2510964604921195
2025-03-22 17:02:11.403,-1.1286015151925735
2025-03-22 17:02:11.403,2.6863146243094973
2025-03-22 17:02:11.404,4.082245346560394
2025-03-22 17:02:11.404,1.555899972625035
2025-03-22 17:02:11.413,-2.3187233367478735
2025-03-22 17:02:11.413,-3.9912764421085796
2025-03-22 17:02:11.414,-2.4384857519032077
2025-03-22 17:02:11.414,0.5506091555346158
2025-03-22 17:02:11.414,2.583603949649953
2025-03-22 17:02:11.422,2.615932332102983
2025-03-22 17:02:11.422,1.2428918343104625
2025-03-22 17:02:11.422,-0.263263413237072
2025-03-22 17:02:11.422,-1.0968979512498402
2025-03-22 17:02:11.422,-1.3454754916748897
2025-03-22 17:02:11.432,-1.4807431495142926
2025-03-22 17:02:11.432,-1.5222752443440422
2025-03-22 17:02:11.432,-0.8127854800222709
2025-03-22 17:02:11.432,1.1544560566378619
2025-03-22 17:02:11.432,3.522794760803243
2025-03-22 17:02:11.441,4.0409122514878915
2025-03-22 17:02:11.442,1.102206381776874
2025-03-22 17:02:11.442,-3.790665228834317
2025-03-22 17:02:11.442,-6.4043506628786
2025-03-22 17:02:11.451,-3.7282037943633117
2025-03-22 17:02:11.452,2.4616118498118134
2025-03-22 17:02:11.452,6.846243800935792
2025-03-22 17:02:11.452,5.619421228769698
2025-03-22 17:02:11.452,-0.10567511242286942
2025-03-22 17:02:11.452,-5.698386846783678
2025-03-22 17:02:11.462,-6.9667325809029705
2025-03-22 17:02:11.462,-2.9243014463526262
2025-03-22 17:02:11.462,3.7650913600900187
2025-03-22 17:02:11.462,8.145705725357995
2025-03-22 17:02:11.462,6.110683003985573
2025-03-22 17:02:11.472,-1.6676767049645365
2025-03-22 17:02:11.472,-8.81227355675173
2025-03-22 17:02:11.472,-8.293376041666178
2025-03-22 17:02:11.472,0.15445395230443693
2025-03-22 17:02:11.481,8.589127762538329
2025-03-22 17:02:11.481,8.50858681165643
2025-03-22 17:02:11.482,0.03900750989430657
2025-03-22 17:02:11.482,-7.8414759502157745
2025-03-22 17:02:11.482,-6.976795115892878
2025-03-22 17:02:11.491,1.026610713099447
2025-03-22 17:02:11.491,6.918750216199311
2025-03-22 17:02:11.491,4.582154544049363
2025-03-22 17:02:11.492,-2.3216373729765767
2025-03-22 17:02:11.492,-5.520316205875249
2025-03-22 17:02:11.501,-2.146747748360828
2025-03-22 17:02:11.501,2.803354867722916
2025-03-22 17:02:11.501,3.5413532929558964
2025-03-22 17:02:11.502,0.26040666675281665
2025-03-22 17:02:11.502,-2.3215801228742365
2025-03-22 17:02:11.511,-1.40462363270866
2025-03-22 17:02:11.511,0.9703712936229671
2025-03-22 17:02:11.511,1.3202532804933882
2025-03-22 17:02:11.512,-0.6187803809702782
2025-03-22 17:02:11.512,-1.800634822728193
2025-03-22 17:02:11.521,-0.1414618157353255
2025-03-22 17:02:11.521,2.4395884591008774
2025-03-22 17:02:11.521,2.298229406023098
2025-03-22 17:02:11.522,-1.0284203763401571
2025-03-22 17:02:11.522,-3.7249955729955984
2025-03-22 17:02:11.531,-2.2747345372463634
2025-03-22 17:02:11.531,1.9303291693225268
2025-03-22 17:02:11.531,4.026446565039979
2025-03-22 17:02:11.532,1.5886463522889245
2025-03-22 17:02:11.532,-2.3877493385909236
2025-03-22 17:02:11.541,-3.1964239763083095
2025-03-22 17:02:11.541,-0.19151426877174318
2025-03-22 17:02:11.542,2.548822619639968
2025-03-22 17:02:11.542,1.485689392869963
2025-03-22 17:02:11.542,-1.7855091624796544
2025-03-22 17:02:11.549,-2.5600181008907477
2025-03-22 17:02:11.550,0.6589901501232536
2025-03-22 17:02:11.550,3.757273875379579
2025-03-22 17:02:11.550,2.183697317954503
2025-03-22 17:02:11.550,-2.699765853002357
2025-03-22 17:02:11.559,-4.812593420569549
2025-03-22 17:02:11.560,-1.1506824080732723
2025-03-22 17:02:11.560,4.018714470912574
2025-03-22 17:02:11.560,4.422105830442684
2025-03-22 17:02:11.569,-0.2905525502382681
2025-03-22 17:02:11.570,-4.29960806537274
2025-03-22 17:02:11.570,-3.025574842786199
2025-03-22 17:02:11.570,1.5653892512719834
2025-03-22 17:02:11.570,3.916345043199665
2025-03-22 17:02:11.579,1.57046994740803
2025-03-22 17:02:11.580,-2.4696657894577227
2025-03-22 17:02:11.580,-3.5737294833053386
2025-03-22 17:02:11.580,-0.5634634014219355
2025-03-22 17:02:11.580,3.2552059392135866
2025-03-22 17:02:11.589,3.708472102818728
2025-03-22 17:02:11.589,0.12160882347977739
2025-03-22 17:02:11.590,-3.9489802619168706
2025-03-22 17:02:11.590,-4.298130583633376
2025-03-22 17:02:11.590,-0.3383524435445866
2025-03-22 17:02:11.599,4.204004634955288
2025-03-22 17:02:11.599,4.8537351454038395
2025-03-22 17:02:11.600,0.8158043025731074
2025-03-22 17:02:11.600,-4.015685047420113
2025-03-22 17:02:11.600,-4.764211002199212
2025-03-22 17:02:11.609,-0.6815176672119491
2025-03-22 17:02:11.609,3.7933375997434404
2025-03-22 17:02:11.610,3.840599758487516
2025-03-22 17:02:11.610,-0.18929008531681057
2025-03-22 17:02:11.610,-3.343985853917797
2025-03-22 17:02:11.619,-2.2927868275986354
2025-03-22 17:02:11.619,0.8126603479911548
2025-03-22 17:02:11.619,1.794230966786362
2025-03-22 17:02:11.620,0.19374336556393998
2025-03-22 17:02:11.620,-0.6422998354394608
2025-03-22 17:02:11.627,1.0606004275714618
2025-03-22 17:02:11.628,2.527670849266603
2025-03-22 17:02:11.628,0.3240233506498843
2025-03-22 17:02:11.628,-4.10405387535482
2025-03-22 17:02:11.628,-5.2102517491273845
2025-03-22 17:02:11.638,-0.2939925366052316
2025-03-22 17:02:11.638,6.088974781422991
2025-03-22 17:02:11.638,6.580876556015811
2025-03-22 17:02:11.638,-0.18697177917527963
2025-03-22 17:02:11.638,-7.084228324100276
2025-03-22 17:02:11.648,-6.18312500498372
2025-03-22 17:02:11.648,1.7644148967938664
2025-03-22 17:02:11.648,7.686178830655882
2025-03-22 17:02:11.648,4.745389103798581
2025-03-22 17:02:11.648,-3.469822129288106
2025-03-22 17:02:11.658,-7.409743201390419
2025-03-22 17:02:11.658,-3.123786541756881
2025-03-22 17:02:11.658,3.65251943654566
2025-03-22 17:02:11.658,5.39282257696156
2025-03-22 17:02:11.658,1.6659516617652383
2025-03-22 17:02:11.667,-2.0127578549477976
2025-03-22 17:02:11.668,-2.1170599220342696
2025-03-22 17:02:11.668,-0.5353012807075881
2025-03-22 17:02:11.668,-0.2520115007414029
2025-03-22 17:02:11.677,-0.8851569186594392
2025-03-22 17:02:11.678,-0.18723028839916314
2025-03-22 17:02:11.678,1.866126850639324
2025-03-22 17:02:11.678,2.7527797684826
2025-03-22 17:02:11.678,0.8836989289814785
2025-03-22 17:02:11.678,-2.250264905149713
2025-03-22 17:02:11.688,-3.773560095308095
2025-03-22 17:02:11.688,-2.288769001065609
2025-03-22 17:02:11.688,1.226807935150912
2025-03-22 17:02:11.688,4.359305126808813
2025-03-22 17:02:11.688,4.590732916464884
2025-03-22 17:02:11.697,0.9430018915533231
2025-03-22 17:02:11.698,-4.372361389618924
2025-03-22 17:02:11.698,-6.688352054759563
2025-03-22 17:02:11.698,-3.143893664847538
2025-03-22 17:02:11.707,3.5290635302657547
2025-03-22 17:02:11.707,7.014208906888839
2025-03-22 17:02:11.708,4.003112622087352
2025-03-22 17:02:11.708,-2.169072723989709
2025-03-22 17:02:11.708,-5.30190971660646
2025-03-22 17:02:11.717,-3.0327745406290862
2025-03-22 17:02:11.718,1.2637312105318421
2025-03-22 17:02:11.718,2.9083487297633774
2025-03-22 17:02:11.718,0.9545251273391173
2025-03-22 17:02:11.718,-1.5741611534823272
2025-03-22 17:02:11.727,-1.5428886132423905
2025-03-22 17:02:11.728,0.9696939771364208
2025-03-22 17:02:11.728,2.9818776740646356
2025-03-22 17:02:11.728,1.8475856860526103
2025-03-22 17:02:11.728,-1.7990159647851245
2025-03-22 17:02:11.737,-4.403507592104811
2025-03-22 17:02:11.737,-3.075302599420274
2025-03-22 17:02:11.738,1.2609053025573436
2025-03-22 17:02:11.738,4.655656793773319
2025-03-22 17:02:11.738,4.064470643274072
2025-03-22 17:02:11.747,0.19127091223318887
2025-03-22 17:02:11.747,-3.4990321662090484
2025-03-22 17:02:11.748,-4.14021465593087
2025-03-22 17:02:11.748,-1.71858626047723
2025-03-22 17:02:11.748,1.5143120441298963
2025-03-22 17:02:11.757,3.2625110338752914
2025-03-22 17:02:11.757,2.74888758857305
2025-03-22 17:02:11.758,0.6427570838525113
2025-03-22 17:02:11.758,-1.8040636241232177
2025-03-22 17:02:11.758,-3.271952448635707
2025-03-22 17:02:11.767,-2.6311611872244054
2025-03-22 17:02:11.767,0.24955037904059443
2025-03-22 17:02:11.768,3.5567854207651166
2025-03-22 17:02:11.768,4.270727369080477
2025-03-22 17:02:11.768,1.0388135320595382
2025-03-22 17:02:11.777,-3.6528192328385267
2025-03-22 17:02:11.777,-5.259984756499734
2025-03-22 17:02:11.778,-1.8580727462486197
2025-03-22 17:02:11.778,3.3908421611138984
2025-03-22 17:02:11.778,5.250977530052046
2025-03-22 17:02:11.785,1.9822700575885484
2025-03-22 17:02:11.786,-2.7537818199675135
2025-03-22 17:02:11.786,-4.007735075589979
2025-03-22 17:02:11.786,-1.074240604177074
2025-03-22 17:02:11.786,2.015081148149279
2025-03-22 17:02:11.797,1.6075960227564123
2025-03-22 17:02:11.797,-1.0931152203944283
2025-03-22 17:02:11.797,-1.7561974094284307
2025-03-22 17:02:11.798,1.212414977405613
2025-03-22 17:02:11.798,4.111804810804472
2025-03-22 17:02:11.806,2.3654385634198833
2025-03-22 17:02:11.806,-3.229692412811927
2025-03-22 17:02:11.806,-6.553312638752329
2025-03-22 17:02:11.806,-3.2393466699782234
2025-03-22 17:02:11.806,3.660513810082651
2025-03-22 17:02:11.816,6.814318640624945
2025-03-22 17:02:11.816,3.121678896761632
2025-03-22 17:02:11.816,-2.827418782935963
2025-03-22 17:02:11.816,-4.570830193103594
2025-03-22 17:02:11.825,-1.4005755050570126
2025-03-22 17:02:11.826,1.6768151785132839
2025-03-22 17:02:11.826,0.9691165567847131
2025-03-22 17:02:11.826,-1.3498292690034952
2025-03-22 17:02:11.826,-0.8391373772473013
2025-03-22 17:02:11.835,2.6023499836015707
2025-03-22 17:02:11.836,4.065785814187783
2025-03-22 17:02:11.836,0.15153620151196634
2025-03-22 17:02:11.836,-5.576547743024514
2025-03-22 17:02:11.836,-5.914679655882081
2025-03-22 17:02:11.845,0.9403054164527984
2025-03-22 17:02:11.845,7.89926979108688
2025-03-22 17:02:11.846,6.5841672457163565
2025-03-22 17:02:11.846,-2.3956949983504994
2025-03-22 17:02:11.846,-9.333616526625732
2025-03-22 17:02:11.855,-6.357896415371007
2025-03-22 17:02:11.855,3.444505305634718
2025-03-22 17:02:11.855,9.54839869302586
2025-03-22 17:02:11.856,5.779992005821767
2025-03-22 17:02:11.856,-3.401165308426642
2025-03-22 17:02:11.865,-8.55920561126661
2025-03-22 17:02:11.865,-5.341530377369195
2025-03-22 17:02:11.865,2.197705786404557
2025-03-22 17:02:11.866,6.934100699335502
2025-03-22 17:02:11.866,5.4281153223038645
2025-03-22 17:02:11.875,-0.29648416429509883
2025-03-22 17:02:11.875,-5.511436046245001
2025-03-22 17:02:11.876,-6.264700127451024
2025-03-22 17:02:11.876,-1.7118355683692021
2025-03-22 17:02:11.876,4.870820417355709
2025-03-22 17:02:11.884,7.670890059633178
2025-03-22 17:02:11.884,3.289400842781717
2025-03-22 17:02:11.884,-4.8406486122517
2025-03-22 17:02:11.884,-8.690355365882596
2025-03-22 17:02:11.893,-3.999429476900326
2025-03-22 17:02:11.894,4.5008857666299305
2025-03-22 17:02:11.894,8.048762072239496
2025-03-22 17:02:11.894,3.63372810094339
2025-03-22 17:02:11.894,-3.170606658820244
2025-03-22 17:02:11.903,-5.3557677752744
2025-03-22 17:02:11.903,-2.2474829918140813
2025-03-22 17:02:11.904,1.258044857960543
2025-03-22 17:02:11.904,1.5947266772156514
2025-03-22 17:02:11.904,0.18219696708328145
2025-03-22 17:02:11.913,0.1627512396750401
2025-03-22 17:02:11.913,1.7163452710117377
2025-03-22 17:02:11.914,2.0985774280499827
2025-03-22 17:02:11.914,-0.36547231187920515
2025-03-22 17:02:11.914,-3.717927578932769
2025-03-22 17:02:11.923,-4.244895107703932
2025-03-22 17:02:11.923,-0.6012822513448031
2025-03-22 17:02:11.924,4.296282969088683
2025-03-22 17:02:11.924,5.80351969605613
2025-03-22 17:02:11.924,2.178037383732357
2025-03-22 17:02:11.933,-3.469579694554578
2025-03-22 17:02:11.933,-6.112399966084634
2025-03-22 17:02:11.934,-3.612085406894557
2025-03-22 17:02:11.934,1.5459328108849357
2025-03-22 17:02:11.934,4.94196461064411
2025-03-22 17:02:11.942,4.179962564430151
2025-03-22 17:02:11.942,0.47620651127317226
2025-03-22 17:02:11.942,-2.891084972499971
2025-03-22 17:02:11.942,-3.4831784607225034
2025-03-22 17:02:11.942,-1.511654236814301
2025-03-22 17:02:11.953,0.8559048534810237
2025-03-22 17:02:11.953,1.827928715634148
2025-03-22 17:02:11.954,1.3930816884074562
2025-03-22 17:02:11.954,0.5017851430039922
2025-03-22 17:02:11.954,-0.326327100611562
2025-03-22 17:02:11.961,-0.9711255486584061
2025-03-22 17:02:11.962,-0.9773827455751163
2025-03-22 17:02:11.962,-0.0024859868381069544
2025-03-22 17:02:11.962,1.1085100887543917
2025-03-22 17:02:11.971,0.9047284494922535
2025-03-22 17:02:11.972,-0.6116098858880551
2025-03-22 17:02:11.972,-1.5549748667341692
2025-03-22 17:02:11.972,-0.5741745453688345
2025-03-22 17:02:11.972,1.1078506273127917
2025-03-22 17:02:11.981,1.2241123277274477
2025-03-22 17:02:11.982,-0.34243000232917437
2025-03-22 17:02:11.982,-1.2484113582977878
2025-03-22 17:02:11.982,0.14114198699636854
2025-03-22 17:02:11.982,2.326763843067922
2025-03-22 17:02:11.991,2.192083405662822
2025-03-22 17:02:11.992,-1.2719462373336852
2025-03-22 17:02:11.992,-5.185441443214781
2025-03-22 17:02:11.992,-5.039779638955871
2025-03-22 17:02:11.992,0.6602170415128505
2025-03-22 17:02:12.001,7.6968652064994805
2025-03-22 17:02:12.001,9.051730001328425
2025-03-22 17:02:12.001,1.9598484687963709
2025-03-22 17:02:12.002,-8.02802429411228
2025-03-22 17:02:12.002,-11.624711554556386
2025-03-22 17:02:12.011,-5.248901814691326
2025-03-22 17:02:12.011,5.092881822069713
2025-03-22 17:02:12.012,10.19529377063298
2025-03-22 17:02:12.012,6.956868413852792
2025-03-22 17:02:12.012,0.08943993331179129
2025-03-22 17:02:12.020,-4.4764585262172005
2025-03-22 17:02:12.020,-5.441795834482347
2025-03-22 17:02:12.020,-4.780902675189558
2025-03-22 17:02:12.020,-3.034345059304461
2025-03-22 17:02:12.020,1.1310137601541912
2025-03-22 17:02:12.030,6.739730541060399
2025-03-22 17:02:12.030,8.868381952567868
2025-03-22 17:02:12.030,3.62608415371649
2025-03-22 17:02:12.030,-5.8861260089759355
2025-03-22 17:02:12.030,-11.075682370589142
2025-03-22 17:02:12.040,-6.52813458052692
2025-03-22 17:02:12.040,3.782402861504284
2025-03-22 17:02:12.040,10.18612943678984
2025-03-22 17:02:12.040,7.070584233935241
2025-03-22 17:02:12.040,-1.882161318465416
2025-03-22 17:02:12.050,-8.054901332307482
2025-03-22 17:02:12.050,-6.421312901068029
2025-03-22 17:02:12.050,0.5264073367079642
2025-03-22 17:02:12.050,6.137649837893345
2025-03-22 17:02:12.050,5.834409338417139
2025-03-22 17:02:12.060,0.5676608362550588
2025-03-22 17:02:12.060,-4.665659841363872
2025-03-22 17:02:12.060,-5.433611026287463
2025-03-22 17:02:12.060,-1.5993844819778882
2025-03-22 17:02:12.069,3.0424937813004314
2025-03-22 17:02:12.070,4.6218019902140846
2025-03-22 17:02:12.070,2.507860941650007
2025-03-22 17:02:12.070,-0.9490154242631899
2025-03-22 17:02:12.070,-3.09392826494392
2025-03-22 17:02:12.079,-2.895179720562497
2025-03-22 17:02:12.080,-0.9719827198217065
2025-03-22 17:02:12.080,1.195486638632165
2025-03-22 17:02:12.080,2.1619368754483896
2025-03-22 17:02:12.080,1.5674968357927843
2025-03-22 17:02:12.089,0.46425820739950985
2025-03-22 17:02:12.090,-0.06705835900824228
2025-03-22 17:02:12.090,-0.45193015536802067
2025-03-22 17:02:12.090,-1.6426061852973521
2025-03-22 17:02:12.090,-2.6958177652056845
2025-03-22 17:02:12.099,-1.26296041435773
2025-03-22 17:02:12.100,2.5314957080063323
2025-03-22 17:02:12.100,4.656156394169234
2025-03-22 17:02:12.100,1.8498624731035052
2025-03-22 17:02:12.100,-3.2798268375263793
2025-03-22 17:02:12.109,-4.692015698531097
2025-03-22 17:02:12.109,-0.6647543587746941
2025-03-22 17:02:12.110,3.7160295962566288
2025-03-22 17:02:12.110,3.153019154283404
2025-03-22 17:02:12.110,-1.149116524689531
2025-03-22 17:02:12.119,-3.6304508205083783
2025-03-22 17:02:12.120,-1.7209493308023849
2025-03-22 17:02:12.120,1.780752276244961
2025-03-22 17:02:12.120,3.2342940170773553
2025-03-22 17:02:12.120,2.109077064072919
2025-03-22 17:02:12.129,-0.2564069399023305
2025-03-22 17:02:12.130,-3.012439413661477
2025-03-22 17:02:12.130,-4.914705837510199
2025-03-22 17:02:12.130,-3.225666677206693
2025-03-22 17:02:12.130,3.0518464167833668
2025-03-22 17:02:12.138,9.13132289173305
2025-03-22 17:02:12.138,7.508577735909629
2025-03-22 17:02:12.138,-2.788981222692466
2025-03-22 17:02:12.138,-12.453263710346365
2025-03-22 17:02:12.147,-10.801779597696488
2025-03-22 17:02:12.147,1.7337772087863406
2025-03-22 17:02:12.148,12.893212376355761
2025-03-22 17:02:12.148,11.57800706332457
2025-03-22 17:02:12.148,-0.2413110409459408
2025-03-22 17:02:12.157,-10.297351975670916
2025-03-22 17:02:12.157,-9.58327542459972
2025-03-22 17:02:12.158,-0.8745620768476721
2025-03-22 17:02:12.158,6.177795904083887
2025-03-22 17:02:12.158,5.873751409245305
2025-03-22 17:02:12.167,0.8868819378069958
2025-03-22 17:02:12.167,-2.590683242385714
2025-03-22 17:02:12.168,-1.8229080771942738
2025-03-22 17:02:12.168,0.6666626881888771
2025-03-22 17:02:12.168,0.9842737794232608
2025-03-22 17:02:12.177,-1.463264807472587
2025-03-22 17:02:12.177,-3.402266324378234
2025-03-22 17:02:12.178,-1.6021411733913227
2025-03-22 17:02:12.178,3.098236070317471
2025-03-22 17:02:12.178,6.149314211385002
2025-03-22 17:02:12.187,3.801646115522612
2025-03-22 17:02:12.187,-2.7952037658421647
2025-03-22 17:02:12.188,-7.990379243864362
2025-03-22 17:02:12.188,-6.512880555100243
2025-03-22 17:02:12.188,1.1947802091598843
2025-03-22 17:02:12.196,8.435662198378179
2025-03-22 17:02:12.196,8.233850616926796
2025-03-22 17:02:12.196,0.6122896724916608
2025-03-22 17:02:12.196,-6.992339957695
2025-03-22 17:02:12.196,-7.498360135513541
2025-03-22 17:02:12.206,-1.5502636296435341
2025-03-22 17:02:12.206,4.00054997271628
2025-03-22 17:02:12.206,4.192926193844892
2025-03-22 17:02:12.206,0.7382381460026937
2025-03-22 17:02:12.206,-1.3782411030491761
2025-03-22 17:02:12.216,-0.20098404377540388
2025-03-22 17:02:12.216,1.6537479620797626
2025-03-22 17:02:12.216,1.0370464097150092
2025-03-22 17:02:12.216,-1.7896402894134689
2025-03-22 17:02:12.217,-3.790220215171289
2025-03-22 17:02:12.226,-2.79391478476963
2025-03-22 17:02:12.226,0.4662949629546107
2025-03-22 17:02:12.226,3.5981291056837312
2025-03-22 17:02:12.226,4.685121599206057
2025-03-22 17:02:12.226,3.0251870200517708
2025-03-22 17:02:12.236,-0.8996994199768356
2025-03-22 17:02:12.236,-5.049285407686824
2025-03-22 17:02:12.236,-6.1953165895647455
2025-03-22 17:02:12.236,-2.4798127776239145
2025-03-22 17:02:12.245,3.843010948177347
2025-03-22 17:02:12.246,7.398845906602434
2025-03-22 17:02:12.246,4.618432274438281
2025-03-22 17:02:12.246,-2.292138635483861
2025-03-22 17:02:12.246,-6.928148735879707
2025-03-22 17:02:12.255,-4.82112275817548
2025-03-22 17:02:12.256,1.7884905049968955
2025-03-22 17:02:12.256,5.873404994687522
2025-03-22 17:02:12.256,3.1344148863467054
2025-03-22 17:02:12.256,-2.8695898042188355
2025-03-22 17:02:12.265,-4.664888820455747
2025-03-22 17:02:12.266,-0.022553906811230706
2025-03-22 17:02:12.266,4.987513799740627
2025-03-22 17:02:12.266,3.4949508159682083
2025-03-22 17:02:12.266,-3.2851916571460116
2025-03-22 17:02:12.275,-7.163277604098433
2025-03-22 17:02:12.275,-2.8718872548162184
2025-03-22 17:02:12.276,5.4355750258518185
2025-03-22 17:02:12.276,8.755508439040822
2025-03-22 17:02:12.276,3.1539631739292653
2025-03-22 17:02:12.284,-6.123620741605752
2025-03-22 17:02:12.284,-10.022869153946743
2025-03-22 17:02:12.284,-4.3961609197264595
2025-03-22 17:02:12.284,6.038191314122288
2025-03-22 17:02:12.284,11.607163662391159
2025-03-22 17:02:12.293,6.36777312555915
2025-03-22 17:02:12.294,-5.6473181417317315
2025-03-22 17:02:12.294,-13.14629074332607
2025-03-22 17:02:12.294,-8.275966120065677
2025-03-22 17:02:12.303,4.79797868216899
2025-03-22 17:02:12.303,13.30273081363871
2025-03-22 17:02:12.304,8.887651825657574
2025-03-22 17:02:12.304,-3.555644688573555
2025-03-22 17:02:12.304,-11.302248514822974
2025-03-22 17:02:12.313,-7.462145190641243
2025-03-22 17:02:12.313,2.468917903921813
2025-03-22 17:02:12.314,7.865916236749871
2025-03-22 17:02:12.314,4.65468702673939
2025-03-22 17:02:12.314,-1.887806318293618
2025-03-22 17:02:12.323,-4.648681231752064
2025-03-22 17:02:12.323,-2.2053578983898516
2025-03-22 17:02:12.324,1.619943636023984
2025-03-22 17:02:12.324,3.1463846909987736
2025-03-22 17:02:12.324,1.7250863367633413
2025-03-22 17:02:12.333,-1.353524106635728
2025-03-22 17:02:12.334,-4.055614231715062
2025-03-22 17:02:12.334,-3.7426994541940304
2025-03-22 17:02:12.334,0.9404696696524658
2025-03-22 17:02:12.334,6.8471795295300835
2025-03-22 17:02:12.341,7.396369728839755
2025-03-22 17:02:12.342,-0.22314267978720553
2025-03-22 17:02:12.342,-9.72016987808664
2025-03-22 17:02:12.342,-10.874512485950383
2025-03-22 17:02:12.351,-1.0494724164391402
2025-03-22 17:02:12.351,10.761011973344436
2025-03-22 17:02:12.352,12.998230131207034
2025-03-22 17:02:12.352,3.3915347697026617
2025-03-22 17:02:12.352,-9.364373669851702
2025-03-22 17:02:12.360,-14.321624834440135
2025-03-22 17:02:12.360,-7.423700639872805
2025-03-22 17:02:12.360,6.047863125637739
2025-03-22 17:02:12.360,15.509272368552333
2025-03-22 17:02:12.369,12.633980165924273
2025-03-22 17:02:12.369,-1.4706375416930988
2025-03-22 17:02:12.370,-15.477592101756601
2025-03-22 17:02:12.370,-16.757372356422657
2025-03-22 17:02:12.370,-3.4452309798664666
2025-03-22 17:02:12.378,12.803830241685409
2025-03-22 17:02:12.378,17.527876378598478
2025-03-22 17:02:12.378,7.1752174709702246
2025-03-22 17:02:12.378,-8.107948595890152
2025-03-22 17:02:12.387,-14.798907987770896
2025-03-22 17:02:12.388,-8.438690460286965
2025-03-22 17:02:12.388,3.610658015681738
2025-03-22 17:02:12.388,10.336219685202437
2025-03-22 17:02:12.388,7.235598511507875
2025-03-22 17:02:12.397,-0.9635119619959795
2025-03-22 17:02:12.398,-6.212093259333087
2025-03-22 17:02:12.398,-4.783357893589452
2025-03-22 17:02:12.398,0.4681846754701143
2025-03-22 17:02:12.398,3.9482873592882677
2025-03-22 17:02:12.407,2.6288221611557576
2025-03-22 17:02:12.408,-1.6555572405957546
2025-03-22 17:02:12.408,-4.155038600196214
2025-03-22 17:02:12.408,-1.7583483713517476
2025-03-22 17:02:12.408,3.5194637074172017
2025-03-22 17:02:12.417,5.951499938765159
2025-03-22 17:02:12.418,2.117765316990317
2025-03-22 17:02:12.418,-4.661174420148797
2025-03-22 17:02:12.418,-7.311772702173814
2025-03-22 17:02:12.418,-2.794183371538334
2025-03-22 17:02:12.427,4.3352618828934775
2025-03-22 17:02:12.427,6.886284844856325
2025-03-22 17:02:12.428,2.721012007957856
2025-03-22 17:02:12.428,-3.366911582709431
2025-03-22 17:02:12.428,-5.088143553690435
2025-03-22 17:02:12.437,-1.2554437057010515
2025-03-22 17:02:12.437,3.2470127428652833
2025-03-22 17:02:12.437,3.043614207540174
2025-03-22 17:02:12.438,-1.488876518868343
2025-03-22 17:02:12.438,-4.4520613723862015
2025-03-22 17:02:12.447,-1.4623274622142908
2025-03-22 17:02:12.447,4.548114954221291
2025-03-22 17:02:12.448,6.230693261458933
2025-03-22 17:02:12.448,0.6268268435450618
2025-03-22 17:02:12.448,-6.644987343678537
2025-03-22 17:02:12.457,-7.378944637689932
2025-03-22 17:02:12.457,-0.3122355807582345
2025-03-22 17:02:12.458,7.072066474657854
2025-03-22 17:02:12.458,6.890187283426535
2025-03-22 17:02:12.458,-0.24199008282422452
2025-03-22 17:02:12.466,-6.15646053358255
2025-03-22 17:02:12.466,-4.711343916994128
2025-03-22 17:02:12.466,1.4597374428155483
2025-03-22 17:02:12.466,4.815839834791786
2025-03-22 17:02:12.467,2.069904692382616
2025-03-22 17:02:12.476,-2.6858016445462995
2025-03-22 17:02:12.476,-3.7872899433356224
2025-03-22 17:02:12.476,-0.5461124619034889
2025-03-22 17:02:12.476,3.0453389805762097
2025-03-22 17:02:12.476,3.439044213650862
2025-03-22 17:02:12.486,0.7120401817316903
2025-03-22 17:02:12.486,-2.549297351060669
2025-03-22 17:02:12.486,-3.810350503611493
2025-03-22 17:02:12.486,-2.0707526555836897
2025-03-22 17:02:12.496,1.6366839838331786
2025-03-22 17:02:12.496,4.488916985999829
2025-03-22 17:02:12.496,3.7008641384600347
2025-03-22 17:02:12.496,-0.5815863543772841
2025-03-22 17:02:12.496,-4.539494183434585
2025-03-22 17:02:12.505,-4.229680988572034
2025-03-22 17:02:12.506,-0.14570926458160857
2025-03-22 17:02:12.506,3.099636564846347
2025-03-22 17:02:12.506,2.355558425982241
2025-03-22 17:02:12.506,-0.22725379756118994
2025-03-22 17:02:12.515,-0.4887713300904386
2025-03-22 17:02:12.516,1.6673305151183764
2025-03-22 17:02:12.516,2.0624385493344217
2025-03-22 17:02:12.516,-1.557258179006615
2025-03-22 17:02:12.516,-5.629227552749435
2025-03-22 17:02:12.525,-4.843367046886372
2025-03-22 17:02:12.526,1.1511639318732518
2025-03-22 17:02:12.526,7.009532280496824
2025-03-22 17:02:12.526,7.37447727770864
2025-03-22 17:02:12.526,1.9157796806750453
2025-03-22 17:02:12.535,-5.047123055673818
2025-03-22 17:02:12.536,-8.388271164409993
2025-03-22 17:02:12.536,-5.6075986507575974
2025-03-22 17:02:12.536,1.5157414866583088
2025-03-22 17:02:12.536,7.518987847391287
2025-03-22 17:02:12.545,7.127101990744534
2025-03-22 17:02:12.545,0.5570333608999757
2025-03-22 17:02:12.546,-5.682294253878024
2025-03-22 17:02:12.546,-5.323882899264026
2025-03-22 17:02:12.546,0.4277182228462444
2025-03-22 17:02:12.555,4.267555847508547
2025-03-22 17:02:12.555,1.7739622934633674
2025-03-22 17:02:12.556,-3.2486859950048483
2025-03-22 17:02:12.556,-3.915219530299185
2025-03-22 17:02:12.556,0.8770384000000673
2025-03-22 17:02:12.564,5.22175877582407
2025-03-22 17:02:12.564,3.8254653625842336
2025-03-22 17:02:12.564,-1.4982404192874537
2025-03-22 17:02:12.564,-4.51475294464597
2025-03-22 17:02:12.565,-2.5223038610094637
2025-03-22 17:02:12.575,0.8584664993719185
2025-03-22 17:02:12.576,1.3027860775884545
2025-03-22 17:02:12.576,-0.3130515233902492
2025-03-22 17:02:12.576,0.01609276386901773
2025-03-22 17:02:12.576,2.669072533473793
2025-03-22 17:02:12.585,3.2545883360347525
2025-03-22 17:02:12.585,-0.7608248349091641
2025-03-22 17:02:12.586,-5.348037589873187
2025-03-22 17:02:12.586,-4.632322790041807
2025-03-22 17:02:12.586,1.1264920334117456
2025-03-22 17:02:12.595,5.530073207054011
2025-03-22 17:02:12.595,4.10317369771836
2025-03-22 17:02:12.595,-0.6142299414840837
2025-03-22 17:02:12.596,-3.277207617945939
2025-03-22 17:02:12.596,-2.5456762074224883
2025-03-22 17:02:12.604,-1.1694719321162883
2025-03-22 17:02:12.604,-0.5984849590909532
2025-03-22 17:02:12.604,0.9267164322411348
2025-03-22 17:02:12.604,4.0293677487349315
2025-03-22 17:02:12.604,5.105105410219381
2025-03-22 17:02:12.614,0.5688929958577913
2025-03-22 17:02:12.614,-6.8146650187011755
2025-03-22 17:02:12.614,-9.170146432153468
2025-03-22 17:02:12.614,-2.3875591607385203
2025-03-22 17:02:12.623,7.964420403733994
2025-03-22 17:02:12.624,11.599442945737154
2025-03-22 17:02:12.624,4.429999775544237
2025-03-22 17:02:12.624,-6.7528288386502675
2025-03-22 17:02:12.624,-11.244941603346366
2025-03-22 17:02:12.633,-5.488031892083831
2025-03-22 17:02:12.634,3.844865299264145
2025-03-22 17:02:12.634,7.7453751702606946
2025-03-22 17:02:12.634,4.341643369814512
2025-03-22 17:02:12.634,-0.7351068560903606
2025-03-22 17:02:12.643,-2.306534272374514
2025-03-22 17:02:12.643,-1.2473163944650978
2025-03-22 17:02:12.644,-1.296192924822144
2025-03-22 17:02:12.644,-2.7831778847764768
2025-03-22 17:02:12.644,-2.284097343280799
2025-03-22 17:02:12.653,1.8745043410459938
2025-03-22 17:02:12.653,6.198894638861076
2025-03-22 17:02:12.654,5.340416929968945
2025-03-22 17:02:12.654,-1.5964987817808192
2025-03-22 17:02:12.654,-8.727891335105967
2025-03-22 17:02:12.663,-8.257237029082201
2025-03-22 17:02:12.664,1.1803621053591133
2025-03-22 17:02:12.664,11.275333232206403
2025-03-22 17:02:12.664,11.256048982303447
2025-03-22 17:02:12.664,-0.35553215342073696
2025-03-22 17:02:12.672,-12.689159305682574
2025-03-22 17:02:12.672,-13.290138914107125
2025-03-22 17:02:12.672,-1.500535885766364
2025-03-22 17:02:12.672,10.90721398809429
2025-03-22 17:02:12.681,12.569785245493254
2025-03-22 17:02:12.682,3.8384913950991346
2025-03-22 17:02:12.682,-5.666392666910146
2025-03-22 17:02:12.682,-8.425631165395766
2025-03-22 17:02:12.682,-5.1952362316034275
2025-03-22 17:02:12.691,-0.7516132671054628
2025-03-22 17:02:12.692,2.556646157800679
2025-03-22 17:02:12.692,4.911060773954547
2025-03-22 17:02:12.692,5.308952529842403
2025-03-22 17:02:12.692,1.877436861722435
2025-03-22 17:02:12.701,-3.777539804480262
2025-03-22 17:02:12.702,-6.242410119864689
2025-03-22 17:02:12.702,-2.674140752409437
2025-03-22 17:02:12.702,2.7429516315134683
2025-03-22 17:02:12.702,3.7668880666874207
2025-03-22 17:02:12.711,0.34296344861044314
2025-03-22 17:02:12.712,-1.7508610761406511
2025-03-22 17:02:12.712,0.39112465335380864
2025-03-22 17:02:12.712,2.5597963696583172
2025-03-22 17:02:12.712,0.1582749367779558
2025-03-22 17:02:12.721,-4.117223433710585
2025-03-22 17:02:12.722,-3.628351441672914
2025-03-22 17:02:12.722,2.1756514575683608
2025-03-22 17:02:12.722,5.9792010149978045
2025-03-22 17:02:12.722,2.4067912006737915
2025-03-22 17:02:12.731,-4.327836600796547
2025-03-22 17:02:12.732,-5.851541587119468
2025-03-22 17:02:12.732,-0.5316335716338545
2025-03-22 17:02:12.732,4.934236990219004
2025-03-22 17:02:12.732,4.508586047725388
2025-03-22 17:02:12.741,-0.19925147451129532
2025-03-22 17:02:12.741,-3.2942183859325964
2025-03-22 17:02:12.742,-2.380281045665591
2025-03-22 17:02:12.742,-0.3267197151570262
2025-03-22 17:02:12.742,-0.024752681122982838
2025-03-22 17:02:12.751,-0.41102701562758237
2025-03-22 17:02:12.751,0.9307343764512614
2025-03-22 17:02:12.752,3.177713462265601
2025-03-22 17:02:12.752,2.897945006328495
2025-03-22 17:02:12.752,-0.8186748137467699
2025-03-22 17:02:12.760,-4.25571351120899
2025-03-22 17:02:12.760,-3.467498243794646
2025-03-22 17:02:12.760,0.5308711811071642
2025-03-22 17:02:12.760,2.9506020970875593
2025-03-22 17:02:12.760,1.433551906634465
2025-03-22 17:02:12.770,-1.065500789995263
2025-03-22 17:02:12.770,-0.6503932084023302
2025-03-22 17:02:12.770,1.9734214458047046
2025-03-22 17:02:12.770,2.500081853118183
2025-03-22 17:02:12.770,-0.8561896893051363
2025-03-22 17:02:12.780,-4.565088763988632
2025-03-22 17:02:12.780,-4.033203940149613
2025-03-22 17:02:12.780,0.7526139229409459
2025-03-22 17:02:12.780,5.151792451732853
2025-03-22 17:02:12.780,4.930417142449386
2025-03-22 17:02:12.790,0.39625357793586985
2025-03-22 17:02:12.790,-4.273473045834394
2025-03-22 17:02:12.790,-5.026878362829943
2025-03-22 17:02:12.790,-1.4201366857062903
2025-03-22 17:02:12.799,3.1245997719719822
2025-03-22 17:02:12.800,4.459922110697247
2025-03-22 17:02:12.800,1.6035658823479482
2025-03-22 17:02:12.800,-2.354781656276546
2025-03-22 17:02:12.800,-3.428638681278261
2025-03-22 17:02:12.809,-0.8610955985781442
2025-03-22 17:02:12.810,2.1333889609842243
2025-03-22 17:02:12.810,2.0295406105273193
2025-03-22 17:02:12.810,-0.7693350030566624
2025-03-22 17:02:12.810,-2.298080927116248
2025-03-22 17:02:12.819,-0.2080192132316542
2025-03-22 17:02:12.820,2.7528979100401942
2025-03-22 17:02:12.820,2.27706087066089
2025-03-22 17:02:12.820,-1.3315710332985795
2025-03-22 17:02:12.820,-3.397568106041844
2025-03-22 17:02:12.829,-1.5674565268752876
2025-03-22 17:02:12.830,1.0373132101146538
2025-03-22 17:02:12.830,1.0071364022538338
2025-03-22 17:02:12.830,-0.11366918815856142
2025-03-22 17:02:12.830,1.1289410282506176
2025-03-22 17:02:12.839,3.7577986167207467
2025-03-22 17:02:12.839,3.036181875091595
2025-03-22 17:02:12.840,-2.4760158643913126
2025-03-22 17:02:12.840,-7.7781149087526344
2025-03-22 17:02:12.840,-6.763443281750319
2025-03-22 17:02:12.849,0.7208817419253122
2025-03-22 17:02:12.849,8.294893989763686
2025-03-22 17:02:12.850,9.238738810559697
2025-03-22 17:02:12.850,2.9275425432151523
2025-03-22 17:02:12.850,-4.869838079991004
2025-03-22 17:02:12.859,-7.975622811987357
2025-03-22 17:02:12.860,-5.463743844264108
2025-03-22 17:02:12.860,-0.8713297407383597
2025-03-22 17:02:12.860,2.8643856640147654
2025-03-22 17:02:12.860,5.385121865548872
2025-03-22 17:02:12.868,6.158186396540214
2025-03-22 17:02:12.868,3.165128511576582
2025-03-22 17:02:12.868,-3.4866692084036828
2025-03-22 17:02:12.868,-8.725962854569092
2025-03-22 17:02:12.868,-6.745610498159422
2025-03-22 17:02:12.878,1.6351398078405845
2025-03-22 17:02:12.878,8.448109244306801
2025-03-22 17:02:12.878,6.894218104966152
2025-03-22 17:02:12.878,-1.0850497362324556
2025-03-22 17:02:12.888,-7.019571392888434
2025-03-22 17:02:12.888,-5.175311802042824
2025-03-22 17:02:12.888,1.708187981998259
2025-03-22 17:02:12.888,6.0119082206248935
2025-03-22 17:02:12.888,3.5137174671314737
2025-03-22 17:02:12.897,-2.585577059931455
2025-03-22 17:02:12.898,-5.566882069449901
2025-03-22 17:02:12.898,-2.437917559887819
2025-03-22 17:02:12.898,3.0952786724822183
2025-03-22 17:02:12.898,4.888162972208705
2025-03-22 17:02:12.908,1.2075734359096275
2025-03-22 17:02:12.908,-3.389339216429829
2025-03-22 17:02:12.908,-3.41965603348586
2025-03-22 17:02:12.908,0.9658434665531226
2025-03-22 17:02:12.908,4.045109365487679
2025-03-22 17:02:12.917,1.4685967484379314
2025-03-22 17:02:12.918,-4.039053014843405
2025-03-22 17:02:12.918,-5.4090218743666
2025-03-22 17:02:12.918,0.19286096257561425
2025-03-22 17:02:12.918,7.051547429341801
2025-03-22 17:02:12.927,6.847663483516787
2025-03-22 17:02:12.928,-1.2679407532326656
2025-03-22 17:02:12.928,-8.640419791552638
2025-03-22 17:02:12.928,-6.711665476545438
2025-03-22 17:02:12.928,2.4803572935358855
2025-03-22 17:02:12.937,8.109521104806143
2025-03-22 17:02:12.938,3.606314963292948
2025-03-22 17:02:12.938,-4.8637580931232405
2025-03-22 17:02:12.938,-5.975834485201351
2025-03-22 17:02:12.938,1.9105738750552068
2025-03-22 17:02:12.946,8.071038063220321
2025-03-22 17:02:12.946,3.381877599711374
2025-03-22 17:02:12.946,-7.071606767092288
2025-03-22 17:02:12.946,-10.001011609918379
2025-03-22 17:02:12.946,-1.1858319388204883
2025-03-22 17:02:12.956,8.870581308564372
2025-03-22 17:02:12.956,8.490211258826662
2025-03-22 17:02:12.956,-0.5327242610979466
2025-03-22 17:02:12.956,-6.382195126701857
2025-03-22 17:02:12.965,-3.2107392381998516
2025-03-22 17:02:12.966,2.2631001682524343
2025-03-22 17:02:12.966,1.4978968066457778
2025-03-22 17:02:12.966,-3.7341611128724064
2025-03-22 17:02:12.966,-4.453456952577417
2025-03-22 17:02:12.975,2.3899820580526496
2025-03-22 17:02:12.975,9.101822030927668
2025-03-22 17:02:12.976,6.869319996457935
2025-03-22 17:02:12.976,-3.103258316103918
2025-03-22 17:02:12.976,-10.757955646968723
2025-03-22 17:02:12.985,-8.445854295644327
2025-03-22 17:02:12.986,1.2382885020340948
2025-03-22 17:02:12.986,8.959694827110178
2025-03-22 17:02:12.986,8.260586651590422
2025-03-22 17:02:12.986,0.9846810165154184
2025-03-22 17:02:12.994,-5.6963603505445874
2025-03-22 17:02:12.994,-6.415638454673587
2025-03-22 17:02:12.994,-1.9221288609074634
2025-03-22 17:02:12.994,2.7618598799062974
2025-03-22 17:02:12.994,3.7315542066245166
2025-03-22 17:02:13.004,1.4856438748421232
2025-03-22 17:02:13.004,-0.7941723466099596
2025-03-22 17:02:13.004,-1.1975437011938277
2025-03-22 17:02:13.004,-0.512069571752229
2025-03-22 17:02:13.014,-0.2114276811230399
2025-03-22 17:02:13.014,-0.3710245153595748
2025-03-22 17:02:13.014,-0.13039090724444286
2025-03-22 17:02:13.014,0.5977932142121057
2025-03-22 17:02:13.014,0.8574687880348999
2025-03-22 17:02:13.014,0.0533056577478294
2025-03-22 17:02:13.024,-1.0430749571138067
2025-03-22 17:02:13.024,-1.0393453780997146
2025-03-22 17:02:13.024,0.4321018337524065
2025-03-22 17:02:13.024,2.0104825758306046
2025-03-22 17:02:13.034,1.785476021276236
2025-03-22 17:02:13.034,-0.5880531189043523
2025-03-22 17:02:13.034,-3.0858113363794875
2025-03-22 17:02:13.034,-3.08738408595666
2025-03-22 17:02:13.034,-0.15287572230724142
2025-03-22 17:02:13.044,3.2376224524468036
2025-03-22 17:02:13.044,3.9929690256933066
2025-03-22 17:02:13.044,1.4542652783147683
2025-03-22 17:02:13.044,-1.9847790572186297
2025-03-22 17:02:13.044,-3.335203499699042
2025-03-22 17:02:13.054,-1.9735909862940109
2025-03-22 17:02:13.054,0.07935861053157356
2025-03-22 17:02:13.054,0.8280028035613199
2025-03-22 17:02:13.054,0.6457617011300676
2025-03-22 17:02:13.054,1.2175980335603867
2025-03-22 17:02:13.063,2.453269063421486
2025-03-22 17:02:13.064,1.986423436946986
2025-03-22 17:02:13.064,-1.3389824786343907
2025-03-22 17:02:13.064,-4.748778836753408
2025-03-22 17:02:13.064,-4.187374359241283
2025-03-22 17:02:13.073,0.5073815675511171
2025-03-22 17:02:13.074,4.859633130795717
2025-03-22 17:02:13.074,4.6998205524413805
2025-03-22 17:02:13.074,0.6355550343411751
2025-03-22 17:02:13.074,-3.0876361301991557
2025-03-22 17:02:13.083,-3.3813503704161416
2025-03-22 17:02:13.083,-1.1143416959665906
2025-03-22 17:02:13.084,0.7250425233220074
2025-03-22 17:02:13.084,0.8176209072612088
2025-03-22 17:02:13.084,0.5657393940987645
2025-03-22 17:02:13.093,1.2772815923164158
2025-03-22 17:02:13.094,1.695152831546989
2025-03-22 17:02:13.094,-0.07470920275308007
2025-03-22 17:02:13.094,-2.797206341151954
2025-03-22 17:02:13.094,-2.7575445455204535
2025-03-22 17:02:13.103,0.9611773431554513
2025-03-22 17:02:13.103,4.095261178637719
2025-03-22 17:02:13.104,2.2318769537596483
2025-03-22 17:02:13.104,-2.953824184567549
2025-03-22 17:02:13.104,-5.175153491127665
2025-03-22 17:02:13.113,-1.3855470639120386
2025-03-22 17:02:13.114,4.287886649877253
2025-03-22 17:02:13.114,5.622924880906821
2025-03-22 17:02:13.114,1.5457600000211276
2025-03-22 17:02:13.114,-3.4305889023865985
2025-03-22 17:02:13.122,-4.936059301806606
2025-03-22 17:02:13.122,-2.7821823539532113
2025-03-22 17:02:13.122,0.5074150287239628
2025-03-22 17:02:13.122,2.907242426817077
2025-03-22 17:02:13.122,3.674107507057736
2025-03-22 17:02:13.132,2.5555356448557625
2025-03-22 17:02:13.132,-0.07981909677955024
2025-03-22 17:02:13.132,-2.6861559699869155
2025-03-22 17:02:13.132,-3.4502879152224137
2025-03-22 17:02:13.143,-2.064083913466053
2025-03-22 17:02:13.144,0.052773037611940826
2025-03-22 17:02:13.144,1.4770468184259606
2025-03-22 17:02:13.144,2.094518920162217
2025-03-22 17:02:13.144,2.336056051857342
2025-03-22 17:02:13.144,1.8336804147442975
2025-03-22 17:02:13.152,-0.11475562908053868
2025-03-22 17:02:13.152,-2.7970861995920897
2025-03-22 17:02:13.152,-3.9749544562102255
2025-03-22 17:02:13.152,-2.234589588284989
2025-03-22 17:02:13.161,1.1437065970750646
2025-03-22 17:02:13.162,3.4214105280949805
2025-03-22 17:02:13.162,3.2013549310501066
2025-03-22 17:02:13.162,1.318857738300715
2025-03-22 17:02:13.162,-0.7320941136197519
2025-03-22 17:02:13.172,-2.2098606145929
2025-03-22 17:02:13.172,-2.7844521317638815
2025-03-22 17:02:13.172,-1.9467470010294523
2025-03-22 17:02:13.172,0.23535830792195933
2025-03-22 17:02:13.172,2.287497732866717
2025-03-22 17:02:13.181,2.482302965634162
2025-03-22 17:02:13.182,0.9342119245149275
2025-03-22 17:02:13.182,-0.4546311825046574
2025-03-22 17:02:13.182,-0.47018562556899035
2025-03-22 17:02:13.182,-0.08800208070265796
2025-03-22 17:02:13.191,-0.8380163927067618
2025-03-22 17:02:13.192,-2.3271042819302865
2025-03-22 17:02:13.192,-2.41984179060104
2025-03-22 17:02:13.192,0.0490388449035938
2025-03-22 17:02:13.192,3.4805516979805446
2025-03-22 17:02:13.201,4.832279734446004
2025-03-22 17:02:13.202,2.5141860887569494
2025-03-22 17:02:13.202,-2.0778660501540887
2025-03-22 17:02:13.202,-5.524055863970365
2025-03-22 17:02:13.202,-4.942407554422595
2025-03-22 17:02:13.211,-0.46540198487659457
2025-03-22 17:02:13.212,4.3690767716286185
2025-03-22 17:02:13.212,5.431897409283584
2025-03-22 17:02:13.212,2.0012591799835655
2025-03-22 17:02:13.212,-2.390480058259597
2025-03-22 17:02:13.220,-3.738120557033922
2025-03-22 17:02:13.220,-1.7500027926656274
2025-03-22 17:02:13.220,0.574267625672104
2025-03-22 17:02:13.220,1.0366796391347972
2025-03-22 17:02:13.220,0.4369356596655143
2025-03-22 17:02:13.230,0.5055434207141699
2025-03-22 17:02:13.230,1.2054374239194008
2025-03-22 17:02:13.230,1.1008593088293694
2025-03-22 17:02:13.230,-0.4098379047432875
2025-03-22 17:02:13.230,-2.21997442703098
2025-03-22 17:02:13.241,-2.603025756660255
2025-03-22 17:02:13.242,-0.7632344421381198
2025-03-22 17:02:13.242,2.2265719493496823
2025-03-22 17:02:13.242,3.7921491866633708
2025-03-22 17:02:13.242,2.0210916480781487
2025-03-22 17:02:13.250,-1.8921585493284603
2025-03-22 17:02:13.250,-4.139995554182766
2025-03-22 17:02:13.250,-2.2783732270360018
2025-03-22 17:02:13.250,1.6930474998822138
2025-03-22 17:02:13.250,3.4288759735824774
2025-03-22 17:02:13.260,1.3506803895736512
2025-03-22 17:02:13.260,-1.6883773675537506
2025-03-22 17:02:13.260,-2.1951680754672296
2025-03-22 17:02:13.260,-0.09057187992631135
2025-03-22 17:02:13.269,1.8664376460454906
2025-03-22 17:02:13.270,1.5693247580256924
2025-03-22 17:02:13.270,-0.5915996990254602
2025-03-22 17:02:13.270,-2.561434094523304
2025-03-22 17:02:13.270,-2.293534358843605
2025-03-22 17:02:13.279,0.6303348544204637
2025-03-22 17:02:13.280,3.931861176514827
2025-03-22 17:02:13.280,3.948255809509285
2025-03-22 17:02:13.280,-0.41566171865254503
2025-03-22 17:02:13.280,-5.3048096561107325
2025-03-22 17:02:13.289,-5.316609466752656
2025-03-22 17:02:13.290,0.15939679976201987
2025-03-22 17:02:13.290,5.5809089357401565
2025-03-22 17:02:13.290,5.350672120141298
2025-03-22 17:02:13.290,0.14087751716280073
2025-03-22 17:02:13.299,-4.297120538558011
2025-03-22 17:02:13.300,-3.944325486389168
2025-03-22 17:02:13.300,-0.4191760783888318
2025-03-22 17:02:13.300,2.0100492001606414
2025-03-22 17:02:13.300,1.662011631594373
2025-03-22 17:02:13.309,0.4908610410160943
2025-03-22 17:02:13.309,0.5219463704395886
2025-03-22 17:02:13.310,0.9350749115676709
2025-03-22 17:02:13.310,-0.3256388774862935
2025-03-22 17:02:13.310,-2.8548723561415477
2025-03-22 17:02:13.319,-3.434481136745997
2025-03-22 17:02:13.319,-0.06653516813735565
2025-03-22 17:02:13.320,4.654513481618876
2025-03-22 17:02:13.320,5.582967185150126
2025-03-22 17:02:13.320,0.7518029510026787
2025-03-22 17:02:13.328,-5.684666212150139
2025-03-22 17:02:13.328,-7.1431302080653145
2025-03-22 17:02:13.328,-1.5555763387001165
2025-03-22 17:02:13.328,5.879348889706028
2025-03-22 17:02:13.328,7.691132743829726
2025-03-22 17:02:13.338,2.0132348274738288
2025-03-22 17:02:13.338,-5.294791210070237
2025-03-22 17:02:13.338,-6.8989745183649624
2025-03-22 17:02:13.338,-1.7207169255792
2025-03-22 17:02:13.348,4.372071197451213
2025-03-22 17:02:13.348,5.18135437167319
2025-03-22 17:02:13.348,0.5053597495269064
2025-03-22 17:02:13.348,-4.185467669258592
2025-03-22 17:02:13.348,-3.718709818748838
2025-03-22 17:02:13.358,1.3672768718255328
2025-03-22 17:02:13.358,5.329027086545691
2025-03-22 17:02:13.358,3.3754142972355416
2025-03-22 17:02:13.358,-2.820243702592045
2025-03-22 17:02:13.358,-6.647472758498271
2025-03-22 17:02:13.367,-3.869698130370211
2025-03-22 17:02:13.368,2.668563270048714
2025-03-22 17:02:13.368,6.4117947109798505
2025-03-22 17:02:13.368,4.234090247915264
2025-03-22 17:02:13.368,-0.9813961193237897
2025-03-22 17:02:13.378,-4.311697528540069
2025-03-22 17:02:13.378,-3.7321151804319506
2025-03-22 17:02:13.378,-0.8918349777381768
2025-03-22 17:02:13.378,1.5233149805276607
2025-03-22 17:02:13.378,2.1681739958625954
2025-03-22 17:02:13.387,1.446734788749503
2025-03-22 17:02:13.388,0.5526806998056096
2025-03-22 17:02:13.388,0.1531217570781852
2025-03-22 17:02:13.388,-0.2047749070118992
2025-03-22 17:02:13.388,-1.1807993543738398
2025-03-22 17:02:13.397,-2.2414267033068858
2025-03-22 17:02:13.398,-1.907163519294844
2025-03-22 17:02:13.398,0.3184167601732824
2025-03-22 17:02:13.398,2.8839533290308252
2025-03-22 17:02:13.398,3.5226577217669948
2025-03-22 17:02:13.407,1.4587317060217933
2025-03-22 17:02:13.408,-1.8364023304923762
2025-03-22 17:02:13.408,-3.872568719988273
2025-03-22 17:02:13.408,-3.134154117305223
2025-03-22 17:02:13.408,-0.1856119011260597
2025-03-22 17:02:13.417,2.9241302287394855
2025-03-22 17:02:13.417,4.187414879729936
2025-03-22 17:02:13.418,2.6774705906818257
2025-03-22 17:02:13.418,-1.1119943865718618
2025-03-22 17:02:13.418,-4.999932871713393
2025-03-22 17:02:13.427,-5.630418913990732
2025-03-22 17:02:13.427,-1.1345983557304133
2025-03-22 17:02:13.428,5.733692113955312
2025-03-22 17:02:13.428,8.582653691079216
2025-03-22 17:02:13.428,3.55879564256413
2025-03-22 17:02:13.436,-5.534252997427757
2025-03-22 17:02:13.436,-10.098737220767955
2025-03-22 17:02:13.436,-5.5593699000162395
2025-03-22 17:02:13.436,3.6652248563673844
2025-03-22 17:02:13.436,8.871076934903586
2025-03-22 17:02:13.446,6.054723160688404
2025-03-22 17:02:13.446,-0.8596529296887898
2025-03-22 17:02:13.446,-5.264767406840271
2025-03-22 17:02:13.446,-4.598185221862687
2025-03-22 17:02:13.456,-1.2622244134494007
2025-03-22 17:02:13.456,1.4300511102331421
2025-03-22 17:02:13.456,2.2755098477722675
2025-03-22 17:02:13.456,1.6594428252756634
2025-03-22 17:02:13.456,0.2730122698649483
2025-03-22 17:02:13.465,-0.8326385691238604
2025-03-22 17:02:13.466,-0.4898923918455127
2025-03-22 17:02:13.466,0.9434271907856057
2025-03-22 17:02:13.466,1.1638715636170567
2025-03-22 17:02:13.466,-1.2168934160824385
2025-03-22 17:02:13.475,-3.8588926926828613
2025-03-22 17:02:13.476,-2.783698758929561
2025-03-22 17:02:13.476,2.22710627431075
2025-03-22 17:02:13.476,6.212186662262343
2025-03-22 17:02:13.476,4.45515425006635
2025-03-22 17:02:13.485,-1.7246242217789507
2025-03-22 17:02:13.486,-6.278670416675493
2025-03-22 17:02:13.486,-5.1616496751513345
2025-03-22 17:02:13.486,-0.15970606139496085
2025-03-22 17:02:13.486,4.0211718857641445
2025-03-22 17:02:13.495,4.691019654933617
2025-03-22 17:02:13.495,2.420656262953582
2025-03-22 17:02:13.496,-0.924238630133393
2025-03-22 17:02:13.496,-3.5387812523467836
2025-03-22 17:02:13.496,-3.8230829809627096
2025-03-22 17:02:13.505,-1.3483894642915009
2025-03-22 17:02:13.506,1.9843435259609654
2025-03-22 17:02:13.506,3.356811760923116
2025-03-22 17:02:13.506,2.1474000902626367
2025-03-22 17:02:13.506,0.3221105722952071
2025-03-22 17:02:13.514,-0.6856994658957267
2025-03-22 17:02:13.514,-1.6972262988649527
2025-03-22 17:02:13.514,-3.2572013037499796
2025-03-22 17:02:13.514,-3.2523265098357164
2025-03-22 17:02:13.524,0.44166601610091544
2025-03-22 17:02:13.524,5.526251439083256
2025-03-22 17:02:13.524,6.437419868694166
2025-03-22 17:02:13.524,1.0528090738580247
2025-03-22 17:02:13.524,-5.768571477997115
2025-03-22 17:02:13.534,-7.200446642466821
2025-03-22 17:02:13.534,-2.1278364322728924
2025-03-22 17:02:13.534,3.9402085680487287
2025-03-22 17:02:13.534,5.395396165764903
2025-03-22 17:02:13.534,2.243699523649018
2025-03-22 17:02:13.543,-1.2324483538339812
2025-03-22 17:02:13.544,-2.0521290445919247
2025-03-22 17:02:13.544,-1.212079819060352
2025-03-22 17:02:13.544,-1.0286094689528877
2025-03-22 17:02:13.544,-1.501957129219686
2025-03-22 17:02:13.553,-0.5895433800333981
2025-03-22 17:02:13.554,2.2600479923110965
2025-03-22 17:02:13.554,4.2961852554714035
2025-03-22 17:02:13.554,2.326346342986798
2025-03-22 17:02:13.554,-2.8030625470811317
2025-03-22 17:02:13.563,-5.983097846529913
2025-03-22 17:02:13.564,-3.253460539900327
2025-03-22 17:02:13.564,3.097511507119808
2025-03-22 17:02:13.564,6.4360751374665774
2025-03-22 17:02:13.564,3.2118240643901803
2025-03-22 17:02:13.573,-2.899817829332627
2025-03-22 17:02:13.573,-5.38202187411938
2025-03-22 17:02:13.574,-2.4072363722173993
2025-03-22 17:02:13.574,1.780349238377634
2025-03-22 17:02:13.574,2.7849943803103576
2025-03-22 17:02:13.582,1.0839028369221504
2025-03-22 17:02:13.582,-0.017815678506322652
2025-03-22 17:02:13.582,0.4401266699826974
2025-03-22 17:02:13.583,0.3735266665320469
2025-03-22 17:02:13.592,-1.34792988836915
2025-03-22 17:02:13.592,-2.7543464658160093
2025-03-22 17:02:13.592,-1.5718575571918996
2025-03-22 17:02:13.592,1.4212573417619991
2025-03-22 17:02:13.592,3.2511773445795025
2025-03-22 17:02:13.601,2.34067188349694
2025-03-22 17:02:13.602,-0.06830177615236598
2025-03-22 17:02:13.602,-1.9758844926356236
2025-03-22 17:02:13.602,-2.7029552945987785
2025-03-22 17:02:13.602,-2.329091941672807
2025-03-22 17:02:13.611,-0.4591050390713159
2025-03-22 17:02:13.612,2.7688437624993107
2025-03-22 17:02:13.612,4.949539087621114
2025-03-22 17:02:13.612,2.9615662175667734
2025-03-22 17:02:13.612,-2.6894053918223615
2025-03-22 17:02:13.622,-6.688754854309721
2025-03-22 17:02:13.622,-4.218749229820861
2025-03-22 17:02:13.622,2.7545921772821047
2025-03-22 17:02:13.622,6.743029840918914
2025-03-22 17:02:13.622,3.3405497615300064
2025-03-22 17:02:13.631,-3.215988403610719
2025-03-22 17:02:13.632,-5.116488570918574
2025-03-22 17:02:13.632,-0.6487388651182145
2025-03-22 17:02:13.632,3.959889021642054
2025-03-22 17:02:13.632,2.819071493539103
2025-03-22 17:02:13.641,-2.215942957807293
2025-03-22 17:02:13.642,-4.445806421879712
2025-03-22 17:02:13.642,-1.1171319828185489
2025-03-22 17:02:13.642,3.5081343199008184
2025-03-22 17:02:13.642,4.024983007215889
2025-03-22 17:02:13.651,0.37355843910694647
2025-03-22 17:02:13.652,-2.926293379452457
2025-03-22 17:02:13.652,-2.6133741804349957
2025-03-22 17:02:13.652,0.07541147759544503
2025-03-22 17:02:13.652,1.7440539365909713
2025-03-22 17:02:13.660,0.8700074617937534
2025-03-22 17:02:13.661,-1.0415203602324912
2025-03-22 17:02:13.661,-1.5145594089840566
2025-03-22 17:02:13.661,0.311429670789947
2025-03-22 17:02:13.661,2.7724432358466116
2025-03-22 17:02:13.670,2.988179648435146
2025-03-22 17:02:13.670,-0.3407816240713093
2025-03-22 17:02:13.670,-4.8206558784298394
2025-03-22 17:02:13.670,-5.7320283207728355
2025-03-22 17:02:13.680,-0.8321460416439497
2025-03-22 17:02:13.680,6.171673490698636
2025-03-22 17:02:13.680,8.351120494546164
2025-03-22 17:02:13.680,2.706921739032423
2025-03-22 17:02:13.680,-5.9693067813743745
2025-03-22 17:02:13.690,-9.397825148508753
2025-03-22 17:02:13.690,-4.196278475432162
2025-03-22 17:02:13.690,4.515943109745161
2025-03-22 17:02:13.690,8.301404316283506
2025-03-22 17:02:13.690,4.0578203600644365
2025-03-22 17:02:13.699,-3.069955229171764
2025-03-22 17:02:13.700,-5.664769277607215
2025-03-22 17:02:13.700,-2.1148857254326257
2025-03-22 17:02:13.700,2.4294754395147544
2025-03-22 17:02:13.700,2.848768147479856
2025-03-22 17:02:13.710,-0.15709515791675605
2025-03-22 17:02:13.710,-2.1262168731879663
2025-03-22 17:02:13.710,-1.0242689071947757
2025-03-22 17:02:13.710,0.9162773048448163
2025-03-22 17:02:13.710,1.1941246573371784
2025-03-22 17:02:13.719,0.34628665251199386
2025-03-22 17:02:13.720,0.1992645214940537
2025-03-22 17:02:13.720,0.6277613034720501
2025-03-22 17:02:13.720,-0.01725644594871366
2025-03-22 17:02:13.720,-1.8303273881599444
2025-03-22 17:02:13.730,-2.619833130384077
2025-03-22 17:02:13.730,-0.7633935279508257
2025-03-22 17:02:13.730,2.3625035161519863
2025-03-22 17:02:13.730,3.678961527102889
2025-03-22 17:02:13.730,1.7951828616826908
2025-03-22 17:02:13.740,-1.4951600621136685
2025-03-22 17:02:13.740,-3.1443619687825395
2025-03-22 17:02:13.740,-1.9801168716682176
2025-03-22 17:02:13.740,0.3296914319111911
2025-03-22 17:02:13.740,1.4123824312199358
2025-03-22 17:02:13.750,0.827389762040428
2025-03-22 17:02:13.750,0.0641254569345407
2025-03-22 17:02:13.750,0.22322028729927265
2025-03-22 17:02:13.750,0.6770340505587222
2025-03-22 17:02:13.750,0.31517526004306684
2025-03-22 17:02:13.759,-0.7376970731170304
2025-03-22 17:02:13.760,-1.3331768886787791
2025-03-22 17:02:13.760,-0.8216023531235017
2025-03-22 17:02:13.760,0.2791409521099366
2025-03-22 17:02:13.760,1.0208271884693165
2025-03-22 17:02:13.768,0.9556403069882013
2025-03-22 17:02:13.768,0.3341568469006218
2025-03-22 17:02:13.768,-0.2762455279688988
2025-03-22 17:02:13.768,-0.5089706417692657
2025-03-22 17:02:13.779,-0.4987219648466389
2025-03-22 17:02:13.780,-0.5821031723265221
2025-03-22 17:02:13.780,-0.6012426754936488
2025-03-22 17:02:13.780,0.0762501411862347
2025-03-22 17:02:13.780,1.4134922503716993
2025-03-22 17:02:13.780,2.0554978033974622
2025-03-22 17:02:13.788,0.7139843231154454
2025-03-22 17:02:13.788,-1.831711649355813
2025-03-22 17:02:13.788,-3.0422648463555957
2025-03-22 17:02:13.788,-1.4042653761944526
2025-03-22 17:02:13.798,1.5984414267355094
2025-03-22 17:02:13.798,2.9415495471200463
2025-03-22 17:02:13.798,1.4108831270635618
2025-03-22 17:02:13.798,-1.1077943521800495
2025-03-22 17:02:13.798,-1.921261189747887
2025-03-22 17:02:13.807,-0.570853764973778
2025-03-22 17:02:13.808,0.9780161869600041
2025-03-22 17:02:13.808,0.9031111635334376
2025-03-22 17:02:13.808,-0.4721907950506383
2025-03-22 17:02:13.808,-1.4085142447368277
2025-03-22 17:02:13.818,-0.8706106661117673
2025-03-22 17:02:13.818,0.6151903525765399
2025-03-22 17:02:13.818,1.9099257940709002
2025-03-22 17:02:13.818,2.218175323164236
2025-03-22 17:02:13.818,1.0000487974945396
2025-03-22 17:02:13.827,-1.8305856445984436
2025-03-22 17:02:13.828,-4.640013652656357
2025-03-22 17:02:13.828,-4.1644426053483965
2025-03-22 17:02:13.828,1.0160412664193585
2025-03-22 17:02:13.828,7.094381575538264
2025-03-22 17:02:13.837,7.505298612708202
2025-03-22 17:02:13.838,0.30576013361545995
2025-03-22 17:02:13.838,-8.206114742947168
2025-03-22 17:02:13.838,-9.357247492167627
2025-03-22 17:02:13.838,-1.6541531771666191
2025-03-22 17:02:13.847,7.2134191768032485
2025-03-22 17:02:13.848,8.679301797542985
2025-03-22 17:02:13.848,2.3337687299060765
2025-03-22 17:02:13.848,-4.596442440285119
2025-03-22 17:02:13.848,-5.829958565856547
2025-03-22 17:02:13.857,-2.029696095044928
2025-03-22 17:02:13.858,1.8436325700124394
2025-03-22 17:02:13.858,2.7486066397729676
2025-03-22 17:02:13.858,1.4435243687041985
2025-03-22 17:02:13.858,-0.3030617244585678
2025-03-22 17:02:13.867,-1.661308940192568
2025-03-22 17:02:13.868,-1.8664697873596245
2025-03-22 17:02:13.868,-0.0058854668505619046
2025-03-22 17:02:13.868,2.974266759730422
2025-03-22 17:02:13.868,3.7840696587852833
2025-03-22 17:02:13.876,0.3219619973790813
2025-03-22 17:02:13.876,-4.818488355591778
2025-03-22 17:02:13.876,-6.22208496905497
2025-03-22 17:02:13.876,-1.5782865887755415
2025-03-22 17:02:13.877,5.2103941686463875
2025-03-22 17:02:13.886,7.631253190936652
2025-03-22 17:02:13.886,3.180350681513303
2025-03-22 17:02:13.886,-3.9868803077184776
2025-03-22 17:02:13.886,-7.1550718328334515
2025-03-22 17:02:13.896,-3.7406632302320637
2025-03-22 17:02:13.896,2.2959724709224356
2025-03-22 17:02:13.896,4.897317430937113
2025-03-22 17:02:13.896,2.4294901102220616
2025-03-22 17:02:13.896,-1.1015247183447243
2025-03-22 17:02:13.906,-1.4947112752754703
2025-03-22 17:02:13.906,0.4486430478634143
2025-03-22 17:02:13.906,0.6913291473591185
2025-03-22 17:02:13.906,-1.8708018929649055
2025-03-22 17:02:13.906,-3.5239788134364285
2025-03-22 17:02:13.916,-0.9442879038574346
2025-03-22 17:02:13.916,3.7189205146657547
2025-03-22 17:02:13.916,5.115969510469176
2025-03-22 17:02:13.916,1.4170036615630799
2025-03-22 17:02:13.916,-3.4386248892642324
2025-03-22 17:02:13.926,-4.591253638942484
2025-03-22 17:02:13.926,-1.5882725683532017
2025-03-22 17:02:13.926,2.0294114435672483
2025-03-22 17:02:13.926,3.076147668503244
2025-03-22 17:02:13.926,1.3553397842165749
2025-03-22 17:02:13.935,-1.1660039773213347
2025-03-22 17:02:13.936,-2.296251775679185
2025-03-22 17:02:13.936,-1.0265010604880287
2025-03-22 17:02:13.936,1.5745331948895882
2025-03-22 17:02:13.936,2.76299717176964
2025-03-22 17:02:13.945,0.728744923034949
2025-03-22 17:02:13.946,-2.7532896498035093
2025-03-22 17:02:13.946,-3.5596911454147246
2025-03-22 17:02:13.946,-0.11000781579394617
2025-03-22 17:02:13.946,3.9558159692322015
2025-03-22 17:02:13.956,3.6173746524919794
2025-03-22 17:02:13.956,-1.1751894189086034
2025-03-22 17:02:13.956,-4.825635718545102
2025-03-22 17:02:13.956,-2.7000695945604294
2025-03-22 17:02:13.956,2.911010753789143
2025-03-22 17:02:13.965,5.248491364047691
2025-03-22 17:02:13.966,1.3127651911906417
2025-03-22 17:02:13.966,-4.352699754941059
2025-03-22 17:02:13.966,-5.143900366804071
2025-03-22 17:02:13.966,-0.2527281071370043
2025-03-22 17:02:13.975,4.7414295176174415
2025-03-22 17:02:13.976,4.650033647814024
2025-03-22 17:02:13.976,0.15553677179512726
2025-03-22 17:02:13.976,-3.857327364270874
2025-03-22 17:02:13.976,-3.92200621986984
2025-03-22 17:02:13.985,-0.8990749291760782
2025-03-22 17:02:13.986,1.9946845317567221
2025-03-22 17:02:13.986,2.742174149960878
2025-03-22 17:02:13.986,1.7404735713297086
2025-03-22 17:02:13.986,0.2698895912382729
2025-03-22 17:02:13.994,-1.0965815940935206
2025-03-22 17:02:13.994,-2.182834074622593
2025-03-22 17:02:13.994,-2.211449675552699
2025-03-22 17:02:13.995,-0.40128674302080003
2025-03-22 17:02:13.995,2.2921010098046017
2025-03-22 17:02:14.004,3.271092259555213
2025-03-22 17:02:14.004,1.14278368889179
2025-03-22 17:02:14.004,-2.124609460185638
2025-03-22 17:02:14.004,-3.1392759075480408
2025-03-22 17:02:14.014,-1.0968100419420332
2025-03-22 17:02:14.014,1.395053693479768
2025-03-22 17:02:14.014,1.7696310645139697
2025-03-22 17:02:14.014,0.4958622268110554
2025-03-22 17:02:14.014,-0.19280826684270266
2025-03-22 17:02:14.015,0.4029220515201113
2025-03-22 17:02:14.024,0.7375260410736365
2025-03-22 17:02:14.024,-0.512998171572921
2025-03-22 17:02:14.024,-2.3989820524997856
2025-03-22 17:02:14.024,-2.6465128408022838
2025-03-22 17:02:14.034,-0.2781459980584318
2025-03-22 17:02:14.034,3.079147881431522
2025-03-22 17:02:14.034,4.472808056607737
2025-03-22 17:02:14.034,2.3053812346643925
2025-03-22 17:02:14.034,-1.963754614812066
2025-03-22 17:02:14.044,-4.866251542149734
2025-03-22 17:02:14.044,-4.052479014742225
2025-03-22 17:02:14.044,-0.4055983745554266
2025-03-22 17:02:14.044,3.1018867317148673
2025-03-22 17:02:14.044,4.259850621965025
2025-03-22 17:02:14.054,2.900164943293747
2025-03-22 17:02:14.054,0.04117077036734568
2025-03-22 17:02:14.054,-2.9410330034153316
2025-03-22 17:02:14.054,-4.321766406894302
2025-03-22 17:02:14.054,-2.7762260952058155
2025-03-22 17:02:14.063,0.9329751013346441
2025-03-22 17:02:14.064,3.8765748889871663
2025-03-22 17:02:14.064,3.65134779934165
2025-03-22 17:02:14.064,0.8591211039498869
2025-03-22 17:02:14.064,-1.810554841440892
2025-03-22 17:02:14.074,-2.555938565337537
2025-03-22 17:02:14.074,-1.7235544302042334
2025-03-22 17:02:14.074,-0.4990029854705835
2025-03-22 17:02:14.074,0.5421187542542611
2025-03-22 17:02:14.074,1.363886149150248
2025-03-22 17:02:14.083,1.736490628627859
2025-03-22 17:02:14.084,1.2070736804984572
2025-03-22 17:02:14.084,-0.20756839004488278
2025-03-22 17:02:14.084,-1.6527857872263372
2025-03-22 17:02:14.084,-2.0623501720543853
2025-03-22 17:02:14.094,-1.1218254155492957
2025-03-22 17:02:14.094,0.5688845343927923
2025-03-22 17:02:14.094,2.0737274415489106
2025-03-22 17:02:14.094,2.4874838734742704
2025-03-22 17:02:14.094,1.1253536696142734
2025-03-22 17:02:14.103,-1.6797208546237419
2025-03-22 17:02:14.104,-3.8554194245531885
2025-03-22 17:02:14.104,-2.8434905978940535
2025-03-22 17:02:14.104,1.3849649773740773
2025-03-22 17:02:14.104,5.062727408915537
2025-03-22 17:02:14.112,3.9054321165505463
2025-03-22 17:02:14.112,-1.7041811749865339
2025-03-22 17:02:14.112,-6.0314828938031
2025-03-22 17:02:14.113,-3.992012295329409
2025-03-22 17:02:14.113,2.588904874473354
2025-03-22 17:02:14.122,6.525525219705949
2025-03-22 17:02:14.122,3.488953147614084
2025-03-22 17:02:14.122,-3.013375926647441
2025-03-22 17:02:14.122,-6.001753332177588
2025-03-22 17:02:14.133,-3.0406540141103267
2025-03-22 17:02:14.134,1.917240051870326
2025-03-22 17:02:14.134,4.074214995327097
2025-03-22 17:02:14.134,2.8081897454870814
2025-03-22 17:02:14.134,0.5381532890924415
2025-03-22 17:02:14.134,-1.1969832986669373
2025-03-22 17:02:14.142,-2.5071470662554267
2025-03-22 17:02:14.142,-2.9905727455645623
2025-03-22 17:02:14.142,-1.3675422610822545
2025-03-22 17:02:14.142,2.0307538263744553
2025-03-22 17:02:14.143,4.213149458678113
2025-03-22 17:02:14.152,2.57645605816859
2025-03-22 17:02:14.152,-1.5927014847180663
2025-03-22 17:02:14.152,-4.133572128675302
2025-03-22 17:02:14.152,-2.584378882881385
2025-03-22 17:02:14.162,1.2914917225467837
2025-03-22 17:02:14.162,3.656073574845261
2025-03-22 17:02:14.162,2.416373404125131
2025-03-22 17:02:14.162,-1.1438205254222213
2025-03-22 17:02:14.162,-3.684466920469918
2025-03-22 17:02:14.172,-2.68938058200687
2025-03-22 17:02:14.172,1.125343237081356
2025-03-22 17:02:14.172,4.125330001789369
2025-03-22 17:02:14.172,3.2133554159264297
2025-03-22 17:02:14.172,-0.8362210380645986
2025-03-22 17:02:14.182,-4.0735018560827285
2025-03-22 17:02:14.182,-3.517213932235552
2025-03-22 17:02:14.182,-0.04442210498002905
2025-03-22 17:02:14.182,2.9595720263030723
2025-03-22 17:02:14.183,3.1569534431154076
2025-03-22 17:02:14.192,1.0608022882272061
2025-03-22 17:02:14.192,-1.1801515419421507
2025-03-22 17:02:14.192,-2.0172507217833986
2025-03-22 17:02:14.192,-1.4354259507657932
2025-03-22 17:02:14.192,-0.28893997879469696
2025-03-22 17:02:14.201,0.6609540584333905
2025-03-22 17:02:14.202,1.0446424376694616
2025-03-22 17:02:14.202,0.7772686013684486
2025-03-22 17:02:14.202,0.08641742388913223
2025-03-22 17:02:14.202,-0.4852899507523541
2025-03-22 17:02:14.212,-0.4731938638019996
2025-03-22 17:02:14.212,0.010110240813082046
2025-03-22 17:02:14.212,0.3158378825370859
2025-03-22 17:02:14.212,-0.03690354045579677
2025-03-22 17:02:14.212,-0.6497938146065286
2025-03-22 17:02:14.222,-0.49919577201016585
2025-03-22 17:02:14.222,0.683591242895249
2025-03-22 17:02:14.222,1.5255151497398243
2025-03-22 17:02:14.222,0.4626487319464383
2025-03-22 17:02:14.222,-1.7461130511999339
2025-03-22 17:02:14.232,-2.2596396062801
2025-03-22 17:02:14.232,0.18910128626319372
2025-03-22 17:02:14.232,2.9929834569366456
2025-03-22 17:02:14.232,2.547265091638837
2025-03-22 17:02:14.232,-1.0275905232773181
2025-03-22 17:02:14.242,-3.721818110368967
2025-03-22 17:02:14.242,-2.4960938315687535
2025-03-22 17:02:14.242,1.1299655622668379
2025-03-22 17:02:14.242,3.2436183043364073
2025-03-22 17:02:14.242,2.2636342352581766
2025-03-22 17:02:14.250,0.06308670943856765
2025-03-22 17:02:14.250,-1.245112910405257
2025-03-22 17:02:14.250,-1.7467416744576016
2025-03-22 17:02:14.250,-2.1881260190008187
2025-03-22 17:02:14.251,-1.698483703895199
2025-03-22 17:02:14.260,0.9230234296538363
2025-03-22 17:02:14.260,4.116304923116606
2025-03-22 17:02:14.260,4.165636216809904
2025-03-22 17:02:14.260,-0.07851129472713947
2025-03-22 17:02:14.261,-4.734956041012254
2025-03-22 17:02:14.270,-4.894606622892715
2025-03-22 17:02:14.270,-0.4548349861514529
2025-03-22 17:02:14.270,3.7609437445883054
2025-03-22 17:02:14.270,3.7364289221647375
2025-03-22 17:02:14.271,0.5247355663420565
2025-03-22 17:02:14.280,-1.8787634102193018
2025-03-22 17:02:14.280,-1.6020061610487246
2025-03-22 17:02:14.280,-0.33324250632725105
2025-03-22 17:02:14.280,-0.05781101980834391
2025-03-22 17:02:14.290,-0.2546720785069415
2025-03-22 17:02:14.290,0.5572627555698949
2025-03-22 17:02:14.290,1.7142631767446517
2025-03-22 17:02:14.290,0.9664476116787216
2025-03-22 17:02:14.290,-1.7149973534600274
2025-03-22 17:02:14.300,-3.022028307524199
2025-03-22 17:02:14.300,-0.48492736936643227
2025-03-22 17:02:14.300,3.470018709631503
2025-03-22 17:02:14.300,3.815324863060776
2025-03-22 17:02:14.300,-0.6290828284013668
2025-03-22 17:02:14.310,-5.024759424762572
2025-03-22 17:02:14.310,-4.017124577694949
2025-03-22 17:02:14.310,1.6777181393354235
2025-03-22 17:02:14.310,5.84094214882861
2025-03-22 17:02:14.310,3.8502889966188913
2025-03-22 17:02:14.320,-2.152066433947392
2025-03-22 17:02:14.320,-5.802890506138226
2025-03-22 17:02:14.320,-3.496337049417636
2025-03-22 17:02:14.320,2.0155010219832605
2025-03-22 17:02:14.320,4.960018166043163
2025-03-22 17:02:14.329,2.7874995363694803
2025-03-22 17:02:14.330,-1.5404771041720484
2025-03-22 17:02:14.330,-3.3849374169016593
2025-03-22 17:02:14.330,-1.6024591154782488
2025-03-22 17:02:14.330,0.9193538360886826
2025-03-22 17:02:14.340,1.3805207625899778
2025-03-22 17:02:14.340,0.2506003918683764
2025-03-22 17:02:14.340,-0.24515433829392866
2025-03-22 17:02:14.340,0.424796280814864
2025-03-22 17:02:14.340,0.6978507293726608
2025-03-22 17:02:14.349,-0.3120712540479887
2025-03-22 17:02:14.350,-1.3404234694231751
2025-03-22 17:02:14.350,-0.9171801428081532
2025-03-22 17:02:14.350,0.44752907033242256
2025-03-22 17:02:14.350,1.0991645416582732
2025-03-22 17:02:14.359,0.5814029369761758
2025-03-22 17:02:14.360,-0.04300797764172969
2025-03-22 17:02:14.360,-0.046040413867528426
2025-03-22 17:02:14.360,-0.036303070882383534
2025-03-22 17:02:14.360,-0.6634610479167007
2025-03-22 17:02:14.369,-1.1917333318002836
2025-03-22 17:02:14.370,-0.38108992284722615
2025-03-22 17:02:14.370,1.3905645435869074
2025-03-22 17:02:14.370,2.0533320457822772
2025-03-22 17:02:14.370,0.4542409202155538
2025-03-22 17:02:14.379,-1.8204802531392286
2025-03-22 17:02:14.380,-2.2327837177226106
2025-03-22 17:02:14.380,-0.46586667073990423
2025-03-22 17:02:14.380,1.3789575644636602
2025-03-22 17:02:14.380,1.6654545637309137
2025-03-22 17:02:14.388,0.9154721059986758
2025-03-22 17:02:14.388,0.2320058266440248
2025-03-22 17:02:14.388,-0.48703356765256856
2025-03-22 17:02:14.388,-1.63094458973214
2025-03-22 17:02:14.398,-2.2301904647371495
2025-03-22 17:02:14.398,-0.8951933343876414
2025-03-22 17:02:14.398,1.7709913976315839
2025-03-22 17:02:14.398,3.21650635259106
2025-03-22 17:02:14.399,1.894149087238295
2025-03-22 17:02:14.408,-0.8295848475543572
2025-03-22 17:02:14.408,-2.407967533827774
2025-03-22 17:02:14.408,-2.0337168771578447
2025-03-22 17:02:14.408,-0.873562624542799
2025-03-22 17:02:14.408,0.15304405724183212
2025-03-22 17:02:14.418,1.3423967482048553
2025-03-22 17:02:14.418,2.5757017850321913
2025-03-22 17:02:14.418,2.2862684633078465
2025-03-22 17:02:14.418,-0.4600863220104633
2025-03-22 17:02:14.418,-3.582198951079786
2025-03-22 17:02:14.428,-3.584817857638559
2025-03-22 17:02:14.428,0.08188177339368516
2025-03-22 17:02:14.428,3.721060767426736
2025-03-22 17:02:14.428,3.4222574968095567
2025-03-22 17:02:14.428,-0.3784523918290236
2025-03-22 17:02:14.438,-3.44612418278138
2025-03-22 17:02:14.438,-2.5831945958712272
2025-03-22 17:02:14.438,1.061580176177899
2025-03-22 17:02:14.438,3.545486135008578
2025-03-22 17:02:14.438,2.19476895183959
2025-03-22 17:02:14.448,-1.9142308609434113
2025-03-22 17:02:14.448,-4.767929532121609
2025-03-22 17:02:14.448,-2.8767828265198747
2025-03-22 17:02:14.448,2.892797362858127
2025-03-22 17:02:14.448,6.965527957217049
2025-03-22 17:02:14.458,4.251617755336687
2025-03-22 17:02:14.458,-3.562968629286263
2025-03-22 17:02:14.458,-8.591024162060164
2025-03-22 17:02:14.458,-5.170555351112846
2025-03-22 17:02:14.458,3.3141891992382666
2025-03-22 17:02:14.467,7.9840127027074566
2025-03-22 17:02:14.468,4.534865258549593
2025-03-22 17:02:14.468,-2.349471595999435
2025-03-22 17:02:14.468,-5.1893780483044925
2025-03-22 17:02:14.468,-2.270371882369999
2025-03-22 17:02:14.478,1.6470838766615379
2025-03-22 17:02:14.478,2.010479203241279
2025-03-22 17:02:14.478,-0.47848141179267756
2025-03-22 17:02:14.478,-1.883567368867657
2025-03-22 17:02:14.478,-0.316296493930305
2025-03-22 17:02:14.486,2.2139146299398336
2025-03-22 17:02:14.486,2.717157992448485
2025-03-22 17:02:14.486,0.6382771671606015
2025-03-22 17:02:14.487,-2.0183847368324606
2025-03-22 17:02:14.487,-3.1178218592646325
2025-03-22 17:02:14.497,-2.151311992800667
2025-03-22 17:02:14.498,0.07702782403809333
2025-03-22 17:02:14.498,2.41976006943933
2025-03-22 17:02:14.498,3.5965883112244024
2025-03-22 17:02:14.498,2.3695558418672826
2025-03-22 17:02:14.506,-1.149795701219641
2025-03-22 17:02:14.506,-4.353987103623019
2025-03-22 17:02:14.506,-3.8473743723271467
2025-03-22 17:02:14.506,0.5747876112018415
2025-03-22 17:02:14.516,4.588486492595198
2025-03-22 17:02:14.516,3.670671111330577
2025-03-22 17:02:14.516,-1.3150638131681083
2025-03-22 17:02:14.516,-4.591100793918065
2025-03-22 17:02:14.517,-2.2394213731044275
2025-03-22 17:02:14.526,2.8959026536004444
2025-03-22 17:02:14.526,4.511533800911106
2025-03-22 17:02:14.526,0.4800339586063215
2025-03-22 17:02:14.526,-4.505130179720623
2025-03-22 17:02:14.526,-4.463405806914656
2025-03-22 17:02:14.536,0.8160797432348296
2025-03-22 17:02:14.536,5.496218865335532
2025-03-22 17:02:14.536,4.389823703252329
2025-03-22 17:02:14.536,-1.242249453804552
2025-03-22 17:02:14.536,-5.373303601957599
2025-03-22 17:02:14.546,-4.045078545268285
2025-03-22 17:02:14.546,0.7410490543582589
2025-03-22 17:02:14.546,4.0204384565289955
2025-03-22 17:02:14.546,3.3512340301605903
2025-03-22 17:02:14.546,0.414014567223421
2025-03-22 17:02:14.556,-1.888036686461267
2025-03-22 17:02:14.556,-2.394884410819519
2025-03-22 17:02:14.556,-1.6945792142728855
2025-03-22 17:02:14.556,-0.472098314579034
2025-03-22 17:02:14.556,1.1210133834283142
2025-03-22 17:02:14.566,2.611748907427865
2025-03-22 17:02:14.566,2.6857372376061623
2025-03-22 17:02:14.566,0.4241990679636103
2025-03-22 17:02:14.566,-2.8919942904700413
2025-03-22 17:02:14.567,-4.178067003057913
2025-03-22 17:02:14.575,-1.6998568273715358
2025-03-22 17:02:14.576,2.4534682624849977
2025-03-22 17:02:14.576,4.1910384156605955
2025-03-22 17:02:14.576,1.989896809971428
2025-03-22 17:02:14.576,-1.4025093779209414
2025-03-22 17:02:14.584,-2.4764203377407368
2025-03-22 17:02:14.584,-1.1286517141194183
2025-03-22 17:02:14.584,-0.01323076445567209
2025-03-22 17:02:14.584,-0.32681663025283614
2025-03-22 17:02:14.585,-0.28813396942537195
2025-03-22 17:02:14.594,1.486311112110604
2025-03-22 17:02:14.594,2.992499818116162
2025-03-22 17:02:14.594,1.3251717211440548
2025-03-22 17:02:14.595,-2.536400735873472
2025-03-22 17:02:14.595,-4.10338837091292
2025-03-22 17:02:14.604,-1.2983025948189066
2025-03-22 17:02:14.604,2.420602705645982
2025-03-22 17:02:14.604,2.705168509965429
2025-03-22 17:02:14.604,0.2215635403222842
2025-03-22 17:02:14.614,-0.8577154241025434
2025-03-22 17:02:14.614,0.6470099302827395
2025-03-22 17:02:14.614,1.3510488605605933
2025-03-22 17:02:14.614,-1.0953846624069288
2025-03-22 17:02:14.615,-3.9077622438144948
2025-03-22 17:02:14.624,-2.820038771049744
2025-03-22 17:02:14.624,1.8161593105746812
2025-03-22 17:02:14.624,5.120302267746672
2025-03-22 17:02:14.624,3.6373431731143624
2025-03-22 17:02:14.625,-0.8267265644088159
2025-03-22 17:02:14.634,-3.8392932540163636
2025-03-22 17:02:14.634,-3.3358987419173958
2025-03-22 17:02:14.634,-0.9279006772918754
2025-03-22 17:02:14.634,0.9933574556957057
2025-03-22 17:02:14.635,1.912590378020715
2025-03-22 17:02:14.635,2.440263642494128
2025-03-22 17:02:14.644,2.1143615605927852
2025-03-22 17:02:14.644,-0.21104939619938523
2025-03-22 17:02:14.644,-3.525324889882775
2025-03-22 17:02:14.645,-4.247741259700937
2025-03-22 17:02:14.654,-0.4808659000834416
2025-03-22 17:02:14.654,4.3502057547220785
2025-03-22 17:02:14.654,4.6065852461564045
2025-03-22 17:02:14.654,-0.4873174272330919
2025-03-22 17:02:14.654,-5.104525147650745
2025-03-22 17:02:14.664,-3.568858325698849
2025-03-22 17:02:14.664,2.535031188083251
2025-03-22 17:02:14.664,6.012864594799208
2025-03-22 17:02:14.664,2.5918703272808687
2025-03-22 17:02:14.664,-4.103534090223988
2025-03-22 17:02:14.674,-6.865323693992008
2025-03-22 17:02:14.674,-2.927582876184797
2025-03-22 17:02:14.674,3.584812496069527
2025-03-22 17:02:14.675,6.693016681411417
2025-03-22 17:02:14.675,4.486751616441869
2025-03-22 17:02:14.684,-0.3828589854700202
2025-03-22 17:02:14.684,-4.511785338488615
2025-03-22 17:02:14.684,-6.190136724023189
2025-03-22 17:02:14.684,-4.583831335931814
2025-03-22 17:02:14.684,0.6386966064166809
2025-03-22 17:02:14.694,7.116304005335843
2025-03-22 17:02:14.694,9.239216650521943
2025-03-22 17:02:14.694,3.206542495422215
2025-03-22 17:02:14.694,-6.987301100644851
2025-03-22 17:02:14.694,-11.611541610062764
2025-03-22 17:02:14.704,-5.355032711137277
2025-03-22 17:02:14.704,5.941561075731669
2025-03-22 17:02:14.704,11.01334791570435
2025-03-22 17:02:14.704,5.367545667511864
2025-03-22 17:02:14.704,-4.303911665864927
2025-03-22 17:02:14.714,-8.215414313630008
2025-03-22 17:02:14.714,-3.907902724142713
2025-03-22 17:02:14.714,2.6667916182042863
2025-03-22 17:02:14.714,4.871065115807471
2025-03-22 17:02:14.714,1.979364831008103
2025-03-22 17:02:14.723,-1.7477134219397024
2025-03-22 17:02:14.724,-2.5028678711010945
2025-03-22 17:02:14.724,-0.3457787190315967
2025-03-22 17:02:14.724,1.885675830732267
2025-03-22 17:02:14.724,1.77823784301586
2025-03-22 17:02:14.732,-0.5782508352488537
2025-03-22 17:02:14.732,-2.882810265460298
2025-03-22 17:02:14.733,-2.656245733528734
2025-03-22 17:02:14.733,0.48317101805642115
2025-03-22 17:02:14.733,4.057730610378221
2025-03-22 17:02:14.742,4.552570182936545
2025-03-22 17:02:14.742,0.7766392521322714
2025-03-22 17:02:14.742,-4.387757241425278
2025-03-22 17:02:14.743,-6.215723645718184
2025-03-22 17:02:14.752,-2.698491539199135
2025-03-22 17:02:14.752,3.246054102096266
2025-03-22 17:02:14.752,6.4364311404297885
2025-03-22 17:02:14.753,4.249563632017818
2025-03-22 17:02:14.753,-1.198048608130796
2025-03-22 17:02:14.753,-5.2103826789824375
2025-03-22 17:02:14.762,-4.632409860015632
2025-03-22 17:02:14.762,-0.38659958192640187
2025-03-22 17:02:14.762,3.539807024420239
2025-03-22 17:02:14.763,3.8123325776464574
2025-03-22 17:02:14.772,0.7950465596736482
2025-03-22 17:02:14.772,-2.170227889268536
2025-03-22 17:02:14.772,-2.4587873133420306
2025-03-22 17:02:14.772,-0.6248448707777569
2025-03-22 17:02:14.773,0.9742791272293804
2025-03-22 17:02:14.782,1.1804315034517225
2025-03-22 17:02:14.782,0.7542364389125105
2025-03-22 17:02:14.782,0.48441240299348814
2025-03-22 17:02:14.783,-0.01552825332008554
2025-03-22 17:02:14.783,-1.0988496092846385
2025-03-22 17:02:14.792,-1.8397628519423284
2025-03-22 17:02:14.792,-1.1093469337332724
2025-03-22 17:02:14.792,0.6791390281442875
2025-03-22 17:02:14.792,1.992156253040206
2025-03-22 17:02:14.793,2.013402798690784
2025-03-22 17:02:14.802,1.0432372092580955
2025-03-22 17:02:14.802,-0.5615065968588786
2025-03-22 17:02:14.802,-2.4564570930767085
2025-03-22 17:02:14.802,-3.3063290033664625
2025-03-22 17:02:14.802,-1.4524388170142755
2025-03-22 17:02:14.812,2.4351829351631498
2025-03-22 17:02:14.812,4.717259183783933
2025-03-22 17:02:14.812,2.5354353675767594
2025-03-22 17:02:14.812,-2.222822763377661
2025-03-22 17:02:14.812,-4.505552356886428
2025-03-22 17:02:14.822,-1.9700184251400996
2025-03-22 17:02:14.822,2.205048662803868
2025-03-22 17:02:14.822,3.20071835774137
2025-03-22 17:02:14.822,0.24427708603104853
2025-03-22 17:02:14.822,-2.7646066765883526
2025-03-22 17:02:14.832,-2.0726171058121987
2025-03-22 17:02:14.832,1.5861703157473392
2025-03-22 17:02:14.832,3.976373584671429
2025-03-22 17:02:14.832,2.1679304460747124
2025-03-22 17:02:14.833,-2.3441730190435965
2025-03-22 17:02:14.842,-5.2851408742743216
2025-03-22 17:02:14.842,-3.7949255537657964
2025-03-22 17:02:14.842,1.1029435296328711
2025-03-22 17:02:14.842,5.562033196238764
2025-03-22 17:02:14.842,6.024218976061578
2025-03-22 17:02:14.852,1.8897456676708533
2025-03-22 17:02:14.852,-3.918139122119482
2025-03-22 17:02:14.852,-6.947730333570076
2025-03-22 17:02:14.852,-4.727732387660446
2025-03-22 17:02:14.852,0.9107113337066587
2025-03-22 17:02:14.862,5.258010581137892
2025-03-22 17:02:14.862,5.102857639050065
2025-03-22 17:02:14.862,1.625969359052686
2025-03-22 17:02:14.862,-1.4934510445240505
2025-03-22 17:02:14.862,-2.3945913241495176
2025-03-22 17:02:14.872,-2.3005039134748357
2025-03-22 17:02:14.872,-2.4712279122910816
2025-03-22 17:02:14.872,-1.7493905962188638
2025-03-22 17:02:14.872,1.292183958426569
2025-03-22 17:02:14.872,4.8114741937111605
2025-03-22 17:02:14.880,4.803776364209096
2025-03-22 17:02:14.880,0.28458134145935704
2025-03-22 17:02:14.880,-4.638455325829833
2025-03-22 17:02:14.881,-5.244768835844594
2025-03-22 17:02:14.881,-1.556781786487245
2025-03-22 17:02:14.892,2.295348297965174
2025-03-22 17:02:14.892,3.2898920443288495
2025-03-22 17:02:14.892,2.1888179583414367
2025-03-22 17:02:14.892,0.9645348482879958
2025-03-22 17:02:14.892,-0.2690419407098907
2025-03-22 17:02:14.901,-2.2283956288509845
2025-03-22 17:02:14.902,-3.6702529539208215
2025-03-22 17:02:14.902,-2.1564781577821686
2025-03-22 17:02:14.902,2.007479281641606
2025-03-22 17:02:14.902,4.759935540659952
2025-03-22 17:02:14.910,2.7841979541095787
2025-03-22 17:02:14.910,-2.0077811774465415
2025-03-22 17:02:14.911,-4.296044980306719
2025-03-22 17:02:14.911,-1.6428578682725865
2025-03-22 17:02:14.911,2.5618628486385497
2025-03-22 17:02:14.920,3.2374014392848895
2025-03-22 17:02:14.920,-0.2222518123334209
2025-03-22 17:02:14.920,-3.318013436102144
2025-03-22 17:02:14.920,-2.1180720065829566
2025-03-22 17:02:14.930,1.819752646087341
2025-03-22 17:02:14.930,3.47425894133129
2025-03-22 17:02:14.930,0.779058841098762
2025-03-22 17:02:14.930,-2.8043974021739055
2025-03-22 17:02:14.930,-2.8280132690287854
2025-03-22 17:02:14.940,0.5317042580314877
2025-03-22 17:02:14.940,3.0443330179404415
2025-03-22 17:02:14.940,1.9742670003593057
2025-03-22 17:02:14.940,-0.9311737409822911
2025-03-22 17:02:14.940,-2.3403434022525134
2025-03-22 17:02:14.950,-1.4230549881540824
2025-03-22 17:02:14.950,0.11198618255991907
2025-03-22 17:02:14.950,0.873547869574612
2025-03-22 17:02:14.950,1.0500635133294915
2025-03-22 17:02:14.950,1.0933926452855152
2025-03-22 17:02:14.960,0.6800308265282536
2025-03-22 17:02:14.960,-0.4602761651898116
2025-03-22 17:02:14.960,-1.5842575629856122
2025-03-22 17:02:14.960,-1.620128405022664
2025-03-22 17:02:14.960,-0.5077445852329721
2025-03-22 17:02:14.970,0.8003115202288945
2025-03-22 17:02:14.970,1.5416346913694967
2025-03-22 17:02:14.970,1.6677321757237082
2025-03-22 17:02:14.970,1.1393598018431481
2025-03-22 17:02:14.970,-0.3899307579754759
2025-03-22 17:02:14.980,-2.523366582910666
2025-03-22 17:02:14.980,-3.398067336187929
2025-03-22 17:02:14.980,-1.3167792972425933
2025-03-22 17:02:14.980,2.6077371246939847
2025-03-22 17:02:14.980,4.633872069023349
2025-03-22 17:02:14.988,2.3322049131488005
2025-03-22 17:02:14.988,-2.148364735939361
2025-03-22 17:02:14.988,-4.082636283273897
2025-03-22 17:02:14.989,-1.5922340183158328
2025-03-22 17:02:14.989,2.128781758664477
2025-03-22 17:02:14.998,2.6644300113160626
2025-03-22 17:02:14.998,-0.41385319484319855
2025-03-22 17:02:14.998,-3.222804553677012
2025-03-22 17:02:14.999,-2.207011240066077
2025-03-22 17:02:14.999,1.8592582949049836
2025-03-22 17:02:15.008,4.781620741030368
2025-03-22 17:02:15.008,3.3558692180425282
2025-03-22 17:02:15.008,-1.4210704108241803
2025-03-22 17:02:15.009,-5.3249567862937885
2025-03-22 17:02:15.018,-4.895743501713455
2025-03-22 17:02:15.018,-0.5600774473918466
2025-03-22 17:02:15.018,3.9929247079321404
2025-03-22 17:02:15.019,5.264020426411796
2025-03-22 17:02:15.019,2.706896406552088
2025-03-22 17:02:15.019,-1.3964910320999309
2025-03-22 17:02:15.028,-4.07015497074416
2025-03-22 17:02:15.028,-3.7278383861587026
2025-03-22 17:02:15.028,-0.9891292153442336
2025-03-22 17:02:15.029,2.011561734003543
2025-03-22 17:02:15.038,3.2689469422424424
2025-03-22 17:02:15.038,2.2279296350690174
2025-03-22 17:02:15.038,-0.1489549094741079
2025-03-22 17:02:15.038,-2.2089657527266917
2025-03-22 17:02:15.038,-2.53070931722127
2025-03-22 17:02:15.048,-0.7757879327961794
2025-03-22 17:02:15.048,1.7292170059014904
2025-03-22 17:02:15.048,2.6488083261719613
2025-03-22 17:02:15.048,0.8189754229863234
2025-03-22 17:02:15.048,-2.0692797727247543
2025-03-22 17:02:15.058,-2.831185576105683
2025-03-22 17:02:15.058,-0.41472432720508084
2025-03-22 17:02:15.058,2.4994381827317764
2025-03-22 17:02:15.058,2.490421487752796
2025-03-22 17:02:15.058,-0.3248102439468321
2025-03-22 17:02:15.067,-2.323868842773049
2025-03-22 17:02:15.068,-1.0425682157839573
2025-03-22 17:02:15.068,1.540412038129676
2025-03-22 17:02:15.068,1.6200411189488493
2025-03-22 17:02:15.068,-1.2203644582022628
2025-03-22 17:02:15.078,-3.161546490533939
2025-03-22 17:02:15.078,-1.0246543308812315
2025-03-22 17:02:15.078,3.2893669309799023
2025-03-22 17:02:15.078,4.630441416713032
2025-03-22 17:02:15.078,0.8205430498165331
2025-03-22 17:02:15.088,-4.25421771213535
2025-03-22 17:02:15.088,-4.872862500860071
2025-03-22 17:02:15.088,-0.37162946365181576
2025-03-22 17:02:15.088,3.8633482372798884
2025-03-22 17:02:15.088,3.028914911648555
2025-03-22 17:02:15.098,-1.0866657002028497
2025-03-22 17:02:15.098,-2.6773717655200127
2025-03-22 17:02:15.098,0.2565449387075379
2025-03-22 17:02:15.098,3.3344136825604314
2025-03-22 17:02:15.098,1.814751037189449
2025-03-22 17:02:15.106,-2.9997481854627397
2025-03-22 17:02:15.106,-5.304566965606827
2025-03-22 17:02:15.107,-1.95518860915383
2025-03-22 17:02:15.107,3.7960108737768348
2025-03-22 17:02:15.107,6.044697982626022
2025-03-22 17:02:15.116,2.5921410811539674
2025-03-22 17:02:15.116,-3.038534749312035
2025-03-22 17:02:15.116,-5.422012781830519
2025-03-22 17:02:15.117,-2.599956676642404
2025-03-22 17:02:15.126,2.1772429994721274
2025-03-22 17:02:15.126,3.9341084218330282
2025-03-22 17:02:15.126,1.3036541364354197
2025-03-22 17:02:15.126,-2.0501070653736164
2025-03-22 17:02:15.127,-1.9906583410129568
2025-03-22 17:02:15.136,0.8419106136270045
2025-03-22 17:02:15.136,2.0967168306850397
2025-03-22 17:02:15.136,-0.06082725491966012
2025-03-22 17:02:15.136,-2.3515404611929083
2025-03-22 17:02:15.136,-1.3229389895614558
2025-03-22 17:02:15.146,1.4903575343909385
2025-03-22 17:02:15.146,1.9651586858866141
2025-03-22 17:02:15.146,-0.38047264027122274
2025-03-22 17:02:15.146,-1.7977556370771661
2025-03-22 17:02:15.146,-0.03214413305113169
2025-03-22 17:02:15.156,2.34137728283477
2025-03-22 17:02:15.156,1.628279153841489
2025-03-22 17:02:15.156,-1.841438449838999
2025-03-22 17:02:15.156,-4.045382402156302
2025-03-22 17:02:15.156,-2.1196870996365744
2025-03-22 17:02:15.166,2.406822095024042
2025-03-22 17:02:15.166,5.236872632104471
2025-03-22 17:02:15.166,3.5386740680011375
2025-03-22 17:02:15.166,-1.4339440229425953
2025-03-22 17:02:15.167,-5.484754826737092
2025-03-22 17:02:15.176,-5.137402212169274
2025-03-22 17:02:15.176,-0.5929258548486237
2025-03-22 17:02:15.176,4.4668200035630985
2025-03-22 17:02:15.176,5.949100596162595
2025-03-22 17:02:15.176,2.684584553546079
2025-03-22 17:02:15.186,-2.647407022421534
2025-03-22 17:02:15.186,-5.666023361656194
2025-03-22 17:02:15.186,-3.8501953057985356
2025-03-22 17:02:15.186,1.2151297196948876
2025-03-22 17:02:15.186,4.93891418558454
2025-03-22 17:02:15.196,3.7908119669176616
2025-03-22 17:02:15.196,-1.0585260408126729
2025-03-22 17:02:15.196,-4.522817025965947
2025-03-22 17:02:15.196,-2.8415111059359424
2025-03-22 17:02:15.196,2.048180126552023
2025-03-22 17:02:15.204,4.392978619727229
2025-03-22 17:02:15.204,1.3077323036433426
2025-03-22 17:02:15.205,-3.4908551360044777
2025-03-22 17:02:15.205,-3.9599885409849103
2025-03-22 17:02:15.205,0.6891368474846413
2025-03-22 17:02:15.214,4.684721790008716
2025-03-22 17:02:15.214,2.843278098808145
2025-03-22 17:02:15.215,-2.724648572016131
2025-03-22 17:02:15.215,-5.133823612296137
2025-03-22 17:02:15.224,-1.3457665118996336
2025-03-22 17:02:15.224,4.13858929598403
2025-03-22 17:02:15.224,4.916230037443802
2025-03-22 17:02:15.224,0.20558430775582615
2025-03-22 17:02:15.225,-4.701650795517028
2025-03-22 17:02:15.234,-4.652739259633677
2025-03-22 17:02:15.234,0.1136447694126087
2025-03-22 17:02:15.234,4.7293950809124965
2025-03-22 17:02:15.235,4.697487873697608
2025-03-22 17:02:15.235,0.12343345345585616
2025-03-22 17:02:15.244,-4.438714450642016
2025-03-22 17:02:15.244,-4.482070055115129
2025-03-22 17:02:15.244,-0.24335945098111028
2025-03-22 17:02:15.244,3.566683644222398
2025-03-22 17:02:15.244,3.1495409394309593
2025-03-22 17:02:15.254,-0.14893492419562868
2025-03-22 17:02:15.254,-2.0187236278065557
2025-03-22 17:02:15.254,-0.8030237222857655
2025-03-22 17:02:15.254,0.9010798770496983
2025-03-22 17:02:15.255,0.407414520812219
2025-03-22 17:02:15.264,-1.3111343352205338
2025-03-22 17:02:15.264,-1.4308483098997713
2025-03-22 17:02:15.264,0.4422369682249851
2025-03-22 17:02:15.264,1.8731584472747391
2025-03-22 17:02:15.264,1.2631722482858667
2025-03-22 17:02:15.274,-0.1667917186116265
2025-03-22 17:02:15.274,-0.6961885436789972
2025-03-22 17:02:15.274,-0.605072231031032
2025-03-22 17:02:15.274,-0.9720097444412623
2025-03-22 17:02:15.274,-1.2166516479420082
2025-03-22 17:02:15.284,0.128779468620618
2025-03-22 17:02:15.284,2.3990128128701067
2025-03-22 17:02:15.284,2.6743628796534678
2025-03-22 17:02:15.284,-0.32663886268987746
2025-03-22 17:02:15.284,-3.6615175493014767
2025-03-22 17:02:15.294,-3.1760779601992875
2025-03-22 17:02:15.294,1.1823987140594379
2025-03-22 17:02:15.294,4.661101804828071
2025-03-22 17:02:15.294,3.015231203883576
2025-03-22 17:02:15.294,-2.3077578571080015
2025-03-22 17:02:15.304,-5.4290597972559755
2025-03-22 17:02:15.304,-2.6392389400690037
2025-03-22 17:02:15.304,3.1828002031347675
2025-03-22 17:02:15.304,5.677923802830086
2025-03-22 17:02:15.304,2.220796678291449
2025-03-22 17:02:15.314,-3.2554929495569587
2025-03-22 17:02:15.314,-5.031641658045776
2025-03-22 17:02:15.314,-1.9118373363449856
2025-03-22 17:02:15.314,2.293071431728038
2025-03-22 17:02:15.314,3.63161497576319
2025-03-22 17:02:15.322,1.7735596365400705
2025-03-22 17:02:15.322,-0.8321026601305669
2025-03-22 17:02:15.322,-1.945881889467909
2025-03-22 17:02:15.323,-1.2502833616543978
2025-03-22 17:02:15.323,-0.07330205346480574
2025-03-22 17:02:15.332,0.16331192498205505
2025-03-22 17:02:15.333,-0.3810037820846954
2025-03-22 17:02:15.333,-0.12627407895788392
2025-03-22 17:02:15.333,1.4807789063819405
2025-03-22 17:02:15.333,2.494379122583789
2025-03-22 17:02:15.342,0.8607530979127584
2025-03-22 17:02:15.342,-2.220587028716951
2025-03-22 17:02:15.342,-3.243735579095898
2025-03-22 17:02:15.343,-0.9679281355870251
2025-03-22 17:02:15.352,1.78001114962255
2025-03-22 17:02:15.352,1.8229312919081087
2025-03-22 17:02:15.352,-0.23968749929059086
2025-03-22 17:02:15.352,-1.1209210847362536
2025-03-22 17:02:15.353,0.5536392887956962
2025-03-22 17:02:15.362,2.39399873191586
2025-03-22 17:02:15.362,1.3695252774899314
2025-03-22 17:02:15.362,-2.2179965685195517
2025-03-22 17:02:15.362,-4.6546197299817385
2025-03-22 17:02:15.363,-2.697830202445565
2025-03-22 17:02:15.372,2.62206942525998
2025-03-22 17:02:15.372,6.346657702956961
2025-03-22 17:02:15.372,4.334676196519353
2025-03-22 17:02:15.372,-2.088206444378653
2025-03-22 17:02:15.372,-6.879401274672061
2025-03-22 17:02:15.382,-5.3191325701864205
2025-03-22 17:02:15.382,1.0235848354306554
2025-03-22 17:02:15.382,5.963301974363466
2025-03-22 17:02:15.382,5.1391739809363575
2025-03-22 17:02:15.383,0.13552657956715852
2025-03-22 17:02:15.392,-3.853711961897334
2025-03-22 17:02:15.392,-3.68804762102643
2025-03-22 17:02:15.392,-0.9090791642776688
2025-03-22 17:02:15.392,1.0277551027329637
2025-03-22 17:02:15.393,1.0380553961087133
2025-03-22 17:02:15.402,0.9781172020914459
2025-03-22 17:02:15.402,2.121457492807153
2025-03-22 17:02:15.402,2.5201261455877706
2025-03-22 17:02:15.402,-0.4986887306787044
2025-03-22 17:02:15.402,-5.341591089245784
2025-03-22 17:02:15.412,-6.120275576770226
2025-03-22 17:02:15.412,0.23350554833960752
2025-03-22 17:02:15.412,8.153873800317927
2025-03-22 17:02:15.412,8.292075007186243
2025-03-22 17:02:15.412,-0.89479564207664
2025-03-22 17:02:15.422,-9.636844576383139
2025-03-22 17:02:15.422,-7.7981474027922495
2025-03-22 17:02:15.422,2.4454203530777296
2025-03-22 17:02:15.422,8.889792729122219
2025-03-22 17:02:15.422,4.50998606716783
2025-03-22 17:02:15.432,-3.987147548872191
2025-03-22 17:02:15.432,-5.599391329088491
2025-03-22 17:02:15.432,0.3643564005820608
2025-03-22 17:02:15.433,4.326283998662701
2025-03-22 17:02:15.433,0.5177347586095989
2025-03-22 17:02:15.442,-4.958586459244524
2025-03-22 17:02:15.442,-3.20327259157263
2025-03-22 17:02:15.442,4.456055098777047
2025-03-22 17:02:15.442,7.857820468061412
2025-03-22 17:02:15.442,1.7121000297982398
2025-03-22 17:02:15.452,-7.166742998780127
2025-03-22 17:02:15.452,-8.423712823711359
2025-03-22 17:02:15.452,-0.857168707373107
2025-03-22 17:02:15.452,6.703286206917456
2025-03-22 17:02:15.452,6.3847959327928425
2025-03-22 17:02:15.462,0.04243269887847129
2025-03-22 17:02:15.462,-4.1445715770630125
2025-03-22 17:02:15.462,-2.020657699074846
2025-03-22 17:02:15.462,2.085996731252252
2025-03-22 17:02:15.462,1.694090077566933
2025-03-22 17:02:15.470,-3.083342337743927
2025-03-22 17:02:15.470,-5.504716900297747
2025-03-22 17:02:15.471,-0.9918764000686943
2025-03-22 17:02:15.471,6.413517599359215
2025-03-22 17:02:15.480,8.368266178626728
2025-03-22 17:02:15.480,2.1556626209805736
2025-03-22 17:02:15.480,-6.092193804778348
2025-03-22 17:02:15.480,-8.57267230984815
2025-03-22 17:02:15.481,-4.099586798702578
2025-03-22 17:02:15.490,2.1528849299583626
2025-03-22 17:02:15.490,5.400619798349716
2025-03-22 17:02:15.490,5.202767038051785
2025-03-22 17:02:15.491,3.1815001611585485
2025-03-22 17:02:15.491,-0.08749909698944296
2025-03-22 17:02:15.500,-4.209044363473416
2025-03-22 17:02:15.500,-6.728340874413247
2025-03-22 17:02:15.500,-4.571809401768984
2025-03-22 17:02:15.501,1.6584412702759102
2025-03-22 17:02:15.501,6.7029950844341215
2025-03-22 17:02:15.510,5.749797735948964
2025-03-22 17:02:15.510,0.11938004906390182
2025-03-22 17:02:15.510,-3.9510480871608813
2025-03-22 17:02:15.510,-2.74387788913364
2025-03-22 17:02:15.511,0.518105032089329
2025-03-22 17:02:15.520,0.4733320097778493
2025-03-22 17:02:15.520,-2.4601667091403825
2025-03-22 17:02:15.520,-2.4387894644439814
2025-03-22 17:02:15.520,2.734829919139671
2025-03-22 17:02:15.521,6.800333558775146
2025-03-22 17:02:15.530,2.9436989795280524
2025-03-22 17:02:15.530,-5.630977648360844
2025-03-22 17:02:15.530,-8.281056557846677
2025-03-22 17:02:15.530,-0.8240977786322281
2025-03-22 17:02:15.530,7.969751784991192
2025-03-22 17:02:15.540,7.035877202739243
2025-03-22 17:02:15.540,-2.702407655445573
2025-03-22 17:02:15.540,-9.245465820918172
2025-03-22 17:02:15.540,-4.543299988840454
2025-03-22 17:02:15.541,5.627555253257251
2025-03-22 17:02:15.550,9.12446188579578
2025-03-22 17:02:15.550,2.2510946636852083
2025-03-22 17:02:15.550,-6.55010848226594
2025-03-22 17:02:15.550,-7.610385239123346
2025-03-22 17:02:15.550,-1.0304172609089646
2025-03-22 17:02:15.560,5.108548643289223
2025-03-22 17:02:15.560,5.0954421278414035
2025-03-22 17:02:15.560,0.9313662661649987
2025-03-22 17:02:15.560,-2.1835089795176934
2025-03-22 17:02:15.560,-2.3082354500533095
2025-03-22 17:02:15.568,-1.1858377212099687
2025-03-22 17:02:15.568,-0.4629106238771652
2025-03-22 17:02:15.569,-0.005918051797667578
2025-03-22 17:02:15.569,0.6780972063383315
2025-03-22 17:02:15.569,1.4638544528413746
2025-03-22 17:02:15.578,1.9860940758727303
2025-03-22 17:02:15.578,1.51665670740083
2025-03-22 17:02:15.578,-0.9591287028528719
2025-03-22 17:02:15.579,-4.5977760915868355
2025-03-22 17:02:15.579,-5.374026730157334
2025-03-22 17:02:15.588,-0.08007259753738857
2025-03-22 17:02:15.588,7.781341538080017
2025-03-22 17:02:15.589,9.519878641892806
2025-03-22 17:02:15.589,1.1437895482628908
2025-03-22 17:02:15.589,-10.118601118039182
2025-03-22 17:02:15.598,-12.27206660395504
2025-03-22 17:02:15.598,-1.8562802808839856
2025-03-22 17:02:15.598,11.116085279813383
2025-03-22 17:02:15.598,12.989535662788375
2025-03-22 17:02:15.606,1.2156696689573736
2025-03-22 17:02:15.607,-11.948283679828501
2025-03-22 17:02:15.607,-12.018059764212385
2025-03-22 17:02:15.607,1.4605772686293288
2025-03-22 17:02:15.607,13.480829133756282
2025-03-22 17:02:15.616,10.136180076468348
2025-03-22 17:02:15.616,-5.090860783044099
2025-03-22 17:02:15.616,-14.903162770384899
2025-03-22 17:02:15.617,-8.203522436663164
2025-03-22 17:02:15.626,7.158026231128673
2025-03-22 17:02:15.626,14.14560806536913
2025-03-22 17:02:15.626,6.4524701134585865
2025-03-22 17:02:15.626,-5.7281314723171235
2025-03-22 17:02:15.626,-9.602356498407477
2025-03-22 17:02:15.636,-4.3236932503521865
2025-03-22 17:02:15.636,1.3495555753065966
2025-03-22 17:02:15.636,2.1804372734931143
2025-03-22 17:02:15.636,1.4902911043504947
2025-03-22 17:02:15.636,3.2182133859921365
2025-03-22 17:02:15.644,4.792015527786663
2025-03-22 17:02:15.644,1.4783811485540723
2025-03-22 17:02:15.645,-5.22800969156151
2025-03-22 17:02:15.645,-8.242880507311495
2025-03-22 17:02:15.645,-3.82554821770305
2025-03-22 17:02:15.656,3.730919495182303
2025-03-22 17:02:15.656,7.518829035525994
2025-03-22 17:02:15.656,5.437260950024089
2025-03-22 17:02:15.656,0.42691407491602346
2025-03-22 17:02:15.656,-4.248778538996708
2025-03-22 17:02:15.664,-6.813741502366109
2025-03-22 17:02:15.665,-5.400141128097873
2025-03-22 17:02:15.665,0.9461035581627961
2025-03-22 17:02:15.665,8.421586376458517
2025-03-22 17:02:15.665,9.357534180514893
2025-03-22 17:02:15.674,0.5769431263340051
2025-03-22 17:02:15.674,-10.356327910416551
2025-03-22 17:02:15.675,-11.383354515986191
2025-03-22 17:02:15.675,0.07701587835148793
2025-03-22 17:02:15.684,12.308716050163083
2025-03-22 17:02:15.684,11.526626555045866
2025-03-22 17:02:15.684,-2.0494944651639706
2025-03-22 17:02:15.684,-13.711942457472743
2025-03-22 17:02:15.684,-10.655616694619937
2025-03-22 17:02:15.692,3.781713444551141
2025-03-22 17:02:15.692,14.154343006036408
2025-03-22 17:02:15.693,9.83011709356637
2025-03-22 17:02:15.693,-4.164181986983385
2025-03-22 17:02:15.702,-13.189909418158255
2025-03-22 17:02:15.702,-8.61172512156264
2025-03-22 17:02:15.702,3.5535243848844575
2025-03-22 17:02:15.702,9.977137795630151
2025-03-22 17:02:15.703,5.18300012436527
2025-03-22 17:02:15.712,-3.073374362338317
2025-03-22 17:02:15.712,-4.642018594830586
2025-03-22 17:02:15.712,0.2272438403466902
2025-03-22 17:02:15.712,3.0190199664904407
2025-03-22 17:02:15.713,-0.13696758706886591
2025-03-22 17:02:15.722,-3.825983474775922
2025-03-22 17:02:15.722,-2.5393052015866036
2025-03-22 17:02:15.722,1.3663311755202296
2025-03-22 17:02:15.722,2.326995570877751
2025-03-22 17:02:15.722,0.26970403565702283
2025-03-22 17:02:15.732,0.018016766316248975
2025-03-22 17:02:15.732,3.1337569366955007
2025-03-22 17:02:15.732,4.650889659678238
2025-03-22 17:02:15.732,-0.23803410239452866
2025-03-22 17:02:15.733,-8.294501453403623
2025-03-22 17:02:15.742,-10.327300938012572
2025-03-22 17:02:15.742,-2.143487664600787
2025-03-22 17:02:15.742,9.104432247778975
2025-03-22 17:02:15.742,12.215096807557938
2025-03-22 17:02:15.742,4.679798903769584
2025-03-22 17:02:15.750,-4.845930517632625
2025-03-22 17:02:15.750,-7.261944755554563
2025-03-22 17:02:15.751,-3.3393028197270365
2025-03-22 17:02:15.751,-0.8946301509031374
2025-03-22 17:02:15.751,-3.0472029169371515
2025-03-22 17:02:15.760,-3.6180006697750744
2025-03-22 17:02:15.760,3.379831157197338
2025-03-22 17:02:15.760,12.911413764679871
2025-03-22 17:02:15.761,12.958181399599313
2025-03-22 17:02:15.768,-0.2637731136860484
2025-03-22 17:02:15.768,-15.84821398193439
2025-03-22 17:02:15.769,-19.27973115075738
2025-03-22 17:02:15.769,-7.230774264615615
2025-03-22 17:02:15.769,10.331397039033735
2025-03-22 17:02:15.778,19.958001528736755
2025-03-22 17:02:15.778,14.879651760381217
2025-03-22 17:02:15.778,-1.1040972110088254
2025-03-22 17:02:15.779,-16.083662325602788
2025-03-22 17:02:15.788,-18.13520081465585
2025-03-22 17:02:15.788,-5.476621060708453
2025-03-22 17:02:15.788,10.55804468169963
2025-03-22 17:02:15.788,15.510124585153237
2025-03-22 17:02:15.789,6.22311839641726
2025-03-22 17:02:15.798,-6.294327920608992
2025-03-22 17:02:15.798,-9.40453095006711
2025-03-22 17:02:15.798,-2.3371264945565597
2025-03-22 17:02:15.798,4.728783162440752
2025-03-22 17:02:15.798,3.6730827596378153
2025-03-22 17:02:15.806,-2.597844422880667
2025-03-22 17:02:15.806,-5.069848654671962
2025-03-22 17:02:15.807,-0.2653486469861778
2025-03-22 17:02:15.807,5.687887450731879
2025-03-22 17:02:15.807,5.03879068647831
2025-03-22 17:02:15.816,-1.6525563671572263
2025-03-22 17:02:15.816,-6.100312803975925
2025-03-22 17:02:15.817,-2.8697371937534673
2025-03-22 17:02:15.817,3.545148736090515
2025-03-22 17:02:15.826,4.577247378123262
2025-03-22 17:02:15.826,-1.102492984070511
2025-03-22 17:02:15.826,-5.750182930253403
2025-03-22 17:02:15.826,-2.626137614797133
2025-03-22 17:02:15.827,5.156310693191994
2025-03-22 17:02:15.836,8.115801421837153
2025-03-22 17:02:15.836,1.6371719213737719
2025-03-22 17:02:15.836,-8.263559515364966
2025-03-22 17:02:15.837,-10.826190116536736
2025-03-22 17:02:15.837,-1.946164754535967
2025-03-22 17:02:15.844,10.420424709052545
2025-03-22 17:02:15.844,13.313335633374038
2025-03-22 17:02:15.844,2.616703970572493
2025-03-22 17:02:15.845,-11.119966243340441
2025-03-22 17:02:15.854,-13.363962441997169
2025-03-22 17:02:15.854,-2.1083884931120673
2025-03-22 17:02:15.854,9.596991351379621
2025-03-22 17:02:15.854,9.118193810680872
2025-03-22 17:02:15.855,-0.9475190621937286
2025-03-22 17:02:15.864,-6.930287995249028
2025-03-22 17:02:15.864,-1.6523327584566982
2025-03-22 17:02:15.864,6.829952896747079
2025-03-22 17:02:15.864,5.906751251705709
2025-03-22 17:02:15.865,-5.233974986737651
2025-03-22 17:02:15.872,-13.827373465776061
2025-03-22 17:02:15.872,-8.353655885549523
2025-03-22 17:02:15.873,7.665882967841351
2025-03-22 17:02:15.873,18.650549966893223
2025-03-22 17:02:15.873,13.092937547562753
2025-03-22 17:02:15.882,-4.609774162516236
2025-03-22 17:02:15.882,-18.46353894844742
2025-03-22 17:02:15.883,-16.31301137606556
2025-03-22 17:02:15.883,-1.0003244687710486
2025-03-22 17:02:15.890,13.177540264388215
2025-03-22 17:02:15.890,14.564835394097337
2025-03-22 17:02:15.891,4.497410293951963
2025-03-22 17:02:15.891,-6.003320340159495
2025-03-22 17:02:15.891,-8.36596013407734
2025-03-22 17:02:15.900,-3.7287662044137244
2025-03-22 17:02:15.900,1.177012068589475
2025-03-22 17:02:15.901,2.3347688672706717
2025-03-22 17:02:15.901,0.9454316086632994
2025-03-22 17:02:15.910,-0.34520379683093366
2025-03-22 17:02:15.910,-0.7133391794672833
2025-03-22 17:02:15.910,-0.43349063817691075
2025-03-22 17:02:15.911,0.8403490385222753
2025-03-22 17:02:15.911,3.255686402719564
2025-03-22 17:02:15.920,4.6406689941430885
2025-03-22 17:02:15.920,1.4838479203532677
2025-03-22 17:02:15.920,-6.086406935490383
2025-03-22 17:02:15.920,-11.493709779860387
2025-03-22 17:02:15.921,-7.291977787737033
2025-03-22 17:02:15.928,5.34586396642871
2025-03-22 17:02:15.929,15.468918434351203
2025-03-22 17:02:15.929,13.040286169435317
2025-03-22 17:02:15.929,-0.3177962655663056
2025-03-22 17:02:15.929,-12.958457707501367
2025-03-22 17:02:15.938,-14.739768981184044
2025-03-22 17:02:15.938,-5.650229137459175
2025-03-22 17:02:15.938,5.831564104907497
2025-03-22 17:02:15.938,10.98123891552245
2025-03-22 17:02:15.948,7.772225373846385
2025-03-22 17:02:15.948,1.2209941030396485
2025-03-22 17:02:15.948,-2.7995705673371787
2025-03-22 17:02:15.948,-3.8594557328776737
2025-03-22 17:02:15.949,-5.4913210576182125
2025-03-22 17:02:15.956,-7.45996595803851
2025-03-22 17:02:15.957,-3.8458950101857186
2025-03-22 17:02:15.957,7.410382970898012
2025-03-22 17:02:15.957,16.48468973570131
2025-03-22 17:02:15.957,10.505092355630001
2025-03-22 17:02:15.966,-8.472131111327569
2025-03-22 17:02:15.966,-21.271242828799956
2025-03-22 17:02:15.967,-12.590997167831057
2025-03-22 17:02:15.967,9.44568396915709
2025-03-22 17:02:15.974,21.17956447467638
2025-03-22 17:02:15.974,10.467966194555178
2025-03-22 17:02:15.975,-9.976913825752037
2025-03-22 17:02:15.975,-18.149276866561188
2025-03-22 17:02:15.984,-7.114588745976635
2025-03-22 17:02:15.984,9.637457957606758
2025-03-22 17:02:15.984,14.715266720961397
2025-03-22 17:02:15.984,4.6570765544706205
2025-03-22 17:02:15.985,-8.773145956000796
2025-03-22 17:02:15.994,-12.09758573580257
2025-03-22 17:02:15.994,-3.2378558947318665
2025-03-22 17:02:15.994,7.877140570493665
2025-03-22 17:02:15.994,10.140907060228589
2025-03-22 17:02:15.994,2.1865187232556407
2025-03-22 17:02:16.004,-7.074205082016217
2025-03-22 17:02:16.004,-8.233613494120391
2025-03-22 17:02:16.004,-1.0467065494239112
2025-03-22 17:02:16.004,6.191187526851371
2025-03-22 17:02:16.005,6.222314976945688
2025-03-22 17:02:16.012,0.1402450593869376
2025-03-22 17:02:16.012,-5.11897993422852
2025-03-22 17:02:16.012,-4.676323781117483
2025-03-22 17:02:16.013,0.1937830645302306
2025-03-22 17:02:16.013,4.474771982049592
2025-03-22 17:02:16.022,4.156308753104884
2025-03-22 17:02:16.022,-0.6437015851756973
2025-03-22 17:02:16.023,-5.461439715594678
2025-03-22 17:02:16.023,-4.8624107714446065
2025-03-22 17:02:16.032,1.8436430915412634
2025-03-22 17:02:16.032,8.249541027792564
2025-03-22 17:02:16.032,6.644667718920485
2025-03-22 17:02:16.032,-2.8424799198904207
2025-03-22 17:02:16.033,-10.910189930506009
2025-03-22 17:02:16.042,-8.668548187939985
2025-03-22 17:02:16.042,2.354238756585583
2025-03-22 17:02:16.042,11.413075993464446
2025-03-22 17:02:16.042,9.647837335428463
2025-03-22 17:02:16.042,-1.004321737990213
2025-03-22 17:02:16.052,-10.05792429508588
2025-03-22 17:02:16.052,-9.029461938031119
2025-03-22 17:02:16.052,0.4059106047503862
2025-03-22 17:02:16.052,8.517000408219781
2025-03-22 17:02:16.053,7.552432716438577
2025-03-22 17:02:16.060,-0.6240304026228589
2025-03-22 17:02:16.060,-7.214878740742222
2025-03-22 17:02:16.061,-6.195613426297128
2025-03-22 17:02:16.061,0.03155831381946739
2025-03-22 17:02:16.061,4.820245182415228
2025-03-22 17:02:16.070,5.013605957356864
2025-03-22 17:02:16.070,2.6121602514081763
2025-03-22 17:02:16.071,0.002070967555994122
2025-03-22 17:02:16.071,-3.084608275182047
2025-03-22 17:02:16.080,-6.581946166872925
2025-03-22 17:02:16.080,-6.913177673456369
2025-03-22 17:02:16.080,-0.541130624339464
2025-03-22 17:02:16.081,9.351236087210594
2025-03-22 17:02:16.081,13.467026246564215
2025-03-22 17:02:16.090,6.050503380604217
2025-03-22 17:02:16.090,-7.769167342507975
2025-03-22 17:02:16.090,-16.429947828281296
2025-03-22 17:02:16.090,-12.839466190531967
2025-03-22 17:02:16.091,0.30101521918263185
2025-03-22 17:02:16.098,13.908270825928703
2025-03-22 17:02:16.098,18.801386921719192
2025-03-22 17:02:16.099,10.695634506677582
2025-03-22 17:02:16.099,-6.343620914611516
2025-03-22 17:02:16.108,-20.391879255045925
2025-03-22 17:02:16.108,-19.568652138796942
2025-03-22 17:02:16.108,-3.1883763079165566
2025-03-22 17:02:16.108,15.576400063490974
2025-03-22 17:02:16.109,21.03999351164945
2025-03-22 17:02:16.116,9.924222049811437
2025-03-22 17:02:16.116,-6.291102439086187
2025-03-22 17:02:16.117,-14.022300920545371
2025-03-22 17:02:16.117,-10.492755401279547
2025-03-22 17:02:16.126,-2.9453507274401574
2025-03-22 17:02:16.126,2.2392066376428263
2025-03-22 17:02:16.126,5.392394615348887
2025-03-22 17:02:16.127,8.35465772059276
2025-03-22 17:02:16.127,8.424358971721048
2025-03-22 17:02:16.136,1.8009933402906708
2025-03-22 17:02:16.136,-8.607791667920457
2025-03-22 17:02:16.136,-13.613603636762805
2025-03-22 17:02:16.137,-7.470945088257379
2025-03-22 17:02:16.137,5.089911398347079
2025-03-22 17:02:16.144,13.065421099753667
2025-03-22 17:02:16.144,9.780330844014737
2025-03-22 17:02:16.145,-1.09800439778587
2025-03-22 17:02:16.145,-9.515850079222748
2025-03-22 17:02:16.145,-8.675774078581329
2025-03-22 17:02:16.154,-0.9369755899415874
2025-03-22 17:02:16.155,5.603466960823125
2025-03-22 17:02:16.155,5.660753799696844
2025-03-22 17:02:16.155,1.0778296502652893
2025-03-22 17:02:16.155,-2.7639864525256943
2025-03-22 17:02:16.164,-2.9255022659198318
2025-03-22 17:02:16.164,-0.576420298696208
2025-03-22 17:02:16.164,1.6625088588187356
2025-03-22 17:02:16.165,2.187152079670105
2025-03-22 17:02:16.174,0.6758021828557079
2025-03-22 17:02:16.174,-2.0952136813007396
2025-03-22 17:02:16.174,-3.9729964813774297
2025-03-22 17:02:16.175,-2.4262977171906366
2025-03-22 17:02:16.175,2.5943856841441058
2025-03-22 17:02:16.182,7.087686775854193
2025-03-22 17:02:16.183,5.949319419995694
2025-03-22 17:02:16.183,-1.4487709293862348
2025-03-22 17:02:16.183,-9.162296095583706
2025-03-22 17:02:16.183,-9.558904764352183
2025-03-22 17:02:16.192,-1.158441771184511
2025-03-22 17:02:16.192,8.808029598654795
2025-03-22 17:02:16.193,10.835589426786958
2025-03-22 17:02:16.193,2.8409189383062703
2025-03-22 17:02:16.202,-7.137084766592427
2025-03-22 17:02:16.202,-9.066030794452697
2025-03-22 17:02:16.202,-1.7326458981703272
2025-03-22 17:02:16.202,6.073549534856683
2025-03-22 17:02:16.203,5.866476926348315
2025-03-22 17:02:16.212,-0.9093619534880681
2025-03-22 17:02:16.212,-5.568035251919845
2025-03-22 17:02:16.212,-3.2083289714570213
2025-03-22 17:02:16.213,2.163260064814812
2025-03-22 17:02:16.213,3.9609406597864365
2025-03-22 17:02:16.222,1.3339712380842066
2025-03-22 17:02:16.222,-1.1330654476338131
2025-03-22 17:02:16.222,-0.4867615248716113
2025-03-22 17:02:16.223,0.8898177789752234
2025-03-22 17:02:16.223,-0.5828870385487431
2025-03-22 17:02:16.232,-3.857444753272478
2025-03-22 17:02:16.232,-3.896961994660887
2025-03-22 17:02:16.232,1.5437366538264667
2025-03-22 17:02:16.233,7.581078063995413
2025-03-22 17:02:16.233,6.7651836719714415
2025-03-22 17:02:16.242,-1.7794131797674304
2025-03-22 17:02:16.242,-9.791763128185183
2025-03-22 17:02:16.242,-8.378102267532324
2025-03-22 17:02:16.243,1.5948654643962712
2025-03-22 17:02:16.243,9.89578487446429
2025-03-22 17:02:16.252,8.22553519774193
2025-03-22 17:02:16.252,-0.8535585473287393
2025-03-22 17:02:16.252,-7.589042929216223
2025-03-22 17:02:16.252,-6.160496129008198
2025-03-22 17:02:16.252,0.008799873180777129
2025-03-22 17:02:16.262,3.7488969853913394
2025-03-22 17:02:16.262,2.5058393661293206
2025-03-22 17:02:16.262,-0.21775971293787338
2025-03-22 17:02:16.262,-0.45941007417602714
2025-03-22 17:02:16.263,1.4256860750380722
2025-03-22 17:02:16.270,2.016277131938337
2025-03-22 17:02:16.270,-0.5586437657564258
2025-03-22 17:02:16.271,-4.228542362594105
2025-03-22 17:02:16.271,-4.884141989966411
2025-03-22 17:02:16.271,-0.5281016417549875
2025-03-22 17:02:16.280,5.883084909578607
2025-03-22 17:02:16.281,8.031233971368462
2025-03-22 17:02:16.281,2.299643449255021
2025-03-22 17:02:16.281,-7.119516212630656
2025-03-22 17:02:16.290,-10.911092948138906
2025-03-22 17:02:16.290,-4.1681776236620065
2025-03-22 17:02:16.290,7.466910528954817
2025-03-22 17:02:16.291,12.887500248203338
2025-03-22 17:02:16.291,6.760272549542563
2025-03-22 17:02:16.300,-5.368703002265916
2025-03-22 17:02:16.300,-12.935573847703193
2025-03-22 17:02:16.300,-10.060704828779716
2025-03-22 17:02:16.300,0.3845004765507165
2025-03-22 17:02:16.301,10.310027745878228
2025-03-22 17:02:16.308,12.678647335864074
2025-03-22 17:02:16.308,5.798051216906926
2025-03-22 17:02:16.309,-5.682679112359124
2025-03-22 17:02:16.309,-13.248301083713239
2025-03-22 17:02:16.309,-10.463351790353277
2025-03-22 17:02:16.318,0.9375366255167348
2025-03-22 17:02:16.318,11.315255935901195
2025-03-22 17:02:16.319,11.6226075080683
2025-03-22 17:02:16.319,2.255539951423626
2025-03-22 17:02:16.328,-7.524647350366821
2025-03-22 17:02:16.328,-9.184571937861072
2025-03-22 17:02:16.329,-3.006833530515886
2025-03-22 17:02:16.329,3.643315460244293
2025-03-22 17:02:16.329,4.880825013586768
2025-03-22 17:02:16.338,1.6658596758469462
2025-03-22 17:02:16.338,-1.1913571565925551
2025-03-22 17:02:16.338,-1.2705295219263473
2025-03-22 17:02:16.339,-0.13716648186133182
2025-03-22 17:02:16.339,0.1487975628259042
2025-03-22 17:02:16.348,-0.3094937126476454
2025-03-22 17:02:16.348,-0.31388895145833967
2025-03-22 17:02:16.348,0.4917474127756452
2025-03-22 17:02:16.348,1.3206545025630392
2025-03-22 17:02:16.349,0.8974428354165638
2025-03-22 17:02:16.358,-1.419545866495705
2025-03-22 17:02:16.358,-4.0034825267722844
2025-03-22 17:02:16.358,-3.2657932464939123
2025-03-22 17:02:16.359,2.1293230099267086
2025-03-22 17:02:16.359,7.686183955724069
2025-03-22 17:02:16.368,6.782327528909223
2025-03-22 17:02:16.368,-1.092272572119556
2025-03-22 17:02:16.368,-8.55883113233341
2025-03-22 17:02:16.368,-8.582064802344824
2025-03-22 17:02:16.368,-2.2799176620649892
2025-03-22 17:02:16.378,3.7128862081526015
2025-03-22 17:02:16.378,5.7440122036561485
2025-03-22 17:02:16.378,5.604371357960642
2025-03-22 17:02:16.378,5.016520850561233
2025-03-22 17:02:16.379,1.9100470739745927
2025-03-22 17:02:16.386,-5.282703195223541
2025-03-22 17:02:16.386,-12.000964522128973
2025-03-22 17:02:16.387,-10.47901324874432
2025-03-22 17:02:16.387,0.6603399545755824
2025-03-22 17:02:16.396,12.598444269645977
2025-03-22 17:02:16.396,14.644381047581698
2025-03-22 17:02:16.396,5.402934683968247
2025-03-22 17:02:16.396,-6.513087153710281
2025-03-22 17:02:16.396,-12.153038386554133
2025-03-22 17:02:16.406,-9.788774994494934
2025-03-22 17:02:16.406,-2.9183255959430925
2025-03-22 17:02:16.406,5.055924903536182
2025-03-22 17:02:16.406,11.214021985753684
2025-03-22 17:02:16.407,11.17188869504864
2025-03-22 17:02:16.414,2.3510572509113845
2025-03-22 17:02:16.414,-9.883251953150438
2025-03-22 17:02:16.415,-14.278298131226743
2025-03-22 17:02:16.415,-5.7616694063087905
2025-03-22 17:02:16.424,6.988488771549136
2025-03-22 17:02:16.424,10.627403699539087
2025-03-22 17:02:16.424,3.103780943520788
2025-03-22 17:02:16.424,-4.45130065517188
2025-03-22 17:02:16.425,-2.8406031851667373
2025-03-22 17:02:16.434,3.4880992369596706
2025-03-22 17:02:16.434,3.7468560779792055
2025-03-22 17:02:16.434,-3.6852780397587077
2025-03-22 17:02:16.435,-9.009655705651806
2025-03-22 17:02:16.435,-4.387034493198504
2025-03-22 17:02:16.444,5.63274191391802
2025-03-22 17:02:16.444,9.962748160988493
2025-03-22 17:02:16.444,4.47981187791903
2025-03-22 17:02:16.444,-4.043912035417089
2025-03-22 17:02:16.445,-6.963051147199781
2025-03-22 17:02:16.454,-3.2187314888059073
2025-03-22 17:02:16.454,1.5746964998778847
2025-03-22 17:02:16.454,2.98499594594251
2025-03-22 17:02:16.455,1.773172653247564
2025-03-22 17:02:16.455,0.5453652750108394
2025-03-22 17:02:16.464,-0.30909695343251253
2025-03-22 17:02:16.464,-1.5456159372722413
2025-03-22 17:02:16.464,-2.103738744556526
2025-03-22 17:02:16.464,-0.3338910980276227
2025-03-22 17:02:16.465,2.350468179278542
2025-03-22 17:02:16.474,2.4001626038144153
2025-03-22 17:02:16.474,-0.5712743265871608
2025-03-22 17:02:16.474,-2.579296967240176
2025-03-22 17:02:16.474,-0.9495352216328019
2025-03-22 17:02:16.474,1.6658896585594278
2025-03-22 17:02:16.484,1.3424216456969396
2025-03-22 17:02:16.484,-1.2780191499137488
2025-03-22 17:02:16.484,-2.164251757377991
2025-03-22 17:02:16.484,0.19277508153763198
2025-03-22 17:02:16.485,2.8856292255832305
2025-03-22 17:02:16.494,2.6096554961540024
2025-03-22 17:02:16.494,-0.4769999731531846
2025-03-22 17:02:16.494,-3.395943719228573
2025-03-22 17:02:16.494,-3.521379242713426
2025-03-22 17:02:16.495,-0.6033038330859427
2025-03-22 17:02:16.504,3.2285631309538037
2025-03-22 17:02:16.504,4.728424513118562
2025-03-22 17:02:16.504,1.9451323530089264
2025-03-22 17:02:16.504,-3.2413799996015675
2025-03-22 17:02:16.504,-5.732572310530622
2025-03-22 17:02:16.514,-2.296275253110632
2025-03-22 17:02:16.514,3.907226455461507
2025-03-22 17:02:16.514,5.9454991314611
2025-03-22 17:02:16.514,1.2037205052860838
2025-03-22 17:02:16.515,-4.935378728532672
2025-03-22 17:02:16.524,-5.28360308368522
2025-03-22 17:02:16.524,0.4545507634845216
2025-03-22 17:02:16.524,5.599121911737899
2025-03-22 17:02:16.524,4.777841779931034
2025-03-22 17:02:16.524,-0.4742835522767329
2025-03-22 17:02:16.532,-4.9609441996961685
2025-03-22 17:02:16.533,-5.730898334403058
2025-03-22 17:02:16.533,-3.0090700310719973
2025-03-22 17:02:16.533,2.1062760796359896
2025-03-22 17:02:16.533,7.568696229395802
2025-03-22 17:02:16.542,9.080501127729454
2025-03-22 17:02:16.542,2.9978896036856595
2025-03-22 17:02:16.542,-7.849670816957359
2025-03-22 17:02:16.543,-14.036673027551105
2025-03-22 17:02:16.552,-8.442880630168736
2025-03-22 17:02:16.552,5.032578368565786
2025-03-22 17:02:16.552,14.226429827095227
2025-03-22 17:02:16.552,11.089846956419148
2025-03-22 17:02:16.553,-0.24162464419413032
2025-03-22 17:02:16.560,-8.808301648457448
2025-03-22 17:02:16.560,-8.746597608470992
2025-03-22 17:02:16.561,-3.682795341864317
2025-03-22 17:02:16.561,0.19177724016767236
2025-03-22 17:02:16.561,1.9178779031392323
2025-03-22 17:02:16.570,4.344918659895755
2025-03-22 17:02:16.571,7.199879431345199
2025-03-22 17:02:16.571,5.937482318214981
2025-03-22 17:02:16.571,-1.467927529633847
2025-03-22 17:02:16.571,-9.664446608738189
2025-03-22 17:02:16.580,-10.576779160147133
2025-03-22 17:02:16.581,-2.5015300043854714
2025-03-22 17:02:16.581,7.245297769905137
2025-03-22 17:02:16.581,9.674175708299869
2025-03-22 17:02:16.581,3.7246720086780454
2025-03-22 17:02:16.590,-2.8564381444642146
2025-03-22 17:02:16.590,-3.205302325069561
2025-03-22 17:02:16.591,-0.0833396022539768
2025-03-22 17:02:16.591,-1.3836197492453175
2025-03-22 17:02:16.600,-7.178705989923278
2025-03-22 17:02:16.600,-7.152925562304713
2025-03-22 17:02:16.600,4.822610379316905
2025-03-22 17:02:16.600,18.00322343834342
2025-03-22 17:02:16.601,14.733247372314379
2025-03-22 17:02:16.608,-6.312740990371928
2025-03-22 17:02:16.608,-24.492121228164347
2025-03-22 17:02:16.609,-19.60705176268636
2025-03-22 17:02:16.609,4.290702946731772
2025-03-22 17:02:16.618,23.249987193048494
2025-03-22 17:02:16.618,19.995497529972827
2025-03-22 17:02:16.618,0.678398357240175
2025-03-22 17:02:16.618,-15.10726652111475
2025-03-22 17:02:16.619,-15.574889725809447
2025-03-22 17:02:16.628,-5.138378847409763
2025-03-22 17:02:16.628,4.712980869219551
2025-03-22 17:02:16.628,7.758038043355082
2025-03-22 17:02:16.629,5.7827046260519355
2025-03-22 17:02:16.629,2.848754802762444
2025-03-22 17:02:16.636,0.2958647840370492
2025-03-22 17:02:16.637,-2.550539107127207
2025-03-22 17:02:16.637,-5.172554479331041
2025-03-22 17:02:16.637,-5.352131047688694
2025-03-22 17:02:16.637,-1.8542008993244166
2025-03-22 17:02:16.646,3.401627719263957
2025-03-22 17:02:16.647,6.436286065603584
2025-03-22 17:02:16.647,4.620345285749182
2025-03-22 17:02:16.647,-0.7357994326356109
2025-03-22 17:02:16.647,-5.10295199620601
2025-03-22 17:02:16.656,-4.646980362009401
2025-03-22 17:02:16.657,-0.08337475087782481
2025-03-22 17:02:16.657,3.6770785329886784
2025-03-22 17:02:16.657,2.58682040222158
2025-03-22 17:02:16.657,-1.805263819475171
2025-03-22 17:02:16.666,-3.7107549827139135
2025-03-22 17:02:16.666,0.07512464999787527
2025-03-22 17:02:16.666,5.517322833976352
2025-03-22 17:02:16.667,5.28979357807391
2025-03-22 17:02:16.676,-2.083535674459516
2025-03-22 17:02:16.676,-8.986659622134267
2025-03-22 17:02:16.677,-6.870791571665201
2025-03-22 17:02:16.677,3.041429816335457
2025-03-22 17:02:16.677,10.156072406266166
2025-03-22 17:02:16.686,6.599653429728931
2025-03-22 17:02:16.686,-3.4660509581131445
2025-03-22 17:02:16.686,-8.803909606508379
2025-03-22 17:02:16.687,-4.224973328031742
2025-03-22 17:02:16.687,4.016939954048657
2025-03-22 17:02:16.696,6.41780207984178
2025-03-22 17:02:16.696,1.2831031708970075
2025-03-22 17:02:16.696,-4.456626152052156
2025-03-22 17:02:16.696,-4.26569850429098
2025-03-22 17:02:16.697,0.8052035693220443
2025-03-22 17:02:16.706,4.384539882483
2025-03-22 17:02:16.706,2.443680981697418
2025-03-22 17:02:16.706,-2.490551829677019
2025-03-22 17:02:16.706,-4.424301682822899
2025-03-22 17:02:16.707,-0.6266415672673823
2025-03-22 17:02:16.716,4.987291689657082
2025-03-22 17:02:16.716,5.648265709164572
2025-03-22 17:02:16.716,-0.7290476537649158
2025-03-22 17:02:16.716,-8.240754370470189
2025-03-22 17:02:16.717,-8.33311469247351
2025-03-22 17:02:16.724,0.8134622898264434
2025-03-22 17:02:16.725,10.888684735324095
2025-03-22 17:02:16.725,11.142483695574072
2025-03-22 17:02:16.725,0.19088917695922025
2025-03-22 17:02:16.725,-11.349282858367753
2025-03-22 17:02:16.734,-11.757796355787377
2025-03-22 17:02:16.734,-1.0784026933869058
2025-03-22 17:02:16.735,9.057970963731975
2025-03-22 17:02:16.735,8.736004014445438
2025-03-22 17:02:16.744,0.5029876346006786
2025-03-22 17:02:16.744,-4.991073588078213
2025-03-22 17:02:16.744,-2.499995036773932
2025-03-22 17:02:16.744,2.1428715527365476
2025-03-22 17:02:16.745,0.9100910794642734
2025-03-22 17:02:16.752,-4.944008597853581
2025-03-22 17:02:16.753,-6.166592540417097
2025-03-22 17:02:16.753,1.7283695961049772
2025-03-22 17:02:16.753,10.962757531132405
2025-03-22 17:02:16.753,9.904262303946334
2025-03-22 17:02:16.762,-2.405873804166514
2025-03-22 17:02:16.762,-13.779611281952405
2025-03-22 17:02:16.763,-12.02116345395011
2025-03-22 17:02:16.763,1.568115055923
2025-03-22 17:02:16.770,13.486252113679438
2025-03-22 17:02:16.770,12.167601672976822
2025-03-22 17:02:16.771,-0.3539499822137141
2025-03-22 17:02:16.771,-11.104022042727715
2025-03-22 17:02:16.780,-10.03573898536164
2025-03-22 17:02:16.780,-0.2146760746998313
2025-03-22 17:02:16.781,6.938653765799508
2025-03-22 17:02:16.781,5.4088887186188295
2025-03-22 17:02:16.781,0.2286928314241885
2025-03-22 17:02:16.790,-1.2867715461831049
2025-03-22 17:02:16.790,0.47469901310607676
2025-03-22 17:02:16.790,-0.07615000490172819
2025-03-22 17:02:16.791,-3.9353976808993347
2025-03-22 17:02:16.791,-5.521665948976686
2025-03-22 17:02:16.800,-0.9076796702866494
2025-03-22 17:02:16.800,6.1108275343373375
2025-03-22 17:02:16.800,8.314224979994233
2025-03-22 17:02:16.801,3.3636595453327014
2025-03-22 17:02:16.801,-4.193872423268843
2025-03-22 17:02:16.810,-8.198651182156699
2025-03-22 17:02:16.810,-6.312548642506875
2025-03-22 17:02:16.810,-0.5513800091307131
2025-03-22 17:02:16.811,5.39522105832008
2025-03-22 17:02:16.811,8.131274722528163
2025-03-22 17:02:16.820,5.460897074945043
2025-03-22 17:02:16.820,-1.7268084180323142
2025-03-22 17:02:16.820,-8.078244572671897
2025-03-22 17:02:16.820,-7.435961778160011
2025-03-22 17:02:16.821,-0.1115567870585567
2025-03-22 17:02:16.830,5.908388891674528
2025-03-22 17:02:16.830,4.237133532786963
2025-03-22 17:02:16.830,-1.3203002101853472
2025-03-22 17:02:16.830,-1.9171742322619827
2025-03-22 17:02:16.831,3.3183548312066398
2025-03-22 17:02:16.838,5.245939559978184
2025-03-22 17:02:16.838,-2.0799854812789125
2025-03-22 17:02:16.839,-11.206017516055713
2025-03-22 17:02:16.839,-9.491578112814445
2025-03-22 17:02:16.848,4.050524792344798
2025-03-22 17:02:16.848,15.579053917464648
2025-03-22 17:02:16.848,11.951182205412305
2025-03-22 17:02:16.848,-3.7992184760728005
2025-03-22 17:02:16.849,-15.598169281040107
2025-03-22 17:02:16.856,-11.982242588533087
2025-03-22 17:02:16.857,2.2746041138890183
2025-03-22 17:02:16.857,12.63877625700237
2025-03-22 17:02:16.857,10.399331785319793
2025-03-22 17:02:16.866,-0.0835683529795529
2025-03-22 17:02:16.866,-8.186985238587383
2025-03-22 17:02:16.866,-8.045583095086565
2025-03-22 17:02:16.867,-2.1642546674413636
2025-03-22 17:02:16.867,3.3983548984345937
2025-03-22 17:02:16.876,5.011824415527606
2025-03-22 17:02:16.876,3.158703965922895
2025-03-22 17:02:16.877,0.42049923116149646
2025-03-22 17:02:16.877,-1.1596116693099894
2025-03-22 17:02:16.877,-1.4772312329087178
2025-03-22 17:02:16.886,-1.8957602062264016
2025-03-22 17:02:16.886,-3.116167717014814
2025-03-22 17:02:16.887,-3.4057219142759045
2025-03-22 17:02:16.887,-0.01654802479042772
2025-03-22 17:02:16.887,6.548860918306016
2025-03-22 17:02:16.894,10.479750191680377
2025-03-22 17:02:16.895,5.34362904706499
2025-03-22 17:02:16.895,-7.5633531949624615
2025-03-22 17:02:16.895,-17.088788208551
2025-03-22 17:02:16.904,-11.999138365475723
2025-03-22 17:02:16.904,5.681642422328616
2025-03-22 17:02:16.904,19.847491791618655
2025-03-22 17:02:16.905,16.13929489329124
2025-03-22 17:02:16.905,-2.094384306971511
2025-03-22 17:02:16.912,-16.86934739473975
2025-03-22 17:02:16.913,-14.96129476689933
2025-03-22 17:02:16.913,-1.1298486124406821
2025-03-22 17:02:16.913,9.470626624557058
2025-03-22 17:02:16.922,8.925222951809175
2025-03-22 17:02:16.922,2.7078875423391393
2025-03-22 17:02:16.922,-0.7948215989613588
2025-03-22 17:02:16.923,-1.2663359224271995
2025-03-22 17:02:16.923,-3.443249599641238
2025-03-22 17:02:16.932,-6.7572780755166635
2025-03-22 17:02:16.932,-4.6793387757074765
2025-03-22 17:02:16.932,4.509646904195743
2025-03-22 17:02:16.932,12.019926499414908
2025-03-22 17:02:16.933,8.097493681081561
2025-03-22 17:02:16.940,-4.999099704011722
2025-03-22 17:02:16.941,-14.155947125713652
2025-03-22 17:02:16.941,-9.881091944895026
2025-03-22 17:02:16.941,3.419969504726334
2025-03-22 17:02:16.941,12.730465323645982
2025-03-22 17:02:16.950,10.042734103320921
2025-03-22 17:02:16.951,-0.623142944546374
2025-03-22 17:02:16.951,-8.678397722985217
2025-03-22 17:02:16.951,-7.805137580467735
2025-03-22 17:02:16.960,-1.0464968372507975
2025-03-22 17:02:16.960,4.014897367823391
2025-03-22 17:02:16.961,3.669404141859742
2025-03-22 17:02:16.961,0.6503299281143733
2025-03-22 17:02:16.961,-0.7513396448502734
2025-03-22 17:02:16.970,0.20670426277206289
2025-03-22 17:02:16.970,1.1688872701415924
2025-03-22 17:02:16.970,0.30286473121376145
2025-03-22 17:02:16.971,-1.9355155668837691
2025-03-22 17:02:16.971,-3.562981595023387
2025-03-22 17:02:16.980,-2.5323919762487304
2025-03-22 17:02:16.980,1.4440760909146215
2025-03-22 17:02:16.980,5.502174536111705
2025-03-22 17:02:16.981,5.373667162532245
2025-03-22 17:02:16.981,0.06808735217852194
2025-03-22 17:02:16.990,-5.979148813490825
2025-03-22 17:02:16.990,-6.952324692982663
2025-03-22 17:02:16.990,-1.672453350842213
2025-03-22 17:02:16.991,5.2091509725708525
2025-03-22 17:02:16.991,7.628718105010081
2025-03-22 17:02:17.000,3.331849424619535
2025-03-22 17:02:17.000,-4.258031482491947
2025-03-22 17:02:17.000,-8.516007364038861
2025-03-22 17:02:17.000,-5.117149007678008
2025-03-22 17:02:17.000,3.3665322292599638
2025-03-22 17:02:17.008,8.951722365224306
2025-03-22 17:02:17.009,6.109171745147355
2025-03-22 17:02:17.009,-1.9509066569366675
2025-03-22 17:02:17.009,-6.778199056306184
2025-03-22 17:02:17.009,-4.654296567934525
2025-03-22 17:02:17.020,-0.34068669216926306
2025-03-22 17:02:17.020,0.6341918138110415
2025-03-22 17:02:17.020,0.13466863882168623
2025-03-22 17:02:17.020,3.4568562677447017
2025-03-22 17:02:17.021,8.576339762246556
2025-03-22 17:02:17.028,6.059518698005549
2025-03-22 17:02:17.028,-6.961262895697617
2025-03-22 17:02:17.029,-17.94992403679574
2025-03-22 17:02:17.029,-11.457656270229606
2025-03-22 17:02:17.038,9.792629250068803
2025-03-22 17:02:17.038,23.784611248330695
2025-03-22 17:02:17.038,13.712338407161946
2025-03-22 17:02:17.038,-10.754672079651108
2025-03-22 17:02:17.039,-23.382188961715514
2025-03-22 17:02:17.046,-11.728501517870702
2025-03-22 17:02:17.047,9.399405683066723
2025-03-22 17:02:17.047,17.193166510169274
2025-03-22 17:02:17.047,7.096268172541198
2025-03-22 17:02:17.056,-6.015713372056159
2025-03-22 17:02:17.056,-8.86750926681076
2025-03-22 17:02:17.057,-3.414681983807958
2025-03-22 17:02:17.057,1.2077606271684667
2025-03-22 17:02:17.057,2.0991391960449146
2025-03-22 17:02:17.066,2.6517192896817594
2025-03-22 17:02:17.066,3.7860443911802264
2025-03-22 17:02:17.067,2.131102960750187
2025-03-22 17:02:17.067,-3.1823209506977372
2025-03-22 17:02:17.067,-7.229379240500047
2025-03-22 17:02:17.076,-4.947032185347065
2025-03-22 17:02:17.076,2.4289888182017303
2025-03-22 17:02:17.077,8.364958388845928
2025-03-22 17:02:17.077,7.4037114441761025
2025-03-22 17:02:17.077,-0.043347849883072664
2025-03-22 17:02:17.086,-7.959823690597024
2025-03-22 17:02:17.086,-9.37924234088606
2025-03-22 17:02:17.087,-2.4967403660315344
2025-03-22 17:02:17.087,6.820845009142191
2025-03-22 17:02:17.087,9.921290986397818
2025-03-22 17:02:17.096,4.028292621405029
2025-03-22 17:02:17.096,-4.775482567587794
2025-03-22 17:02:17.097,-8.211770170028231
2025-03-22 17:02:17.097,-4.417865816980044
2025-03-22 17:02:17.097,1.490496957709167
2025-03-22 17:02:17.106,4.363569365417849
2025-03-22 17:02:17.106,3.9620815442862574
2025-03-22 17:02:17.106,2.612351085456383
2025-03-22 17:02:17.107,0.6799202087303291
2025-03-22 17:02:17.107,-2.9640130893833856
2025-03-22 17:02:17.116,-6.656200122930861
2025-03-22 17:02:17.116,-5.593370019332418
2025-03-22 17:02:17.116,1.9152728067272216
2025-03-22 17:02:17.117,9.62394509406219
2025-03-22 17:02:17.117,8.651535520588213
2025-03-22 17:02:17.124,-1.4739087765531194
2025-03-22 17:02:17.125,-10.407019856946713
2025-03-22 17:02:17.125,-8.379656449092447
2025-03-22 17:02:17.125,1.9455877266235573
2025-03-22 17:02:17.134,8.640648784139245
2025-03-22 17:02:17.134,5.036694773836144
2025-03-22 17:02:17.135,-2.980414231683833
2025-03-22 17:02:17.135,-5.519993993274286
2025-03-22 17:02:17.135,-0.8734474272288799
2025-03-22 17:02:17.144,4.019109590955305
2025-03-22 17:02:17.144,3.3143637337959535
2025-03-22 17:02:17.144,-1.4144872996785427
2025-03-22 17:02:17.144,-4.686728778850182
2025-03-22 17:02:17.145,-3.6661222667202895
2025-03-22 17:02:17.154,0.26116777456411516
2025-03-22 17:02:17.154,4.260435048959958
2025-03-22 17:02:17.155,6.065764338719945
2025-03-22 17:02:17.155,4.06811581801049
2025-03-22 17:02:17.155,-1.818475627013796
2025-03-22 17:02:17.164,-8.27351568800536
2025-03-22 17:02:17.164,-9.454125362296217
2025-03-22 17:02:17.164,-2.339321215344252
2025-03-22 17:02:17.164,8.450399408698246
2025-03-22 17:02:17.165,13.189239204969592
2025-03-22 17:02:17.172,6.3848294907802945
2025-03-22 17:02:17.173,-6.53742499433784
2025-03-22 17:02:17.173,-13.610539853774682
2025-03-22 17:02:17.173,-8.347082442930331
2025-03-22 17:02:17.173,3.552237251699653
2025-03-22 17:02:17.182,10.552694336103865
2025-03-22 17:02:17.182,7.433328588007095
2025-03-22 17:02:17.183,-0.5834547662331152
2025-03-22 17:02:17.183,-5.281270826263239
2025-03-22 17:02:17.192,-4.311633593818733
2025-03-22 17:02:17.193,-1.3861244502210444
2025-03-22 17:02:17.193,0.09350988907458635
2025-03-22 17:02:17.193,0.5785255028813567
2025-03-22 17:02:17.193,1.6985575653741436
2025-03-22 17:02:17.202,2.920379382864907
2025-03-22 17:02:17.202,2.431555181486581
2025-03-22 17:02:17.203,-0.10063992598071772
2025-03-22 17:02:17.203,-3.1555202520698438
2025-03-22 17:02:17.203,-4.787010881872604
2025-03-22 17:02:17.212,-3.334091955276979
2025-03-22 17:02:17.212,1.6521020280748748
2025-03-22 17:02:17.213,7.219506007745191
2025-03-22 17:02:17.213,7.51283731893626
2025-03-22 17:02:17.213,0.011602984741515332
2025-03-22 17:02:17.222,-9.091007143921587
2025-03-22 17:02:17.222,-9.937575146259142
2025-03-22 17:02:17.223,-0.8971956223053875
2025-03-22 17:02:17.223,8.364858719876302
2025-03-22 17:02:17.223,8.425631925409565
2025-03-22 17:02:17.232,1.3328081380616856
2025-03-22 17:02:17.232,-3.8057393792985557
2025-03-22 17:02:17.232,-3.618902650856457
2025-03-22 17:02:17.233,-2.641847927376358
2025-03-22 17:02:17.233,-3.351603891813016
2025-03-22 17:02:17.240,-1.5697363047225454
2025-03-22 17:02:17.241,5.045191225242957
2025-03-22 17:02:17.241,9.957134440252945
2025-03-22 17:02:17.241,5.211686572200427
2025-03-22 17:02:17.241,-6.464593775293062
2025-03-22 17:02:17.250,-13.034412421805436
2025-03-22 17:02:17.250,-7.240785789667733
2025-03-22 17:02:17.251,4.909231507394478
2025-03-22 17:02:17.251,11.50395701447621
2025-03-22 17:02:17.260,7.71202158425123
2025-03-22 17:02:17.260,-0.9484979881869029
2025-03-22 17:02:17.261,-6.500921970798253
2025-03-22 17:02:17.261,-6.359737244844107
2025-03-22 17:02:17.261,-3.0651964523470636
2025-03-22 17:02:17.270,0.6267244497311655
2025-03-22 17:02:17.270,3.723991724764046
2025-03-22 17:02:17.270,5.154887351281999
2025-03-22 17:02:17.270,3.282893365329043
2025-03-22 17:02:17.271,-1.3714985341727153
2025-03-22 17:02:17.280,-4.913746722736834
2025-03-22 17:02:17.280,-3.81571609066351
2025-03-22 17:02:17.280,0.5999885170067973
2025-03-22 17:02:17.280,3.3512376988949053
2025-03-22 17:02:17.281,1.75912037319118
2025-03-22 17:02:17.290,-1.4055944294343334
2025-03-22 17:02:17.290,-1.6900871602803804
2025-03-22 17:02:17.290,1.2278777995413268
2025-03-22 17:02:17.290,3.084632945022053
2025-03-22 17:02:17.291,0.5282072239680795
2025-03-22 17:02:17.300,-4.161025225483447
2025-03-22 17:02:17.300,-5.131660174650231
2025-03-22 17:02:17.301,-0.005848558934405584
2025-03-22 17:02:17.301,6.328800526822871
2025-03-22 17:02:17.301,6.658904751614544
2025-03-22 17:02:17.310,0.09302071226481501
2025-03-22 17:02:17.310,-6.407946080284249
2025-03-22 17:02:17.310,-6.174956113439464
2025-03-22 17:02:17.310,-0.4592082326579168
2025-03-22 17:02:17.311,3.9566203168095355
2025-03-22 17:02:17.320,3.231903126703409
2025-03-22 17:02:17.320,0.013621364611464182
2025-03-22 17:02:17.320,-1.1025049758537453
2025-03-22 17:02:17.321,0.7133482240824004
2025-03-22 17:02:17.321,2.218573187464186
2025-03-22 17:02:17.328,0.4685585361208825
2025-03-22 17:02:17.329,-3.4515495429357257
2025-03-22 17:02:17.329,-5.261329038324973
2025-03-22 17:02:17.329,-2.120618498155403
2025-03-22 17:02:17.329,3.731039319524257
2025-03-22 17:02:17.338,6.718814632368747
2025-03-22 17:02:17.339,3.828344715259995
2025-03-22 17:02:17.339,-1.9405694898552532
2025-03-22 17:02:17.339,-5.0047970663837535
2025-03-22 17:02:17.348,-3.5297920216410628
2025-03-22 17:02:17.348,-0.6902636874003284
2025-03-22 17:02:17.349,0.4306255538816318
2025-03-22 17:02:17.349,0.8457701537164442
2025-03-22 17:02:17.349,2.8493708405266105
2025-03-22 17:02:17.358,4.92657831988866
2025-03-22 17:02:17.358,2.85862191410196
2025-03-22 17:02:17.359,-3.540519492616387
2025-03-22 17:02:17.359,-8.057165857370853
2025-03-22 17:02:17.359,-5.088809364292955
2025-03-22 17:02:17.368,2.687689721054475
2025-03-22 17:02:17.368,6.99105215190173
2025-03-22 17:02:17.369,4.028583532178338
2025-03-22 17:02:17.369,-1.391333742770203
2025-03-22 17:02:17.369,-2.8089136033312605
2025-03-22 17:02:17.378,-0.21803217843908423
2025-03-22 17:02:17.378,1.1957474230149179
2025-03-22 17:02:17.378,-1.1085612658182171
2025-03-22 17:02:17.379,-3.6717084898632617
2025-03-22 17:02:17.379,-2.256889280231416
2025-03-22 17:02:17.388,2.033642839885072
2025-03-22 17:02:17.388,4.29656463572339
2025-03-22 17:02:17.388,2.6164668559744237
2025-03-22 17:02:17.389,0.1793942351460047
2025-03-22 17:02:17.389,-0.21003479952229104
2025-03-22 17:02:17.398,-0.4689594046514056
2025-03-22 17:02:17.398,-3.3015500099327824
2025-03-22 17:02:17.398,-6.139753368659119
2025-03-22 17:02:17.399,-3.4642721401844963
2025-03-22 17:02:17.399,4.588702606888915
2025-03-22 17:02:17.406,10.19458688813274
2025-03-22 17:02:17.407,6.7458311070502255
2025-03-22 17:02:17.407,-2.81511563504851
2025-03-22 17:02:17.407,-9.326094364337614
2025-03-22 17:02:17.407,-7.638450005671514
2025-03-22 17:02:17.418,-0.8881642592387152
2025-03-22 17:02:17.418,4.613027367306727
2025-03-22 17:02:17.418,5.819665180708224
2025-03-22 17:02:17.418,3.8462679344472206
2025-03-22 17:02:17.419,0.8669924261483506
2025-03-22 17:02:17.426,-1.9993530538581676
2025-03-22 17:02:17.427,-4.155673270597218
2025-03-22 17:02:17.427,-4.465122178422903
2025-03-22 17:02:17.427,-1.9567015483286612
2025-03-22 17:02:17.427,2.2703148146556003
2025-03-22 17:02:17.436,4.9587156121876745
2025-03-22 17:02:17.437,3.736558208703016
2025-03-22 17:02:17.437,-0.022660830479915767
2025-03-22 17:02:17.437,-2.643629230509893
2025-03-22 17:02:17.437,-2.4580203699584375
2025-03-22 17:02:17.446,-1.2218232522558423
2025-03-22 17:02:17.447,-0.8671302852266305
2025-03-22 17:02:17.447,-0.6290140161896847
2025-03-22 17:02:17.447,1.1548784619733456
2025-03-22 17:02:17.456,3.540371054980282
2025-03-22 17:02:17.456,3.4386609448301106
2025-03-22 17:02:17.457,-0.1804958627258832
2025-03-22 17:02:17.457,-4.213219520939408
2025-03-22 17:02:17.457,-4.614716060840233
2025-03-22 17:02:17.466,-0.9749689926513117
2025-03-22 17:02:17.466,3.1098626620134446
2025-03-22 17:02:17.466,4.0362311890694915
2025-03-22 17:02:17.467,1.667133848054266
2025-03-22 17:02:17.467,-1.2735141996648474
2025-03-22 17:02:17.476,-2.3905382078312187
2025-03-22 17:02:17.476,-1.600654817429985
2025-03-22 17:02:17.476,-0.33054463881131324
2025-03-22 17:02:17.477,0.4431360359845617
2025-03-22 17:02:17.477,0.9000466750945956
2025-03-22 17:02:17.486,1.3388111172267847
2025-03-22 17:02:17.486,1.2175890084365217
2025-03-22 17:02:17.486,-0.08035329914749036
2025-03-22 17:02:17.487,-1.8024015215155353
2025-03-22 17:02:17.487,-2.1485225558357706
2025-03-22 17:02:17.496,-0.42227826682692743
2025-03-22 17:02:17.496,1.806092540948815
2025-03-22 17:02:17.497,2.289771713176335
2025-03-22 17:02:17.497,0.5972978259130238
2025-03-22 17:02:17.497,-1.4782923774538943
2025-03-22 17:02:17.504,-1.928742797464352
2025-03-22 17:02:17.505,-0.5468405801337577
2025-03-22 17:02:17.505,1.1150556896413335
2025-03-22 17:02:17.505,1.4506157267945032
2025-03-22 17:02:17.505,0.2824545192989099
2025-03-22 17:02:17.514,-1.112935088638022
2025-03-22 17:02:17.515,-1.2523730036397127
2025-03-22 17:02:17.515,0.09749008219786182
2025-03-22 17:02:17.515,1.5516217972056907
2025-03-22 17:02:17.515,1.4415797574477325
2025-03-22 17:02:17.524,-0.29850849322007345
2025-03-22 17:02:17.524,-1.900334289165642
2025-03-22 17:02:17.525,-1.7008270766709233
2025-03-22 17:02:17.525,0.011267602820292419
2025-03-22 17:02:17.534,1.5008438253372411
2025-03-22 17:02:17.534,1.6496358185348177
2025-03-22 17:02:17.535,0.8652934933372639
2025-03-22 17:02:17.535,-0.04111076973888941
2025-03-22 17:02:17.535,-1.020415093868196
2025-03-22 17:02:17.544,-2.1782909571584903
2025-03-22 17:02:17.544,-2.502461738572212
2025-03-22 17:02:17.545,-0.47384709978205214
2025-03-22 17:02:17.545,3.4011866564998114
2025-03-22 17:02:17.545,5.594299443994233
2025-03-22 17:02:17.554,2.74842112366025
2025-03-22 17:02:17.555,-3.733443769364633
2025-03-22 17:02:17.555,-7.775171124664487
2025-03-22 17:02:17.555,-4.767928530998767
2025-03-22 17:02:17.555,2.8504992482682057
2025-03-22 17:02:17.564,7.671905363201298
2025-03-22 17:02:17.564,5.207438883970739
2025-03-22 17:02:17.565,-1.480936395023299
2025-03-22 17:02:17.565,-5.55515965399739
2025-03-22 17:02:17.565,-3.7898034542503383
2025-03-22 17:02:17.574,0.7809116992210374
2025-03-22 17:02:17.575,3.0734009432769898
2025-03-22 17:02:17.575,1.5011835376922078
2025-03-22 17:02:17.575,-1.1510741565560858
2025-03-22 17:02:17.575,-1.5973105364733196
2025-03-22 17:02:17.584,0.2875623115405055
2025-03-22 17:02:17.584,1.92180320546337
2025-03-22 17:02:17.585,1.3580225580092375
2025-03-22 17:02:17.585,-0.7143822775769002
2025-03-22 17:02:17.585,-2.1863261040333986
2025-03-22 17:02:17.594,-1.8040354269811913
2025-03-22 17:02:17.595,0.0484269555910829
2025-03-22 17:02:17.595,1.937174520084463
2025-03-22 17:02:17.595,2.242561207390499
2025-03-22 17:02:17.595,0.37335452329843744
2025-03-22 17:02:17.604,-2.085700360539194
2025-03-22 17:02:17.604,-2.3391239596854128
2025-03-22 17:02:17.605,0.362862742315733
2025-03-22 17:02:17.605,3.101789994126377
2025-03-22 17:02:17.605,2.3589417012229377
2025-03-22 17:02:17.614,-1.4981985194547638
2025-03-22 17:02:17.614,-4.256470343114588
2025-03-22 17:02:17.615,-2.696275612694772
2025-03-22 17:02:17.615,1.7409405207976945
2025-03-22 17:02:17.615,4.649514635005371
2025-03-22 17:02:17.624,3.258626989281769
2025-03-22 17:02:17.624,-1.0844897145104653
2025-03-22 17:02:17.624,-4.365044877430021
2025-03-22 17:02:17.625,-3.5222417652643427
2025-03-22 17:02:17.625,0.6610270959184961
2025-03-22 17:02:17.634,3.992539408144858
2025-03-22 17:02:17.634,2.9834433677477543
2025-03-22 17:02:17.634,-1.1679888395300795
2025-03-22 17:02:17.635,-3.6600246627989965
2025-03-22 17:02:17.635,-1.6712803266271976
2025-03-22 17:02:17.643,2.2031300260064928
2025-03-22 17:02:17.643,3.1544110064243736
2025-03-22 17:02:17.643,0.11358826616623033
2025-03-22 17:02:17.643,-3.0194147659458794
2025-03-22 17:02:17.643,-2.3403945338126237
2025-03-22 17:02:17.652,1.221820850289737
2025-03-22 17:02:17.653,3.200943433114993
2025-03-22 17:02:17.653,1.2227934276268173
2025-03-22 17:02:17.653,-2.146053170052341
2025-03-22 17:02:17.653,-2.7328658673260944
2025-03-22 17:02:17.662,0.0725716467384317
2025-03-22 17:02:17.663,2.7088515294073394
2025-03-22 17:02:17.663,1.9457586724471856
2025-03-22 17:02:17.663,-1.2043753266932282
2025-03-22 17:02:17.663,-2.9421533967220777
2025-03-22 17:02:17.674,-1.430869519227702
2025-03-22 17:02:17.674,1.3186116304813147
2025-03-22 17:02:17.674,2.482257144935861
2025-03-22 17:02:17.675,1.7256050525306474
2025-03-22 17:02:17.675,0.42489043865973686
2025-03-22 17:02:17.682,-0.9314954268453675
2025-03-22 17:02:17.683,-2.550240178401509
2025-03-22 17:02:17.683,-3.275709904322346
2025-03-22 17:02:17.683,-1.3145207548516948
2025-03-22 17:02:17.683,2.5343402740183927
2025-03-22 17:02:17.692,4.676510199116792
2025-03-22 17:02:17.693,2.9533491521690935
2025-03-22 17:02:17.693,-0.6224160442205547
2025-03-22 17:02:17.693,-2.714169255051086
2025-03-22 17:02:17.693,-2.724104854400804
2025-03-22 17:02:17.702,-2.2433551282985227
2025-03-22 17:02:17.703,-1.6136786271233956
2025-03-22 17:02:17.703,0.4862933671699228
2025-03-22 17:02:17.703,3.8655056813152173
2025-03-22 17:02:17.712,5.435330073959981
2025-03-22 17:02:17.712,2.5228948048637263
2025-03-22 17:02:17.713,-3.177623609239943
2025-03-22 17:02:17.713,-6.568356788957683
2025-03-22 17:02:17.713,-4.469154786483499
2025-03-22 17:02:17.722,0.9492530439896347
2025-03-22 17:02:17.722,4.676705874858798
2025-03-22 17:02:17.723,4.15348729636311
2025-03-22 17:02:17.723,1.1970634262789273
2025-03-22 17:02:17.723,-0.9868723191513316
2025-03-22 17:02:17.732,-1.484922981613627
2025-03-22 17:02:17.732,-1.7528032336218524
2025-03-22 17:02:17.732,-2.6505019819867393
2025-03-22 17:02:17.733,-2.667317812531085
2025-03-22 17:02:17.733,0.08610005747298607
2025-03-22 17:02:17.742,4.5365557122340485
2025-03-22 17:02:17.742,6.601306462386604
2025-03-22 17:02:17.742,3.289552234575387
2025-03-22 17:02:17.743,-3.5617914699215407
2025-03-22 17:02:17.743,-8.39986379270276
2025-03-22 17:02:17.752,-6.940295210123275
2025-03-22 17:02:17.752,-0.02167402130188728
2025-03-22 17:02:17.752,7.074120039634268
2025-03-22 17:02:17.753,8.899414848508076
2025-03-22 17:02:17.753,4.149812168995022
2025-03-22 17:02:17.760,-3.330658682549407
2025-03-22 17:02:17.761,-7.767473784613971
2025-03-22 17:02:17.761,-6.2775233741066545
2025-03-22 17:02:17.761,-0.8715042439340906
2025-03-22 17:02:17.770,4.0626173031057995
2025-03-22 17:02:17.770,5.646601112495612
2025-03-22 17:02:17.771,3.785803388832983
2025-03-22 17:02:17.771,-0.053334454104976475
2025-03-22 17:02:17.771,-3.7767423633479775
2025-03-22 17:02:17.780,-4.89883526625558
2025-03-22 17:02:17.780,-2.0486648391618574
2025-03-22 17:02:17.781,2.7673134982797314
2025-03-22 17:02:17.781,4.87220710807029
2025-03-22 17:02:17.781,1.669696971749406
2025-03-22 17:02:17.790,-3.625323055058423
2025-03-22 17:02:17.791,-4.81238085487527
2025-03-22 17:02:17.791,0.06372086013995426
2025-03-22 17:02:17.791,5.705835957164034
2025-03-22 17:02:17.791,5.254977005722649
2025-03-22 17:02:17.800,-1.5144006236549126
2025-03-22 17:02:17.801,-7.392465991434415
2025-03-22 17:02:17.801,-5.7259518451776135
2025-03-22 17:02:17.801,1.9404132708666268
2025-03-22 17:02:17.801,7.497207477124617
2025-03-22 17:02:17.810,5.320414950298644
2025-03-22 17:02:17.810,-1.7059745173108007
2025-03-22 17:02:17.811,-5.919337900149008
2025-03-22 17:02:17.811,-3.607804011181713
2025-03-22 17:02:17.811,1.4891939206583504
2025-03-22 17:02:17.820,3.3917835700526817
2025-03-22 17:02:17.820,0.9417468027324674
2025-03-22 17:02:17.821,-1.6852771186536333
2025-03-22 17:02:17.821,-0.9302115955566976
2025-03-22 17:02:17.821,1.653728796728783
2025-03-22 17:02:17.830,1.974432612616739
2025-03-22 17:02:17.830,-0.7146442885728518
2025-03-22 17:02:17.830,-2.747311923533306
2025-03-22 17:02:17.831,-1.3059546338688839
2025-03-22 17:02:17.831,1.4357352776263184
2025-03-22 17:02:17.840,1.4326237461300544
2025-03-22 17:02:17.840,-1.1246373372305105
2025-03-22 17:02:17.841,-1.7997973808778873
2025-03-22 17:02:17.841,1.4631494782853254
2025-03-22 17:02:17.841,4.61565277835267
2025-03-22 17:02:17.850,2.597210242011213
2025-03-22 17:02:17.850,-3.5092285286046097
2025-03-22 17:02:17.850,-7.176943782083539
2025-03-22 17:02:17.851,-4.099401845150399
2025-03-22 17:02:17.851,2.9576428237426295
2025-03-22 17:02:17.860,7.365973504832178
2025-03-22 17:02:17.860,5.373928359683742
2025-03-22 17:02:17.860,-0.7324792948263371
2025-03-22 17:02:17.861,-5.314304367029906
2025-03-22 17:02:17.861,-4.82648465713851
2025-03-22 17:02:17.870,-0.8699873704067631
2025-03-22 17:02:17.870,2.1377724812624743
2025-03-22 17:02:17.871,2.068667887967404
2025-03-22 17:02:17.871,0.8450707989812123
2025-03-22 17:02:17.871,0.8499642657129973
2025-03-22 17:02:17.880,1.330942883045911
2025-03-22 17:02:17.880,0.06722775080886641
2025-03-22 17:02:17.881,-2.4824387217015476
2025-03-22 17:02:17.881,-3.226907316847943
2025-03-22 17:02:17.881,-0.8425919771938237
2025-03-22 17:02:17.890,2.1346161335090006
2025-03-22 17:02:17.890,2.6695247874510133
2025-03-22 17:02:17.891,1.0178503588982106
2025-03-22 17:02:17.891,-0.32951061275243065
2025-03-22 17:02:17.891,-0.39634585831691777
2025-03-22 17:02:17.900,-0.501137265472767
2025-03-22 17:02:17.900,-1.4585103480286166
2025-03-22 17:02:17.901,-1.9221810831433943
2025-03-22 17:02:17.901,-0.43443319776789846
2025-03-22 17:02:17.901,2.025629216657869
2025-03-22 17:02:17.910,2.8876441751392563
2025-03-22 17:02:17.910,1.1438203515435337
2025-03-22 17:02:17.911,-1.4066016681056457
2025-03-22 17:02:17.911,-2.2821974460659504
2025-03-22 17:02:17.911,-1.0301279069662135
2025-03-22 17:02:17.920,0.5845135168831997
2025-03-22 17:02:17.920,0.8391647690338799
2025-03-22 17:02:17.921,0.008463065717314602
2025-03-22 17:02:17.921,-0.2681880674485042
2025-03-22 17:02:17.921,0.6244752713953102
2025-03-22 17:02:17.929,1.3010158256400375
2025-03-22 17:02:17.929,0.3022473500812489
2025-03-22 17:02:17.929,-1.6008837956873254
2025-03-22 17:02:17.929,-2.0723524741378525
2025-03-22 17:02:17.929,-0.22820816883331252
2025-03-22 17:02:17.939,1.9857200218862046
2025-03-22 17:02:17.939,2.0191112756094345
2025-03-22 17:02:17.939,-0.1909813688327126
2025-03-22 17:02:17.939,-2.076831546546258
2025-03-22 17:02:17.939,-1.3833384752703384
2025-03-22 17:02:17.948,1.1902945377330711
2025-03-22 17:02:17.949,2.538350229846115
2025-03-22 17:02:17.949,0.49056656489596995
2025-03-22 17:02:17.949,-3.2634584369719404
2025-03-22 17:02:17.958,-4.141616309354645
2025-03-22 17:02:17.959,0.3149804649646814
2025-03-22 17:02:17.959,6.376228176042878
2025-03-22 17:02:17.959,6.865797381834144
2025-03-22 17:02:17.959,-0.6028567198776138
2025-03-22 17:02:17.968,-9.261121136877659
2025-03-22 17:02:17.968,-9.438423626002528
2025-03-22 17:02:17.968,0.32919015278265545
2025-03-22 17:02:17.968,10.433919744280148
2025-03-22 17:02:17.969,10.192900115023665
2025-03-22 17:02:17.978,-0.10336292787677848
2025-03-22 17:02:17.978,-9.358051224057807
2025-03-22 17:02:17.978,-8.28889729149296
2025-03-22 17:02:17.979,0.4116418409649082
2025-03-22 17:02:17.979,6.376279189800044
2025-03-22 17:02:17.987,4.300960198835177
2025-03-22 17:02:17.987,-1.0165452806895314
2025-03-22 17:02:17.987,-2.5264859589449014
2025-03-22 17:02:17.987,0.014801407648860176
2025-03-22 17:02:17.987,1.4565962588149182
2025-03-22 17:02:17.998,-0.5806484533839195
2025-03-22 17:02:17.998,-2.811496899424623
2025-03-22 17:02:17.998,-1.625792012743644
2025-03-22 17:02:17.999,1.8482752236469917
2025-03-22 17:02:17.999,3.5322347560409075
2025-03-22 17:02:18.006,1.5816395686246234
2025-03-22 17:02:18.007,-1.802465693336114
2025-03-22 17:02:18.007,-3.138189494239862
2025-03-22 17:02:18.007,-1.201717874419216
2025-03-22 17:02:18.007,1.9355980181196104
2025-03-22 17:02:18.017,2.8824128124020527
2025-03-22 17:02:18.017,0.3408978593604114
2025-03-22 17:02:18.017,-3.0934558725460612
2025-03-22 17:02:18.017,-3.261164951400779
2025-03-22 17:02:18.017,0.7465375335567889
2025-03-22 17:02:18.026,4.8349901195884915
2025-03-22 17:02:18.027,4.162998023430635
2025-03-22 17:02:18.027,-1.1165167732983838
2025-03-22 17:02:18.027,-5.747344468928877
2025-03-22 17:02:18.038,-5.236092717753051
2025-03-22 17:02:18.038,-0.4745454942990054
2025-03-22 17:02:18.038,4.127816433206585
2025-03-22 17:02:18.038,5.625125139926281
2025-03-22 17:02:18.039,4.131817965604077
2025-03-22 17:02:18.039,0.6079929749460348
2025-03-22 17:02:18.046,-4.178019609749779
2025-03-22 17:02:18.047,-7.893896493967663
2025-03-22 17:02:18.047,-6.603429257263037
2025-03-22 17:02:18.047,0.8521615960996873
2025-03-22 17:02:18.056,9.221763111477717
2025-03-22 17:02:18.056,10.544962643459948
2025-03-22 17:02:18.057,2.683359242699105
2025-03-22 17:02:18.057,-7.409402981679951
2025-03-22 17:02:18.057,-10.474275369412888
2025-03-22 17:02:18.066,-4.453780979625813
2025-03-22 17:02:18.067,3.969629873656471
2025-03-22 17:02:18.067,7.007402982353138
2025-03-22 17:02:18.067,3.5522282619357193
2025-03-22 17:02:18.067,-1.0783303229124162
2025-03-22 17:02:18.076,-2.0574767946976884
2025-03-22 17:02:18.076,-0.26358776380483123
2025-03-22 17:02:18.077,-0.044812978813709686
2025-03-22 17:02:18.077,-2.6647508929330064
2025-03-22 17:02:18.077,-4.010574189396979
2025-03-22 17:02:18.086,-0.19709702687899155
2025-03-22 17:02:18.086,5.955896346175888
2025-03-22 17:02:18.087,7.0849572771424345
2025-03-22 17:02:18.087,0.5870861059407773
2025-03-22 17:02:18.087,-7.036585335729249
2025-03-22 17:02:18.096,-7.404161787097618
2025-03-22 17:02:18.097,-0.3373954708561311
2025-03-22 17:02:18.097,6.04775799721212
2025-03-22 17:02:18.097,5.198785454865101
2025-03-22 17:02:18.097,-0.6202346167373866
2025-03-22 17:02:18.106,-4.148258738905401
2025-03-22 17:02:18.106,-2.1793572962015255
2025-03-22 17:02:18.106,1.6392544627636798
2025-03-22 17:02:18.107,2.548573360096809
2025-03-22 17:02:18.107,0.4277674484303122
2025-03-22 17:02:18.116,-1.47386005231325
2025-03-22 17:02:18.116,-1.5548443542003207
2025-03-22 17:02:18.116,-1.0719504386979528
2025-03-22 17:02:18.117,-0.8041617023108873
2025-03-22 17:02:18.117,0.5729336733264525
2025-03-22 17:02:18.125,3.4214553919235007
2025-03-22 17:02:18.125,4.622190704087726
2025-03-22 17:02:18.125,0.9271454398348491
2025-03-22 17:02:18.125,-5.521599366652653
2025-03-22 17:02:18.125,-7.941030510772852
2025-03-22 17:02:18.135,-2.622886339481081
2025-03-22 17:02:18.135,5.801286696270139
2025-03-22 17:02:18.135,8.879429154452426
2025-03-22 17:02:18.135,3.693883232361092
2025-03-22 17:02:18.144,-4.137514709556054
2025-03-22 17:02:18.145,-7.066177634917077
2025-03-22 17:02:18.145,-3.5543946008901006
2025-03-22 17:02:18.145,1.5785619765155936
2025-03-22 17:02:18.145,3.4945106238827877
2025-03-22 17:02:18.154,2.1244873046689055
2025-03-22 17:02:18.155,0.5272928183457775
2025-03-22 17:02:18.155,0.271952441089669
2025-03-22 17:02:18.155,0.05110138617714685
2025-03-22 17:02:18.155,-1.412717432095942
2025-03-22 17:02:18.164,-2.8221922000178714
2025-03-22 17:02:18.165,-1.884242513849694
2025-03-22 17:02:18.165,1.1787161472315433
2025-03-22 17:02:18.165,3.310718389817629
2025-03-22 17:02:18.165,2.3385806647614973
2025-03-22 17:02:18.174,-0.25585948357090305
2025-03-22 17:02:18.175,-1.4829756408695993
2025-03-22 17:02:18.175,-0.9540667713437224
2025-03-22 17:02:18.175,-0.9404498261501035
2025-03-22 17:02:18.175,-2.186179103592477
2025-03-22 17:02:18.184,-1.9761246336326572
2025-03-22 17:02:18.184,1.8088278809159495
2025-03-22 17:02:18.185,6.131320907540545
2025-03-22 17:02:18.185,5.263722452310877
2025-03-22 17:02:18.185,-1.6778749027250002
2025-03-22 17:02:18.194,-8.187450758166907
2025-03-22 17:02:18.195,-7.23188374856715
2025-03-22 17:02:18.195,0.5075665160682261
2025-03-22 17:02:18.195,7.267736585240238
2025-03-22 17:02:18.195,6.85570581705619
2025-03-22 17:02:18.204,0.8485006707272196
2025-03-22 17:02:18.205,-4.278486260981527
2025-03-22 17:02:18.205,-4.515981009559544
2025-03-22 17:02:18.205,-1.4470767536738207
2025-03-22 17:02:18.205,1.0809376313449244
2025-03-22 17:02:18.214,1.4665640657226264
2025-03-22 17:02:18.214,0.9776893261653565
2025-03-22 17:02:18.215,1.052354093720147
2025-03-22 17:02:18.215,1.2851615089534312
2025-03-22 17:02:18.215,0.33081937965107544
2025-03-22 17:02:18.224,-1.8370787975261984
2025-03-22 17:02:18.225,-3.2971916967736057
2025-03-22 17:02:18.225,-2.0882242491909966
2025-03-22 17:02:18.225,1.4114473928295581
2025-03-22 17:02:18.225,4.315091685849362
2025-03-22 17:02:18.234,3.7561573961790224
2025-03-22 17:02:18.234,-0.14942517336075645
2025-03-22 17:02:18.235,-3.9898081397460388
2025-03-22 17:02:18.235,-4.252666508577587
2025-03-22 17:02:18.235,-1.0176665693872096
2025-03-22 17:02:18.244,2.1618710521918816
2025-03-22 17:02:18.244,2.4325394783150354
2025-03-22 17:02:18.244,0.8299695020360974
2025-03-22 17:02:18.244,0.3162604051279817
2025-03-22 17:02:18.245,1.3413657721295928
2025-03-22 17:02:18.253,1.2088816341794673
2025-03-22 17:02:18.253,-1.6886512407557581
2025-03-22 17:02:18.253,-4.7695998679557565
2025-03-22 17:02:18.253,-4.0115761718385246
2025-03-22 17:02:18.253,0.8486941492643115
2025-03-22 17:02:18.263,5.521910156473885
2025-03-22 17:02:18.263,5.7420405290595795
2025-03-22 17:02:18.263,1.502157038056605
2025-03-22 17:02:18.263,-3.493096991511332
2025-03-22 17:02:18.263,-5.510477594074853
2025-03-22 17:02:18.274,-3.496449569808601
2025-03-22 17:02:18.274,0.7485288080885866
2025-03-22 17:02:18.274,4.026212907339626
2025-03-22 17:02:18.274,3.893350771470257
2025-03-22 17:02:18.275,0.6233209278584215
2025-03-22 17:02:18.283,-2.730637529409065
2025-03-22 17:02:18.283,-3.0392824553369158
2025-03-22 17:02:18.283,-0.2981612615435354
2025-03-22 17:02:18.283,2.3445384460365593
2025-03-22 17:02:18.283,2.0865733399909154
2025-03-22 17:02:18.293,-0.49824447801983307
2025-03-22 17:02:18.293,-2.3928956330909044
2025-03-22 17:02:18.293,-1.6790343371470429
2025-03-22 17:02:18.293,0.5656729939072446
2025-03-22 17:02:18.302,1.9014444071454968
2025-03-22 17:02:18.303,1.387401978815477
2025-03-22 17:02:18.303,0.2732736943252216
2025-03-22 17:02:18.303,-0.059588294244559914
2025-03-22 17:02:18.303,-0.08563668089160677
2025-03-22 17:02:18.312,-1.2193602682200664
2025-03-22 17:02:18.313,-3.046533022943231
2025-03-22 17:02:18.313,-2.855292884014439
2025-03-22 17:02:18.313,0.9372020861485667
2025-03-22 17:02:18.313,5.61570958579421
2025-03-22 17:02:18.322,6.2141785715002955
2025-03-22 17:02:18.322,1.2290299240185019
2025-03-22 17:02:18.323,-5.0689264435711525
2025-03-22 17:02:18.323,-7.112323240227829
2025-03-22 17:02:18.323,-3.9537004009381618
2025-03-22 17:02:18.332,0.6737474918344957
2025-03-22 17:02:18.333,3.526602906869014
2025-03-22 17:02:18.333,4.770483417666756
2025-03-22 17:02:18.333,5.2012456958846265
2025-03-22 17:02:18.333,3.2510203414887515
2025-03-22 17:02:18.342,-2.523667079218842
2025-03-22 17:02:18.342,-8.911017009145286
2025-03-22 17:02:18.343,-9.386516036316165
2025-03-22 17:02:18.343,-1.5062911036155855
2025-03-22 17:02:18.343,8.70431553436969
2025-03-22 17:02:18.350,11.833730067947583
2025-03-22 17:02:18.351,4.733624950154066
2025-03-22 17:02:18.351,-5.938931255839011
2025-03-22 17:02:18.351,-10.37202085884987
2025-03-22 17:02:18.351,-5.38122854314657
2025-03-22 17:02:18.361,3.0703009825764416
2025-03-22 17:02:18.361,6.856709894507556
2025-03-22 17:02:18.361,3.910797683154284
2025-03-22 17:02:18.361,-1.198836207938329
2025-03-22 17:02:18.361,-3.4935128124188766
2025-03-22 17:02:18.371,-2.3202058234678247
2025-03-22 17:02:18.371,-0.049154984065715474
2025-03-22 17:02:18.371,1.5078277591968279
2025-03-22 17:02:18.371,1.9632436089320244
2025-03-22 17:02:18.371,1.1579318759346335
2025-03-22 17:02:18.380,-0.7646644731792653
2025-03-22 17:02:18.381,-2.332710065317741
2025-03-22 17:02:18.381,-1.710335959094605
2025-03-22 17:02:18.381,0.7194112104541026
2025-03-22 17:02:18.390,2.1216218859068485
2025-03-22 17:02:18.390,0.6411525152194385
2025-03-22 17:02:18.391,-1.72854480002154
2025-03-22 17:02:18.391,-1.2453836783666148
2025-03-22 17:02:18.391,2.3982788903015435
2025-03-22 17:02:18.400,4.572256120715325
2025-03-22 17:02:18.401,1.0079643830904839
2025-03-22 17:02:18.401,-5.897855237047891
2025-03-22 17:02:18.401,-8.401775994183575
2025-03-22 17:02:18.401,-2.2662640245101877
2025-03-22 17:02:18.410,7.266762170953648
2025-03-22 17:02:18.410,10.514913488252999
2025-03-22 17:02:18.411,4.113473584456415
2025-03-22 17:02:18.411,-5.299863423936751
2025-03-22 17:02:18.411,-8.753028701416657
2025-03-22 17:02:18.420,-4.526808064097311
2025-03-22 17:02:18.421,1.413645156339389
2025-03-22 17:02:18.421,3.4601615364131564
2025-03-22 17:02:18.421,2.290017747522911
2025-03-22 17:02:18.421,1.9193011910642774
2025-03-22 17:02:18.430,2.973660095937211
2025-03-22 17:02:18.431,1.8164331867963148
2025-03-22 17:02:18.431,-3.279382415254964
2025-03-22 17:02:18.431,-7.871226302251251
2025-03-22 17:02:18.431,-5.821109712861936
2025-03-22 17:02:18.440,2.629415321210697
2025-03-22 17:02:18.440,9.754210480826996
2025-03-22 17:02:18.441,8.217300787344858
2025-03-22 17:02:18.441,-0.9746685816940672
2025-03-22 17:02:18.441,-9.140653710284601
2025-03-22 17:02:18.450,-8.467528296723314
2025-03-22 17:02:18.450,0.09309181209069539
2025-03-22 17:02:18.450,7.645471309073795
2025-03-22 17:02:18.451,6.6726785526324095
2025-03-22 17:02:18.451,-0.8350917291431311
2025-03-22 17:02:18.459,-5.986808527204114
2025-03-22 17:02:18.459,-3.596973559337543
2025-03-22 17:02:18.459,2.1307524798681245
2025-03-22 17:02:18.459,3.7058000733691037
2025-03-22 17:02:18.459,0.020142664123613374
2025-03-22 17:02:18.469,-2.8569295793643454
2025-03-22 17:02:18.469,-0.3598749851586258
2025-03-22 17:02:18.469,4.029362744572144
2025-03-22 17:02:18.469,3.182902443982105
2025-03-22 17:02:18.478,-3.6662897695164958
2025-03-22 17:02:18.479,-8.48138109407082
2025-03-22 17:02:18.479,-3.8127460237313326
2025-03-22 17:02:18.479,7.054714050513643
2025-03-22 17:02:18.479,12.424224878905141
2025-03-22 17:02:18.488,5.264463209047842
2025-03-22 17:02:18.488,-8.2213254823076
2025-03-22 17:02:18.489,-14.686015793426433
2025-03-22 17:02:18.489,-7.492487873454891
2025-03-22 17:02:18.489,6.653238818079634
2025-03-22 17:02:18.496,14.53970195727278
2025-03-22 17:02:18.497,9.240540398199226
2025-03-22 17:02:18.497,-3.5731208297793327
2025-03-22 17:02:18.497,-11.627749666738273
2025-03-22 17:02:18.506,-8.421073428565865
2025-03-22 17:02:18.507,0.7960383515055978
2025-03-22 17:02:18.507,6.000028520241914
2025-03-22 17:02:18.507,4.041262535157978
2025-03-22 17:02:18.507,0.6878775740037313
2025-03-22 17:02:18.516,1.1591308250732923
2025-03-22 17:02:18.517,2.646333440805939
2025-03-22 17:02:18.517,-0.6644076198095191
2025-03-22 17:02:18.517,-7.433263706452549
2025-03-22 17:02:18.517,-9.014600620070022
2025-03-22 17:02:18.526,-0.7388373383336551
2025-03-22 17:02:18.526,10.365696449118396
2025-03-22 17:02:18.527,12.536943739477316
2025-03-22 17:02:18.527,2.8754471523324385
2025-03-22 17:02:18.527,-9.095651601182066
2025-03-22 17:02:18.536,-11.885196392443774
2025-03-22 17:02:18.536,-4.0174382342552555
2025-03-22 17:02:18.536,5.420718508738353
2025-03-22 17:02:18.537,7.226432446826109
2025-03-22 17:02:18.537,1.7645595192853123
2025-03-22 17:02:18.545,-2.5660474920964838
2025-03-22 17:02:18.545,-0.24968784080075623
2025-03-22 17:02:18.545,4.192973312132218
2025-03-22 17:02:18.545,2.3842127702354152
2025-03-22 17:02:18.545,-5.768610360548761
2025-03-22 17:02:18.555,-10.445237066581964
2025-03-22 17:02:18.555,-4.1994287539685775
2025-03-22 17:02:18.555,7.625362043900911
2025-03-22 17:02:18.555,12.590575760756586
2025-03-22 17:02:18.564,5.938450985782281
2025-03-22 17:02:18.564,-4.557894277194352
2025-03-22 17:02:18.565,-8.957832849259587
2025-03-22 17:02:18.565,-6.061131798465462
2025-03-22 17:02:18.565,-1.4664165216192449
2025-03-22 17:02:18.574,1.609081633394532
2025-03-22 17:02:18.574,4.536634077858017
2025-03-22 17:02:18.574,7.165518397011441
2025-03-22 17:02:18.575,5.348829484518522
2025-03-22 17:02:18.575,-2.473260462101296
2025-03-22 17:02:18.584,-9.843597680262347
2025-03-22 17:02:18.585,-8.317035997371582
2025-03-22 17:02:18.585,1.4259459688299219
2025-03-22 17:02:18.585,8.902516962931033
2025-03-22 17:02:18.585,6.170906877160923
2025-03-22 17:02:18.594,-2.3405162645128352
2025-03-22 17:02:18.595,-5.765196834970103
2025-03-22 17:02:18.595,-0.8922473336478562
2025-03-22 17:02:18.595,4.345244318501809
2025-03-22 17:02:18.595,2.338306840324323
2025-03-22 17:02:18.604,-3.8316507143374294
2025-03-22 17:02:18.605,-5.206556680811162
2025-03-22 17:02:18.605,0.33972365822398926
2025-03-22 17:02:18.605,5.363281743976625
2025-03-22 17:02:18.605,3.410729634893098
2025-03-22 17:02:18.614,-2.269846865655881
2025-03-22 17:02:18.614,-3.732913201375298
2025-03-22 17:02:18.614,0.5011970539008439
2025-03-22 17:02:18.615,3.759019151719342
2025-03-22 17:02:18.615,0.9001957365348098
2025-03-22 17:02:18.624,-4.408845798532808
2025-03-22 17:02:18.624,-4.722802387125227
2025-03-22 17:02:18.625,1.1053047230751825
2025-03-22 17:02:18.625,6.372598999458555
2025-03-22 17:02:18.625,4.949241214247432
2025-03-22 17:02:18.634,-1.575004857829744
2025-03-22 17:02:18.634,-6.24994243096071
2025-03-22 17:02:18.635,-4.62704133671839
2025-03-22 17:02:18.635,1.0817803089291305
2025-03-22 17:02:18.635,5.083865740071623
2025-03-22 17:02:18.643,4.055084059971825
2025-03-22 17:02:18.643,-0.17856151163153333
2025-03-22 17:02:18.643,-3.3740868839899605
2025-03-22 17:02:18.643,-3.309985435285251
2025-03-22 17:02:18.652,-1.0846765241953924
2025-03-22 17:02:18.653,1.1160384044682128
2025-03-22 17:02:18.653,2.2033469597941786
2025-03-22 17:02:18.653,2.1803281444747795
2025-03-22 17:02:18.653,1.2988439712056874
2025-03-22 17:02:18.653,-0.14689991216438986
2025-03-22 17:02:18.662,-1.7866756446897736
2025-03-22 17:02:18.663,-3.1567986027020947
2025-03-22 17:02:18.663,-3.281415989194306
2025-03-22 17:02:18.663,-0.8628119114415164
2025-03-22 17:02:18.672,3.7077565126743623
2025-03-22 17:02:18.673,6.882752039689947
2025-03-22 17:02:18.673,4.710139715960628
2025-03-22 17:02:18.673,-2.1619446580659254
2025-03-22 17:02:18.673,-7.969538158966318
2025-03-22 17:02:18.682,-7.53943859011776
2025-03-22 17:02:18.683,-1.4835585193517904
2025-03-22 17:02:18.683,5.093402353769127
2025-03-22 17:02:18.683,7.755456367901109
2025-03-22 17:02:18.683,5.527910485101971
2025-03-22 17:02:18.692,0.10807457437904655
2025-03-22 17:02:18.692,-5.43573443064161
2025-03-22 17:02:18.693,-7.545575648719401
2025-03-22 17:02:18.693,-4.2897598563573
2025-03-22 17:02:18.693,2.149560314481251
2025-03-22 17:02:18.702,6.429740691641696
2025-03-22 17:02:18.702,5.064473242811787
2025-03-22 17:02:18.702,0.14651919279893627
2025-03-22 17:02:18.703,-3.1466640818186353
2025-03-22 17:02:18.703,-2.518215981085205
2025-03-22 17:02:18.712,-0.5197189793745947
2025-03-22 17:02:18.712,-0.29207220320879174
2025-03-22 17:02:18.712,-1.2038361439129244
2025-03-22 17:02:18.713,-0.38199464354120627
2025-03-22 17:02:18.713,2.3701361558509735
2025-03-22 17:02:18.721,3.6489835836682993
2025-03-22 17:02:18.721,1.131996099359644
2025-03-22 17:02:18.721,-2.764541539560446
2025-03-22 17:02:18.721,-3.66615211929059
2025-03-22 17:02:18.721,-0.8173556476444246
2025-03-22 17:02:18.731,2.119672277836512
2025-03-22 17:02:18.731,1.9318432303375188
2025-03-22 17:02:18.731,-0.3432230421983921
2025-03-22 17:02:18.731,-1.4292293918500012
2025-03-22 17:02:18.731,-0.24059192803610813
2025-03-22 17:02:18.741,1.3093958647191828
2025-03-22 17:02:18.741,1.3412031591327762
2025-03-22 17:02:18.741,0.06468277014884112
2025-03-22 17:02:18.741,-1.2860918585508716
2025-03-22 17:02:18.741,-1.907149935202734
2025-03-22 17:02:18.751,-1.3295053251115432
2025-03-22 17:02:18.751,0.5715175559533658
2025-03-22 17:02:18.751,2.620538229202964
2025-03-22 17:02:18.751,2.6956937633426143
2025-03-22 17:02:18.751,0.15874980889242168
2025-03-22 17:02:18.761,-2.8362131420009087
2025-03-22 17:02:18.761,-3.3805291951004137
2025-03-22 17:02:18.761,-0.7798736579166594
2025-03-22 17:02:18.761,2.7968992930295125
2025-03-22 17:02:18.770,4.060382798209897
2025-03-22 17:02:18.770,1.246760987574778
2025-03-22 17:02:18.771,-3.6626851666189584
2025-03-22 17:02:18.771,-5.576199386586794
2025-03-22 17:02:18.771,-1.2680743017826468
2025-03-22 17:02:18.780,5.7277640434417725
2025-03-22 17:02:18.781,7.567740242549613
2025-03-22 17:02:18.781,1.0579754320343588
2025-03-22 17:02:18.781,-7.55960326810666
2025-03-22 17:02:18.781,-8.9829968835393
2025-03-22 17:02:18.790,-1.3472612015110244
2025-03-22 17:02:18.791,7.674377247564264
2025-03-22 17:02:18.791,9.29687664620659
2025-03-22 17:02:18.791,2.493891042358731
2025-03-22 17:02:18.791,-5.936333962356508
2025-03-22 17:02:18.800,-8.64708060623206
2025-03-22 17:02:18.801,-4.137600276914518
2025-03-22 17:02:18.801,3.039161126119586
2025-03-22 17:02:18.801,6.98676225243563
2025-03-22 17:02:18.801,5.342578177104827
2025-03-22 17:02:18.810,0.3789733616971003
2025-03-22 17:02:18.810,-3.931202138251533
2025-03-22 17:02:18.811,-5.319554758827577
2025-03-22 17:02:18.811,-3.7437462089254696
2025-03-22 17:02:18.811,-0.03648470993694543
2025-03-22 17:02:18.820,4.2241517440497915
2025-03-22 17:02:18.820,6.101103408733952
2025-03-22 17:02:18.821,3.1642734937104713
2025-03-22 17:02:18.821,-2.907625543844311
2025-03-22 17:02:18.821,-6.48392534416212
2025-03-22 17:02:18.830,-3.8018258535036304
2025-03-22 17:02:18.830,2.1373955789914767
2025-03-22 17:02:18.831,4.7356945423447465
2025-03-22 17:02:18.831,1.857869032421258
2025-03-22 17:02:18.831,-1.8264572380107138
2025-03-22 17:02:18.840,-1.5848393566120007
2025-03-22 17:02:18.840,1.0099311697538238
2025-03-22 17:02:18.841,1.103862968538433
2025-03-22 17:02:18.841,-1.7857864531639485
2025-03-22 17:02:18.841,-2.9776607533261608
2025-03-22 17:02:18.849,0.23679909435258306
2025-03-22 17:02:18.849,4.191215953588036
2025-03-22 17:02:18.849,3.637370884356138
2025-03-22 17:02:18.849,-1.1095875521618714
2025-03-22 17:02:18.849,-4.589380853613479
2025-03-22 17:02:18.860,-3.2980710531023996
2025-03-22 17:02:18.861,0.38103524414992473
2025-03-22 17:02:18.861,2.246805893917308
2025-03-22 17:02:18.861,1.8732450092399326
2025-03-22 17:02:18.861,1.7881582923902042
2025-03-22 17:02:18.869,2.314326742155525
2025-03-22 17:02:18.869,0.6406208441186142
2025-03-22 17:02:18.869,-3.9905632319442508
2025-03-22 17:02:18.869,-7.02235184600534
2025-03-22 17:02:18.878,-3.434772834620436
2025-03-22 17:02:18.879,4.8476630339738
2025-03-22 17:02:18.879,9.526355999350214
2025-03-22 17:02:18.879,5.213451432535355
2025-03-22 17:02:18.879,-3.847711269834866
2025-03-22 17:02:18.888,-8.48926663247675
2025-03-22 17:02:18.889,-5.095128927997161
2025-03-22 17:02:18.889,1.2469466463833039
2025-03-22 17:02:18.889,4.1289373374333875
2025-03-22 17:02:18.889,3.1676147165993545
2025-03-22 17:02:18.898,2.0175447935238453
2025-03-22 17:02:18.899,1.6667657748258673
2025-03-22 17:02:18.899,-0.3572922554106387
2025-03-22 17:02:18.899,-4.381641670792792
2025-03-22 17:02:18.899,-6.209834306091719
2025-03-22 17:02:18.908,-2.3707657977541983
2025-03-22 17:02:18.908,4.455915673542125
2025-03-22 17:02:18.909,7.7579282462777055
2025-03-22 17:02:18.909,4.412166398028242
2025-03-22 17:02:18.909,-2.1823695003376145
2025-03-22 17:02:18.918,-6.2076579429865895
2025-03-22 17:02:18.919,-5.190077422321607
2025-03-22 17:02:18.919,-1.1369801847030747
2025-03-22 17:02:18.919,2.682745977186263
2025-03-22 17:02:18.919,4.463570598952991
2025-03-22 17:02:18.928,3.7752796690528694
2025-03-22 17:02:18.928,0.8953134231449691
2025-03-22 17:02:18.929,-2.688778422689229
2025-03-22 17:02:18.929,-4.432226720433552
2025-03-22 17:02:18.929,-2.9295837757127456
2025-03-22 17:02:18.938,0.41565070822061934
2025-03-22 17:02:18.939,2.9016834916858243
2025-03-22 17:02:18.939,3.2532134322251665
2025-03-22 17:02:18.939,1.9787017676769032
2025-03-22 17:02:18.939,-0.17059878126734526
2025-03-22 17:02:18.948,-2.5591592334130544
2025-03-22 17:02:18.949,-3.7992146549632544
2025-03-22 17:02:18.949,-2.3692571092989247
2025-03-22 17:02:18.949,1.2472583216021638
2025-03-22 17:02:18.949,4.195330449350441
2025-03-22 17:02:18.958,3.8739194860128467
2025-03-22 17:02:18.959,0.5241398107008778
2025-03-22 17:02:18.959,-3.1110170736855
2025-03-22 17:02:18.959,-4.267441781218716
2025-03-22 17:02:18.959,-2.2315427801291516
2025-03-22 17:02:18.968,1.338403376328359
2025-03-22 17:02:18.968,3.744561986843806
2025-03-22 17:02:18.969,3.3054208195453363
2025-03-22 17:02:18.969,0.5489730757308107
2025-03-22 17:02:18.969,-2.4655039057337844
2025-03-22 17:02:18.978,-3.7879526936243755
2025-03-22 17:02:18.979,-2.567007455294862
2025-03-22 17:02:18.979,0.7243444547313604
2025-03-22 17:02:18.979,4.108026839758611
2025-03-22 17:02:18.979,4.6675759612751655
2025-03-22 17:02:18.988,0.9794157709021687
2025-03-22 17:02:18.988,-4.411572965754509
2025-03-22 17:02:18.989,-6.331790391808658
2025-03-22 17:02:18.989,-2.235475437129464
2025-03-22 17:02:18.989,4.3114161171416185
2025-03-22 17:02:18.997,6.827684262115101
2025-03-22 17:02:18.997,2.870585046957871
2025-03-22 17:02:18.997,-3.2877494932832985
2025-03-22 17:02:18.997,-5.560421804435469
2025-03-22 17:02:18.997,-2.685087776963152
2025-03-22 17:02:19.007,1.2623125368801573
2025-03-22 17:02:19.007,2.4744020542999747
2025-03-22 17:02:19.007,1.5297189052121065
2025-03-22 17:02:19.007,1.1200954979216518
2025-03-22 17:02:19.007,1.4937543486715523
2025-03-22 17:02:19.017,0.37833877878488736
2025-03-22 17:02:19.017,-2.792954397426395
2025-03-22 17:02:19.017,-4.8227537129195905
2025-03-22 17:02:19.017,-2.3544034716490874
2025-03-22 17:02:19.026,3.242028337735908
2025-03-22 17:02:19.027,6.378164974062019
2025-03-22 17:02:19.027,3.3814074158125296
2025-03-22 17:02:19.027,-2.9053542932349767
2025-03-22 17:02:19.027,-6.002506414118124
2025-03-22 17:02:19.037,-3.027177940598062
2025-03-22 17:02:19.037,2.380205561505781
2025-03-22 17:02:19.037,4.626096119247662
2025-03-22 17:02:19.037,2.1924057080306936
2025-03-22 17:02:19.037,-1.7529683055199046
2025-03-22 17:02:19.046,-3.512032824885938
2025-03-22 17:02:19.047,-2.1583319068890523
2025-03-22 17:02:19.047,0.7343948369777195
2025-03-22 17:02:19.047,2.9887838820689856
2025-03-22 17:02:19.047,3.1239698315859505
2025-03-22 17:02:19.056,0.9558956016089594
2025-03-22 17:02:19.057,-2.204281062144335
2025-03-22 17:02:19.057,-4.15421695172142
2025-03-22 17:02:19.057,-3.217143085234729
2025-03-22 17:02:19.057,0.3910094972085987
2025-03-22 17:02:19.066,4.256936228435798
2025-03-22 17:02:19.067,5.1908108889074445
2025-03-22 17:02:19.067,1.9421213738863503
2025-03-22 17:02:19.067,-3.1029285739013117
2025-03-22 17:02:19.067,-5.63284653805792
2025-03-22 17:02:19.076,-3.4724887262513513
2025-03-22 17:02:19.077,1.2413493461270693
2025-03-22 17:02:19.077,4.232595490534854
2025-03-22 17:02:19.077,3.2554678377057282
2025-03-22 17:02:19.077,-0.03735860892793921
2025-03-22 17:02:19.086,-2.1380904147172837
2025-03-22 17:02:19.086,-1.359012122622098
2025-03-22 17:02:19.087,0.5957189139714276
2025-03-22 17:02:19.087,0.8326311234197115
2025-03-22 17:02:19.087,-1.0990622820033626
2025-03-22 17:02:19.096,-2.4833554150597292
2025-03-22 17:02:19.096,-0.8375402157486475
2025-03-22 17:02:19.097,2.643089562168435
2025-03-22 17:02:19.097,4.143965570198989
2025-03-22 17:02:19.097,1.6698716228715842
2025-03-22 17:02:19.105,-2.5864109263644797
2025-03-22 17:02:19.105,-4.587796589339073
2025-03-22 17:02:19.105,-2.520604349737448
2025-03-22 17:02:19.105,1.626337591270363
2025-03-22 17:02:19.105,4.030712187512502
2025-03-22 17:02:19.116,2.598882727667961
2025-03-22 17:02:19.116,-0.9840386337007624
2025-03-22 17:02:19.117,-2.958250122909491
2025-03-22 17:02:19.117,-1.6008489474511507
2025-03-22 17:02:19.117,0.9647685552573261
2025-03-22 17:02:19.125,1.6497736931184919
2025-03-22 17:02:19.125,0.1877591418495889
2025-03-22 17:02:19.125,-1.096784954069905
2025-03-22 17:02:19.125,-0.6505282198885551
2025-03-22 17:02:19.136,0.6641621790865327
2025-03-22 17:02:19.136,1.2112592805921103
2025-03-22 17:02:19.136,0.5298648052018655
2025-03-22 17:02:19.137,-0.6804605045618296
2025-03-22 17:02:19.137,-1.4945809513717139
2025-03-22 17:02:19.137,-1.1943721124712792
2025-03-22 17:02:19.146,0.38365790168455305
2025-03-22 17:02:19.147,2.187420296048603
2025-03-22 17:02:19.147,2.2251194238619134
2025-03-22 17:02:19.147,-0.38103082762208756
2025-03-22 17:02:19.147,-3.546048825617409
2025-03-22 17:02:19.156,-3.585408662315535
2025-03-22 17:02:19.156,0.6172092737760568
2025-03-22 17:02:19.157,5.320818916014817
2025-03-22 17:02:19.157,5.222077412060612
2025-03-22 17:02:19.157,-0.47744486340073367
2025-03-22 17:02:19.166,-6.3840234994500396
2025-03-22 17:02:19.166,-6.375327725959538
2025-03-22 17:02:19.167,-0.3277474200910837
2025-03-22 17:02:19.167,5.720654563046343
2025-03-22 17:02:19.167,6.112223216352156
2025-03-22 17:02:19.176,1.2257724152418734
2025-03-22 17:02:19.176,-3.7063554611594323
2025-03-22 17:02:19.177,-4.402407931381845
2025-03-22 17:02:19.177,-1.3146141644219886
2025-03-22 17:02:19.177,1.826713859573358
2025-03-22 17:02:19.185,2.1805395541299153
2025-03-22 17:02:19.185,0.2954814027750752
2025-03-22 17:02:19.185,-1.0789664171353242
2025-03-22 17:02:19.185,-0.3237753218777731
2025-03-22 17:02:19.185,1.2088086200171504
2025-03-22 17:02:19.195,1.0418063567404525
2025-03-22 17:02:19.195,-1.0174940021467624
2025-03-22 17:02:19.195,-2.322754622855396
2025-03-22 17:02:19.195,-0.7400226612821358
2025-03-22 17:02:19.195,2.23226714187581
2025-03-22 17:02:19.205,2.8369834581364364
2025-03-22 17:02:19.205,-0.28827283042609964
2025-03-22 17:02:19.205,-3.812899585719467
2025-03-22 17:02:19.205,-3.1320733995208303
2025-03-22 17:02:19.214,1.9355774238429535
2025-03-22 17:02:19.215,6.005013507899271
2025-03-22 17:02:19.215,3.717571519334599
2025-03-22 17:02:19.215,-3.696873074124794
2025-03-22 17:02:19.215,-8.654674343651967
2025-03-22 17:02:19.224,-5.020149665798043
2025-03-22 17:02:19.225,4.619158782473877
2025-03-22 17:02:19.225,10.792288795905899
2025-03-22 17:02:19.225,6.9349904566803025
2025-03-22 17:02:19.225,-3.5185832522289973
2025-03-22 17:02:19.234,-10.740012847700354
2025-03-22 17:02:19.235,-8.542976919624364
2025-03-22 17:02:19.235,0.22993116736446745
2025-03-22 17:02:19.235,7.670820419607857
2025-03-22 17:02:19.235,8.463044482578693
2025-03-22 17:02:19.244,3.444306947627253
2025-03-22 17:02:19.244,-2.708819344480828
2025-03-22 17:02:19.245,-5.90941974125893
2025-03-22 17:02:19.245,-5.132864674517632
2025-03-22 17:02:19.245,-1.881192155811302
2025-03-22 17:02:19.254,1.7131452219180072
2025-03-22 17:02:19.255,4.0734220740286275
2025-03-22 17:02:19.255,4.2495092428188395
2025-03-22 17:02:19.255,2.0297397626614626
2025-03-22 17:02:19.255,-1.4382323982952505
2025-03-22 17:02:19.264,-3.827363856822437
2025-03-22 17:02:19.264,-3.453431456396907
2025-03-22 17:02:19.265,-0.961293961195486
2025-03-22 17:02:19.265,1.411293577938967
2025-03-22 17:02:19.265,2.216624542520933
2025-03-22 17:02:19.274,1.8436821779057586
2025-03-22 17:02:19.275,1.2405499296975455
2025-03-22 17:02:19.275,0.4585363834123118
2025-03-22 17:02:19.275,-0.9691538889598407
2025-03-22 17:02:19.275,-2.589863704037727
2025-03-22 17:02:19.284,-2.838939378202387
2025-03-22 17:02:19.284,-0.7754159777783194
2025-03-22 17:02:19.285,2.3130273245639494
2025-03-22 17:02:19.285,3.7619756427161715
2025-03-22 17:02:19.285,2.200670967016839
2025-03-22 17:02:19.294,-1.0294183250901865
2025-03-22 17:02:19.295,-3.2546346680995875
2025-03-22 17:02:19.295,-2.868839189463101
2025-03-22 17:02:19.295,-0.3553865208776728
2025-03-22 17:02:19.295,2.34101117900258
2025-03-22 17:02:19.303,3.1021596905124635
2025-03-22 17:02:19.303,1.1049726722019475
2025-03-22 17:02:19.303,-2.098302229246673
2025-03-22 17:02:19.303,-3.374796434404668
2025-03-22 17:02:19.303,-1.0414356201141521
2025-03-22 17:02:19.313,2.7586570854389394
2025-03-22 17:02:19.313,3.805222055093102
2025-03-22 17:02:19.313,0.5599811675657208
2025-03-22 17:02:19.313,-3.6143387579536115
2025-03-22 17:02:19.313,-4.002057325355707
2025-03-22 17:02:19.323,-0.051233652766365295
2025-03-22 17:02:19.323,3.811387314195741
2025-03-22 17:02:19.323,3.344395673921017
2025-03-22 17:02:19.323,-0.5015188517621627
2025-03-22 17:02:19.323,-2.9790166407315595
2025-03-22 17:02:19.334,-1.6004818856851308
2025-03-22 17:02:19.334,1.0373549230499617
2025-03-22 17:02:19.334,1.270227311681072
2025-03-22 17:02:19.335,-0.5638141870057991
2025-03-22 17:02:19.335,-1.1069899690795697
2025-03-22 17:02:19.343,0.7160972618888972
2025-03-22 17:02:19.343,2.0056220709985007
2025-03-22 17:02:19.343,0.3079700225619602
2025-03-22 17:02:19.343,-2.3693843595049873
2025-03-22 17:02:19.343,-2.0446627533091855
2025-03-22 17:02:19.353,1.4316340829426755
2025-03-22 17:02:19.353,3.507677346423074
2025-03-22 17:02:19.353,0.8299297469139486
2025-03-22 17:02:19.353,-3.731853317178509
2025-03-22 17:02:19.353,-4.127634024098381
2025-03-22 17:02:19.363,0.9959171477106467
2025-03-22 17:02:19.363,5.773601759054786
2025-03-22 17:02:19.363,3.9765942057645303
2025-03-22 17:02:19.363,-2.8803005325001845
2025-03-22 17:02:19.363,-6.749101100413338
2025-03-22 17:02:19.373,-2.766318725848853
2025-03-22 17:02:19.373,4.5134823986964685
2025-03-22 17:02:19.373,6.462473128302225
2025-03-22 17:02:19.373,0.8302145231675331
2025-03-22 17:02:19.374,-5.645390024874145
2025-03-22 17:02:19.383,-5.470329143072506
2025-03-22 17:02:19.383,0.870571974360417
2025-03-22 17:02:19.383,6.000016047405377
2025-03-22 17:02:19.383,4.465866129607182
2025-03-22 17:02:19.383,-1.5302919553822532
2025-03-22 17:02:19.393,-5.426250333227978
2025-03-22 17:02:19.393,-3.6644758874287473
2025-03-22 17:02:19.393,1.2532347929056318
2025-03-22 17:02:19.393,4.2116083746268
2025-03-22 17:02:19.394,2.7796542087479916
2025-03-22 17:02:19.403,-0.9165233056941166
2025-03-22 17:02:19.403,-2.895348497590496
2025-03-22 17:02:19.403,-1.513014097696212
2025-03-22 17:02:19.403,1.1128669687960089
2025-03-22 17:02:19.412,1.8276112428167188
2025-03-22 17:02:19.413,0.11894958750682505
2025-03-22 17:02:19.413,-1.5830640879881785
2025-03-22 17:02:19.413,-1.1489907663824759
2025-03-22 17:02:19.413,0.7157482368991236
2025-03-22 17:02:19.422,1.6978907951803877
2025-03-22 17:02:19.422,0.8472604892390949
2025-03-22 17:02:19.423,-0.6176393409571667
2025-03-22 17:02:19.423,-1.1581220849634901
2025-03-22 17:02:19.423,-0.5972764433923599
2025-03-22 17:02:19.432,0.1373205035121294
2025-03-22 17:02:19.433,0.24425900474499668
2025-03-22 17:02:19.433,-0.2041797953557978
2025-03-22 17:02:19.433,-0.3839279588875896
2025-03-22 17:02:19.433,0.4089219172058514
2025-03-22 17:02:19.442,1.68252052449411
2025-03-22 17:02:19.442,1.7963920971661604
2025-03-22 17:02:19.443,-0.22856549343953994
2025-03-22 17:02:19.443,-2.949331235399367
2025-03-22 17:02:19.443,-3.44238429641225
2025-03-22 17:02:19.452,-0.604585340001063
2025-03-22 17:02:19.452,3.035183554906894
2025-03-22 17:02:19.453,3.746229695136298
2025-03-22 17:02:19.453,0.860292782571461
2025-03-22 17:02:19.453,-2.2839937247566082
2025-03-22 17:02:19.461,-2.17879664583528
2025-03-22 17:02:19.461,0.647480089788327
2025-03-22 17:02:19.461,2.2075631502508246
2025-03-22 17:02:19.461,-1.651436092886538e-05
2025-03-22 17:02:19.461,-3.532984600339646
2025-03-22 17:02:19.471,-3.5704234697590413
2025-03-22 17:02:19.471,1.1004081127091805
2025-03-22 17:02:19.471,5.921658163705762
2025-03-22 17:02:19.471,5.356144805731432
2025-03-22 17:02:19.471,-0.691872548739491
2025-03-22 17:02:19.481,-6.409210425727154
2025-03-22 17:02:19.481,-6.190928826073649
2025-03-22 17:02:19.481,-0.4162271290923484
2025-03-22 17:02:19.481,5.262168431574285
2025-03-22 17:02:19.490,5.795071223774876
2025-03-22 17:02:19.491,1.3458016134142867
2025-03-22 17:02:19.491,-3.5538228152857387
2025-03-22 17:02:19.491,-4.632738743265833
2025-03-22 17:02:19.491,-1.6023143721702076
2025-03-22 17:02:19.500,2.1150173729940014
2025-03-22 17:02:19.501,3.02666528409801
2025-03-22 17:02:19.501,0.9941211676310134
2025-03-22 17:02:19.501,-1.1076622570443662
2025-03-22 17:02:19.501,-1.1014591277353096
2025-03-22 17:02:19.510,0.013698391291513401
2025-03-22 17:02:19.511,0.026907076874894922
2025-03-22 17:02:19.511,-0.9593768985832245
2025-03-22 17:02:19.511,-0.6635676422126247
2025-03-22 17:02:19.511,1.6128188154838115
2025-03-22 17:02:19.519,3.127815154986825
2025-03-22 17:02:19.519,0.9623129346976128
2025-03-22 17:02:19.519,-3.5522410134350424
2025-03-22 17:02:19.519,-5.40052351045911
2025-03-22 17:02:19.520,-1.5633817608030054
2025-03-22 17:02:19.529,4.809835660452713
2025-03-22 17:02:19.529,7.162012939844809
2025-03-22 17:02:19.529,2.616880312360845
2025-03-22 17:02:19.529,-4.5716967868794
2025-03-22 17:02:19.529,-7.350087197338743
2025-03-22 17:02:19.539,-3.299003635896935
2025-03-22 17:02:19.539,3.093509785075151
2025-03-22 17:02:19.539,5.618484143773168
2025-03-22 17:02:19.539,2.801388954048158
2025-03-22 17:02:19.539,-1.4739881721172632
2025-03-22 17:02:19.549,-2.9765117809560437
2025-03-22 17:02:19.549,-1.3916960808626815
2025-03-22 17:02:19.549,0.5505816939037483
2025-03-22 17:02:19.549,0.8632162662014147
2025-03-22 17:02:19.559,0.06676084992051728
2025-03-22 17:02:19.559,-0.37494069666979474
2025-03-22 17:02:19.559,-0.0283403932484093
2025-03-22 17:02:19.559,0.5032661805896993
2025-03-22 17:02:19.559,0.6533141372509002
2025-03-22 17:02:19.559,0.3247077945995009
2025-03-22 17:02:19.569,-0.30011576858566635
2025-03-22 17:02:19.569,-0.8576609271052905
2025-03-22 17:02:19.569,-0.9454216437119407
2025-03-22 17:02:19.569,-0.48173841123923156
2025-03-22 17:02:19.579,0.24899832462862512
2025-03-22 17:02:19.579,0.9808555148615495
2025-03-22 17:02:19.579,1.519121085684913
2025-03-22 17:02:19.579,1.3507907924025773
2025-03-22 17:02:19.579,-0.09083463543881655
2025-03-22 17:02:19.589,-2.2433634163977407
2025-03-22 17:02:19.589,-3.114240404379199
2025-03-22 17:02:19.589,-1.2216054126972697
2025-03-22 17:02:19.589,2.173847559616769
2025-03-22 17:02:19.589,3.8359854750467166
2025-03-22 17:02:19.599,2.0543761744347875
2025-03-22 17:02:19.599,-1.3245681050511438
2025-03-22 17:02:19.599,-2.991148706566069
2025-03-22 17:02:19.599,-1.8233158157114058
2025-03-22 17:02:19.599,0.2934153862699127
2025-03-22 17:02:19.609,1.1023123894469298
2025-03-22 17:02:19.609,0.5383834507390391
2025-03-22 17:02:19.609,0.2049199581192218
2025-03-22 17:02:19.609,0.8224676805418293
2025-03-22 17:02:19.609,1.1696241736744397
2025-03-22 17:02:19.619,-0.05197360865275515
2025-03-22 17:02:19.619,-1.98046002119151
2025-03-22 17:02:19.619,-2.259326776747978
2025-03-22 17:02:19.619,-0.10475094402424574
2025-03-22 17:02:19.619,2.2476795885241185
2025-03-22 17:02:19.629,2.028911525717503
2025-03-22 17:02:19.629,-0.5265778378170296
2025-03-22 17:02:19.629,-2.239983913385203
2025-03-22 17:02:19.629,-0.8456053378534436
2025-03-22 17:02:19.629,2.092292817920315
2025-03-22 17:02:19.638,2.8510512636603873
2025-03-22 17:02:19.638,-0.09252968150678717
2025-03-22 17:02:19.639,-3.9925126544874505
2025-03-22 17:02:19.639,-4.4606433229027695
2025-03-22 17:02:19.639,-0.19396905665597783
2025-03-22 17:02:19.648,5.167275000319271
2025-03-22 17:02:19.649,6.340858553367076
2025-03-22 17:02:19.649,1.7473792879453254
2025-03-22 17:02:19.649,-4.667107820438083
2025-03-22 17:02:19.649,-7.136668920927881
2025-03-22 17:02:19.658,-3.549481879662215
2025-03-22 17:02:19.658,2.7107466183020135
2025-03-22 17:02:19.659,6.1110116664889
2025-03-22 17:02:19.659,4.087934597175001
2025-03-22 17:02:19.659,-0.8680825052153722
2025-03-22 17:02:19.667,-3.9267132729603356
2025-03-22 17:02:19.667,-2.6738206403224103
2025-03-22 17:02:19.667,0.7505068252046077
2025-03-22 17:02:19.667,2.2213978436755446
2025-03-22 17:02:19.667,0.20378941951977578
2025-03-22 17:02:19.677,-2.578183622614492
2025-03-22 17:02:19.677,-2.2671970128863355
2025-03-22 17:02:19.677,1.578311095647894
2025-03-22 17:02:19.677,5.066969355874192
2025-03-22 17:02:19.677,3.9198081738392707
2025-03-22 17:02:19.687,-1.6993069745103786
2025-03-22 17:02:19.687,-6.66217535026897
2025-03-22 17:02:19.687,-5.742050487948608
2025-03-22 17:02:19.687,0.7631364725100798
2025-03-22 17:02:19.696,6.7403613492933205
2025-03-22 17:02:19.697,6.2595710486348555
2025-03-22 17:02:19.697,-0.13248721941556219
2025-03-22 17:02:19.697,-5.783323711459137
2025-03-22 17:02:19.697,-5.013699743469758
2025-03-22 17:02:19.706,0.7215061376896099
2025-03-22 17:02:19.707,4.666642544674303
2025-03-22 17:02:19.707,2.625226253782645
2025-03-22 17:02:19.707,-2.38332075179244
2025-03-22 17:02:19.707,-4.105241397153609
2025-03-22 17:02:19.716,-0.554276481038263
2025-03-22 17:02:19.717,4.0324574181912745
2025-03-22 17:02:19.717,4.486078933528719
2025-03-22 17:02:19.717,0.34422663363323597
2025-03-22 17:02:19.717,-4.315365415490531
2025-03-22 17:02:19.727,-5.423913998686957
2025-03-22 17:02:19.727,-2.3222314150671726
2025-03-22 17:02:19.727,2.5159254011036127
2025-03-22 17:02:19.727,5.708830045501973
2025-03-22 17:02:19.727,5.033630395770914
2025-03-22 17:02:19.736,0.7618099260460112
2025-03-22 17:02:19.737,-4.237373237187298
2025-03-22 17:02:19.737,-6.323686898083518
2025-03-22 17:02:19.737,-3.9185452656559545
2025-03-22 17:02:19.737,1.1597727571796976
2025-03-22 17:02:19.746,5.192424178458379
2025-03-22 17:02:19.747,5.4681988303657745
2025-03-22 17:02:19.747,2.0825611507638144
2025-03-22 17:02:19.747,-2.4739218517284165
2025-03-22 17:02:19.747,-5.118249136929548
2025-03-22 17:02:19.756,-4.063695903709539
2025-03-22 17:02:19.757,-0.028339549337204756
2025-03-22 17:02:19.757,3.9149710852746598
2025-03-22 17:02:19.757,4.448757343365018
2025-03-22 17:02:19.757,1.0331143945502963
2025-03-22 17:02:19.766,-3.1405258045267583
2025-03-22 17:02:19.767,-3.9819894168183905
2025-03-22 17:02:19.767,-0.6665152811857393
2025-03-22 17:02:19.767,3.3468431638077405
2025-03-22 17:02:19.767,3.7852017585071844
2025-03-22 17:02:19.776,-0.004670827638336483
2025-03-22 17:02:19.777,-4.266771318425027
2025-03-22 17:02:19.777,-4.52262098654984
2025-03-22 17:02:19.777,-0.06559024860828128
2025-03-22 17:02:19.777,5.1198813627120625
2025-03-22 17:02:19.786,5.9512298330850495
2025-03-22 17:02:19.787,1.136558572647258
2025-03-22 17:02:19.787,-5.186147989162464
2025-03-22 17:02:19.787,-7.015811055985779
2025-03-22 17:02:19.787,-2.374013156327057
2025-03-22 17:02:19.796,4.3531294257687625
2025-03-22 17:02:19.797,6.642923504573054
2025-03-22 17:02:19.797,2.6127052608231893
2025-03-22 17:02:19.797,-3.126326200541949
2025-03-22 17:02:19.797,-4.750257210700172
2025-03-22 17:02:19.805,-1.5116419447936142
2025-03-22 17:02:19.805,2.14817391156945
2025-03-22 17:02:19.805,2.2467504223303885
2025-03-22 17:02:19.805,-0.3683766024559232
2025-03-22 17:02:19.806,-1.760477844750836
2025-03-22 17:02:19.815,-0.06518838707865302
2025-03-22 17:02:19.815,2.2897554566575513
2025-03-22 17:02:19.815,1.8096313134389432
2025-03-22 17:02:19.815,-1.4352806873231931
2025-03-22 17:02:19.816,-3.5846231029376137
2025-03-22 17:02:19.825,-1.7264488099049593
2025-03-22 17:02:19.825,2.228805319334159
2025-03-22 17:02:19.825,3.7023232646301447
2025-03-22 17:02:19.825,1.1300426017103085
2025-03-22 17:02:19.835,-2.192836567698193
2025-03-22 17:02:19.835,-2.5289402393022717
2025-03-22 17:02:19.835,-0.3476644800298683
2025-03-22 17:02:19.835,1.0183054323507807
2025-03-22 17:02:19.835,0.3838563428808815
2025-03-22 17:02:19.835,-0.045702394028168516
2025-03-22 17:02:19.845,1.214343390102444
2025-03-22 17:02:19.845,2.075713904081037
2025-03-22 17:02:19.845,0.007393154986839408
2025-03-22 17:02:19.845,-3.442282074001665
2025-03-22 17:02:19.855,-3.8791430525399426
2025-03-22 17:02:19.855,0.09566426975930653
2025-03-22 17:02:19.855,4.4651523337690255
2025-03-22 17:02:19.855,4.33834169392937
2025-03-22 17:02:19.855,-0.23168636930107
2025-03-22 17:02:19.865,-4.288863990757637
2025-03-22 17:02:19.865,-3.6027549741431675
2025-03-22 17:02:19.865,0.755887648876443
2025-03-22 17:02:19.865,3.828804835512571
2025-03-22 17:02:19.865,2.327868296819181
2025-03-22 17:02:19.875,-1.786820884600908
2025-03-22 17:02:19.875,-3.606806163054815
2025-03-22 17:02:19.875,-0.9855099642311281
2025-03-22 17:02:19.875,2.869300865443178
2025-03-22 17:02:19.875,3.2375792977308473
2025-03-22 17:02:19.884,-0.2712429749796272
2025-03-22 17:02:19.885,-3.2342665113925544
2025-03-22 17:02:19.885,-2.092365392448376
2025-03-22 17:02:19.885,1.3352581724023194
2025-03-22 17:02:19.885,2.4724472848993404
2025-03-22 17:02:19.895,0.18989000674493267
2025-03-22 17:02:19.895,-1.8976334921983369
2025-03-22 17:02:19.895,-0.8080073665933478
2025-03-22 17:02:19.895,1.4867373720986257
2025-03-22 17:02:19.895,1.2278440497772904
2025-03-22 17:02:19.904,-1.119094878299226
2025-03-22 17:02:19.905,-1.4394399109430618
2025-03-22 17:02:19.905,1.249141393744328
2025-03-22 17:02:19.905,2.475695170742942
2025-03-22 17:02:19.905,-0.9442909198640246
2025-03-22 17:02:19.914,-4.943413503762006
2025-03-22 17:02:19.915,-2.9852558536855067
2025-03-22 17:02:19.915,4.25641653378661
2025-03-22 17:02:19.915,8.358630832681353
2025-03-22 17:02:19.915,3.457850400549079
2025-03-22 17:02:19.923,-6.012845462383531
2025-03-22 17:02:19.923,-10.137443372070784
2025-03-22 17:02:19.923,-4.620510674699023
2025-03-22 17:02:19.923,4.97154347841131
2025-03-22 17:02:19.924,9.597130631293076
2025-03-22 17:02:19.933,5.738596351220978
2025-03-22 17:02:19.933,-2.1242026615254024
2025-03-22 17:02:19.933,-6.816380810606252
2025-03-22 17:02:19.933,-5.352193991533772
2025-03-22 17:02:19.943,-0.649286312460863
2025-03-22 17:02:19.943,2.683833566476053
2025-03-22 17:02:19.943,3.048677780678397
2025-03-22 17:02:19.943,2.035688896318657
2025-03-22 17:02:19.943,1.1969558697899387
2025-03-22 17:02:19.953,0.23606005780423303
2025-03-22 17:02:19.953,-1.5450831092311497
2025-03-22 17:02:19.953,-3.3276438122248506
2025-03-22 17:02:19.953,-3.217927997792475
2025-03-22 17:02:19.953,-0.4094501729550827
2025-03-22 17:02:19.963,3.4651508844387755
2025-03-22 17:02:19.963,5.187190157485059
2025-03-22 17:02:19.963,2.5947529011940302
2025-03-22 17:02:19.963,-2.7962906065791437
2025-03-22 17:02:19.963,-6.074095526265647
2025-03-22 17:02:19.973,-3.4688210419410406
2025-03-22 17:02:19.973,2.752219658261127
2025-03-22 17:02:19.973,5.71552902191251
2025-03-22 17:02:19.973,1.8925248091720288
2025-03-22 17:02:19.973,-3.8472165395741267
2025-03-22 17:02:19.982,-3.829773754252745
2025-03-22 17:02:19.983,2.169055022750736
2025-03-22 17:02:19.983,5.763560240980946
2025-03-22 17:02:19.983,0.8035640061962583
2025-03-22 17:02:19.983,-7.454795220486448
2025-03-22 17:02:19.992,-7.892975933216645
2025-03-22 17:02:19.993,2.0988937247659596
2025-03-22 17:02:19.993,11.908319531747654
2025-03-22 17:02:19.993,9.66126942643719
2025-03-22 17:02:19.993,-3.4066687232695863
2025-03-22 17:02:20.001,-13.775778540430156
2025-03-22 17:02:20.001,-10.631817740711268
2025-03-22 17:02:20.001,2.588842126217127
2025-03-22 17:02:20.001,12.581560309980329
2025-03-22 17:02:20.010,10.359473141338633
2025-03-22 17:02:20.011,-0.517680949665038
2025-03-22 17:02:20.011,-9.117521321287683
2025-03-22 17:02:20.011,-8.537687521183363
2025-03-22 17:02:20.011,-1.4087363636097048
2025-03-22 17:02:20.020,4.681639450433404
2025-03-22 17:02:20.021,5.342829576814235
2025-03-22 17:02:20.021,2.333104636563992
2025-03-22 17:02:20.021,-0.37669002852167816
2025-03-22 17:02:20.021,-1.4485229358498517
2025-03-22 17:02:20.030,-2.193105504226633
2025-03-22 17:02:20.031,-3.017696536218801
2025-03-22 17:02:20.031,-2.130497247347652
2025-03-22 17:02:20.031,1.4002242161898815
2025-03-22 17:02:20.031,4.889405760123396
2025-03-22 17:02:20.039,4.358605259732717
2025-03-22 17:02:20.039,-0.41540926629788744
2025-03-22 17:02:20.039,-4.907363020390433
2025-03-22 17:02:20.039,-4.728443387075727
2025-03-22 17:02:20.040,-0.4572221637781495
2025-03-22 17:02:20.049,3.3877531714136673
2025-03-22 17:02:20.049,3.5149243593967867
2025-03-22 17:02:20.049,0.8506758087196598
2025-03-22 17:02:20.049,-1.4192489930411167
2025-03-22 17:02:20.059,-1.5561302659534906
2025-03-22 17:02:20.059,-0.417688651950911
2025-03-22 17:02:20.059,0.37015712762733566
2025-03-22 17:02:20.059,0.23517987959470768
2025-03-22 17:02:20.059,-0.46780082101360626
2025-03-22 17:02:20.069,-1.2025588655017512
2025-03-22 17:02:20.069,-1.093080950977082
2025-03-22 17:02:20.069,0.8263812926371742
2025-03-22 17:02:20.069,3.7318724421810034
2025-03-22 17:02:20.069,4.255809719741226
2025-03-22 17:02:20.079,-0.07044232825118894
2025-03-22 17:02:20.079,-6.3743874116217665
2025-03-22 17:02:20.079,-7.856600197933128
2025-03-22 17:02:20.079,-1.3905689657121363
2025-03-22 17:02:20.079,7.5080482029829865
2025-03-22 17:02:20.088,9.657765120847166
2025-03-22 17:02:20.088,2.46339405240629
2025-03-22 17:02:20.089,-6.73616046719884
2025-03-22 17:02:20.089,-8.750383126609199
2025-03-22 17:02:20.089,-2.5394384693139105
2025-03-22 17:02:20.098,4.617428149065757
2025-03-22 17:02:20.099,5.976758444685624
2025-03-22 17:02:20.099,1.9330305393006193
2025-03-22 17:02:20.099,-2.277258966909335
2025-03-22 17:02:20.099,-3.0070298233242765
2025-03-22 17:02:20.107,-1.0269074822041613
2025-03-22 17:02:20.107,0.7332779588275447
2025-03-22 17:02:20.107,0.6928857977249866
2025-03-22 17:02:20.107,-0.1412004451053635
2025-03-22 17:02:20.117,0.10251914643539763
2025-03-22 17:02:20.117,1.4323457490744864
2025-03-22 17:02:20.117,1.5950335040598753
2025-03-22 17:02:20.117,-0.8341304386934587
2025-03-22 17:02:20.117,-3.637822160642587
2025-03-22 17:02:20.127,-3.024828853045378
2025-03-22 17:02:20.127,1.2512130134495512
2025-03-22 17:02:20.127,4.773489178791875
2025-03-22 17:02:20.127,3.606770682132229
2025-03-22 17:02:20.127,-0.8497233892974885
2025-03-22 17:02:20.137,-3.7364071979315683
2025-03-22 17:02:20.137,-2.6662017216983247
2025-03-22 17:02:20.137,0.06829918914369223
2025-03-22 17:02:20.137,1.2368422504662846
2025-03-22 17:02:20.137,0.6988965995768914
2025-03-22 17:02:20.138,0.47582896366222793
2025-03-22 17:02:20.147,1.0135869869624743
2025-03-22 17:02:20.147,0.5858396473219776
2025-03-22 17:02:20.147,-1.2512007579245596
2025-03-22 17:02:20.147,-1.9028669235600117
2025-03-22 17:02:20.157,0.5229363227642274
2025-03-22 17:02:20.157,3.096465945808084
2025-03-22 17:02:20.157,1.1208207272041453
2025-03-22 17:02:20.157,-4.289240585340385
2025-03-22 17:02:20.158,-5.671518283178621
2025-03-22 17:02:20.167,0.9746877290937899
2025-03-22 17:02:20.167,8.863157432125654
2025-03-22 17:02:20.167,7.548936626122198
2025-03-22 17:02:20.167,-3.2230410873841753
2025-03-22 17:02:20.167,-11.606191001615816
2025-03-22 17:02:20.176,-7.5377868548469324
2025-03-22 17:02:20.177,4.7120278635801744
2025-03-22 17:02:20.177,11.310980627717166
2025-03-22 17:02:20.177,5.257528996542969
2025-03-22 17:02:20.177,-5.6429053596536285
2025-03-22 17:02:20.186,-8.651209467005252
2025-03-22 17:02:20.187,-1.328464830579089
2025-03-22 17:02:20.187,6.436944905110029
2025-03-22 17:02:20.187,5.268400174121882
2025-03-22 17:02:20.187,-2.5538611408293104
2025-03-22 17:02:20.196,-6.948737121660244
2025-03-22 17:02:20.197,-2.8051221516705227
2025-03-22 17:02:20.197,4.554761752096876
2025-03-22 17:02:20.197,6.72510196535049
2025-03-22 17:02:20.197,1.9765796133616984
2025-03-22 17:02:20.206,-4.04312241890801
2025-03-22 17:02:20.207,-5.582601873571745
2025-03-22 17:02:20.207,-2.3213223652735513
2025-03-22 17:02:20.207,2.0054285927073865
2025-03-22 17:02:20.207,4.069595784767022
2025-03-22 17:02:20.216,3.0271905420297176
2025-03-22 17:02:20.217,-0.12757379499126886
2025-03-22 17:02:20.217,-3.2787452855023225
2025-03-22 17:02:20.217,-3.751099847746709
2025-03-22 17:02:20.217,-0.4294663957299871
2025-03-22 17:02:20.225,3.905281093943596
2025-03-22 17:02:20.225,4.294331982837267
2025-03-22 17:02:20.225,-0.5614663280179518
2025-03-22 17:02:20.225,-5.4331348366827115
2025-03-22 17:02:20.226,-4.092222982037808
2025-03-22 17:02:20.235,2.486572472975415
2025-03-22 17:02:20.235,6.43185632593566
2025-03-22 17:02:20.235,2.7307524269053194
2025-03-22 17:02:20.235,-4.054585241251081
2025-03-22 17:02:20.236,-5.590467856557423
2025-03-22 17:02:20.245,-0.6187262150286889
2025-03-22 17:02:20.245,3.9092591785448443
2025-03-22 17:02:20.245,2.6558754106930698
2025-03-22 17:02:20.245,-1.3215268538160045
2025-03-22 17:02:20.255,-1.8616823715646997
2025-03-22 17:02:20.255,1.3037311209314772
2025-03-22 17:02:20.255,2.670192500890466
2025-03-22 17:02:20.255,-0.688666087237693
2025-03-22 17:02:20.255,-4.692230425128293
2025-03-22 17:02:20.265,-3.6797634955128964
2025-03-22 17:02:20.265,1.9863130715975919
2025-03-22 17:02:20.265,6.209850670754236
2025-03-22 17:02:20.265,4.530052131303209
2025-03-22 17:02:20.265,-1.0895175310710776
2025-03-22 17:02:20.275,-5.298523135384379
2025-03-22 17:02:20.275,-5.162839638957055
2025-03-22 17:02:20.275,-1.7400926479932703
2025-03-22 17:02:20.275,2.428491275685693
2025-03-22 17:02:20.275,5.266176151730718
2025-03-22 17:02:20.285,5.1635768328931615
2025-03-22 17:02:20.285,1.4171417240001278
2025-03-22 17:02:20.285,-4.231701784248103
2025-03-22 17:02:20.285,-7.599901769644958
2025-03-22 17:02:20.285,-5.227576448903982
2025-03-22 17:02:20.295,1.8791733125912748
2025-03-22 17:02:20.295,8.139061435110355
2025-03-22 17:02:20.295,7.8953416730987165
2025-03-22 17:02:20.295,0.8145239208466215
2025-03-22 17:02:20.295,-7.05362034586007
2025-03-22 17:02:20.304,-8.460028979487262
2025-03-22 17:02:20.305,-2.168950929883726
2025-03-22 17:02:20.305,5.3574400868494845
2025-03-22 17:02:20.305,6.644829552061107
2025-03-22 17:02:20.305,1.3956613367623474
2025-03-22 17:02:20.314,-3.6200170103189255
2025-03-22 17:02:20.315,-3.1097501348357155
2025-03-22 17:02:20.315,0.5981197133631553
2025-03-22 17:02:20.315,1.6677383028591224
2025-03-22 17:02:20.315,-0.8871132329862514
2025-03-22 17:02:20.324,-2.295429018146502
2025-03-22 17:02:20.325,0.4954791970141231
2025-03-22 17:02:20.325,3.9818254964127573
2025-03-22 17:02:20.325,2.925806102312247
2025-03-22 17:02:20.325,-2.1111043857569296
2025-03-22 17:02:20.334,-5.188368843836995
2025-03-22 17:02:20.335,-2.638967706603864
2025-03-22 17:02:20.335,2.486491765881609
2025-03-22 17:02:20.335,4.547451076062138
2025-03-22 17:02:20.335,1.9321824062869282
2025-03-22 17:02:20.344,-1.9447388724910808
2025-03-22 17:02:20.345,-3.170437680183709
2025-03-22 17:02:20.345,-1.2068600592125762
2025-03-22 17:02:20.345,1.4767440774845082
2025-03-22 17:02:20.345,2.254680883210697
2025-03-22 17:02:20.354,0.5957438995739407
2025-03-22 17:02:20.355,-1.6795735542939465
2025-03-22 17:02:20.355,-2.137031961693465
2025-03-22 17:02:20.355,-0.19584482108207313
2025-03-22 17:02:20.355,2.141291029635429
2025-03-22 17:02:20.363,2.425063778321323
2025-03-22 17:02:20.363,0.4199154413054252
2025-03-22 17:02:20.363,-1.8668103009247712
2025-03-22 17:02:20.363,-2.5372211090841104
2025-03-22 17:02:20.364,-1.4885030484329493
2025-03-22 17:02:20.374,0.18947277763690565
2025-03-22 17:02:20.375,1.6870210640553789
2025-03-22 17:02:20.375,2.7663811527147946
2025-03-22 17:02:20.375,2.838693627216559
2025-03-22 17:02:20.375,0.7805305085799408
2025-03-22 17:02:20.383,-3.277004373336722
2025-03-22 17:02:20.383,-6.271627371675662
2025-03-22 17:02:20.383,-4.234168846096713
2025-03-22 17:02:20.383,2.6595012166057757
2025-03-22 17:02:20.384,8.356370494092866
2025-03-22 17:02:20.393,6.62992330862723
2025-03-22 17:02:20.393,-1.419598249596795
2025-03-22 17:02:20.393,-7.787178727008993
2025-03-22 17:02:20.393,-6.383258271524063
2025-03-22 17:02:20.403,0.35999460624111895
2025-03-22 17:02:20.403,5.057608220911476
2025-03-22 17:02:20.403,4.012796922485678
2025-03-22 17:02:20.403,0.1633278382739375
2025-03-22 17:02:20.403,-1.9310064532347588
2025-03-22 17:02:20.413,-1.380886852761059
2025-03-22 17:02:20.413,-0.3470980154397803
2025-03-22 17:02:20.413,-0.14995271630180154
2025-03-22 17:02:20.413,-0.06954626796632393
2025-03-22 17:02:20.413,0.5013724659038127
2025-03-22 17:02:20.422,0.7651356856787251
2025-03-22 17:02:20.423,0.036441548874736086
2025-03-22 17:02:20.423,-0.7935152748963145
2025-03-22 17:02:20.423,-0.4468174899887105
2025-03-22 17:02:20.423,0.721528460802467
2025-03-22 17:02:20.433,1.1076808163271656
2025-03-22 17:02:20.433,0.16422812808044107
2025-03-22 17:02:20.433,-0.855993252065462
2025-03-22 17:02:20.433,-0.8389340964880608
2025-03-22 17:02:20.433,-0.39556334162028844
2025-03-22 17:02:20.443,-0.5468846465014707
2025-03-22 17:02:20.443,-0.6225781321002131
2025-03-22 17:02:20.443,0.8555111222223903
2025-03-22 17:02:20.443,3.11208094907728
2025-03-22 17:02:20.443,2.9346019694440346
2025-03-22 17:02:20.453,-1.0311960303318932
2025-03-22 17:02:20.453,-5.185438861678527
2025-03-22 17:02:20.453,-4.583314004348328
2025-03-22 17:02:20.453,0.5604644348197616
2025-03-22 17:02:20.453,4.650090216261521
2025-03-22 17:02:20.463,3.820650486027887
2025-03-22 17:02:20.463,0.53433285339909
2025-03-22 17:02:20.463,-0.8443688605026674
2025-03-22 17:02:20.463,-0.4542397852962056
2025-03-22 17:02:20.463,-1.50525826976641
2025-03-22 17:02:20.473,-3.856468951685513
2025-03-22 17:02:20.473,-3.404547973859923
2025-03-22 17:02:20.473,1.3628959785027215
2025-03-22 17:02:20.473,5.910242420684968
2025-03-22 17:02:20.473,5.068227661813014
2025-03-22 17:02:20.481,-0.2047977868975227
2025-03-22 17:02:20.481,-4.170124402632933
2025-03-22 17:02:20.481,-3.5825153832556382
2025-03-22 17:02:20.481,-0.8516326014940713
2025-03-22 17:02:20.482,0.4286650624994754
2025-03-22 17:02:20.492,0.3939417389513757
2025-03-22 17:02:20.493,1.3440200915874936
2025-03-22 17:02:20.493,2.8974419376162897
2025-03-22 17:02:20.493,1.96027186522186
2025-03-22 17:02:20.493,-1.9859224143954701
2025-03-22 17:02:20.501,-4.594455384863019
2025-03-22 17:02:20.501,-1.9961228490134928
2025-03-22 17:02:20.501,3.2291500678267195
2025-03-22 17:02:20.501,4.61226488627489
2025-03-22 17:02:20.502,0.2784735939178987
2025-03-22 17:02:20.511,-4.282783236668539
2025-03-22 17:02:20.511,-3.3393510327592626
2025-03-22 17:02:20.511,1.6226960746200136
2025-03-22 17:02:20.511,4.102788701928926
2025-03-22 17:02:20.512,1.2324731008582925
2025-03-22 17:02:20.521,-2.7459554050019483
2025-03-22 17:02:20.521,-2.4693663516470754
2025-03-22 17:02:20.521,1.3369643043617405
2025-03-22 17:02:20.521,3.0096985493560835
2025-03-22 17:02:20.531,-0.17110319179674505
2025-03-22 17:02:20.531,-3.9869637450325373
2025-03-22 17:02:20.531,-2.7216502597954593
2025-03-22 17:02:20.531,2.983383220086315
2025-03-22 17:02:20.532,6.286910142979242
2025-03-22 17:02:20.541,2.4532105999596983
2025-03-22 17:02:20.541,-4.993885975939888
2025-03-22 17:02:20.541,-7.905666739381152
2025-03-22 17:02:20.541,-2.7024394927213184
2025-03-22 17:02:20.541,5.508540593021841
2025-03-22 17:02:20.550,8.43590521965181
2025-03-22 17:02:20.551,3.3855383386784967
2025-03-22 17:02:20.551,-4.309784450772092
2025-03-22 17:02:20.551,-7.356451216459604
2025-03-22 17:02:20.551,-3.8671585254259275
2025-03-22 17:02:20.561,1.8217138761981695
2025-03-22 17:02:20.561,4.628762247628701
2025-03-22 17:02:20.561,3.5056682464674878
2025-03-22 17:02:20.561,0.8156268199196872
2025-03-22 17:02:20.561,-1.2173701590775852
2025-03-22 17:02:20.571,-2.125627597861526
2025-03-22 17:02:20.571,-2.1659469938298943
2025-03-22 17:02:20.571,-1.384820747756933
2025-03-22 17:02:20.571,0.0338859770641045
2025-03-22 17:02:20.571,1.4693158902362224
2025-03-22 17:02:20.581,2.2868714668419705
2025-03-22 17:02:20.581,2.1013151701807087
2025-03-22 17:02:20.581,0.6725173975982767
2025-03-22 17:02:20.581,-1.6907132425590965
2025-03-22 17:02:20.581,-3.4960000834039247
2025-03-22 17:02:20.591,-2.8423026406800065
2025-03-22 17:02:20.591,0.39042847333868363
2025-03-22 17:02:20.591,3.6539085371752664
2025-03-22 17:02:20.591,3.9656625915498154
2025-03-22 17:02:20.591,1.0084397654702415
2025-03-22 17:02:20.601,-2.582628254757372
2025-03-22 17:02:20.601,-3.915256406589511
2025-03-22 17:02:20.601,-2.27879580107463
2025-03-22 17:02:20.601,0.8207610519601861
2025-03-22 17:02:20.601,3.144015786798623
2025-03-22 17:02:20.609,3.145075102544191
2025-03-22 17:02:20.609,0.8632830644662551
2025-03-22 17:02:20.609,-1.9754462851826868
2025-03-22 17:02:20.609,-3.150731503346271
2025-03-22 17:02:20.610,-1.8737929664236148
2025-03-22 17:02:20.620,0.48967100574263295
2025-03-22 17:02:20.621,1.9401173450508271
2025-03-22 17:02:20.621,1.8911735854376293
2025-03-22 17:02:20.621,1.2010925795206995
2025-03-22 17:02:20.621,0.42633253325727954
2025-03-22 17:02:20.629,-0.888781336319883
2025-03-22 17:02:20.629,-2.730046316713255
2025-03-22 17:02:20.629,-3.3869141334352353
2025-03-22 17:02:20.629,-0.9944208250751444
2025-03-22 17:02:20.639,3.533170957610463
2025-03-22 17:02:20.639,6.144751014941229
2025-03-22 17:02:20.639,3.398952956469695
2025-03-22 17:02:20.639,-3.2232163076946514
2025-03-22 17:02:20.639,-7.72517245597004
2025-03-22 17:02:20.649,-5.406338686438509
2025-03-22 17:02:20.649,1.8495823456372116
2025-03-22 17:02:20.649,7.160103147396321
2025-03-22 17:02:20.649,5.827555383833366
2025-03-22 17:02:20.649,-0.0194489549994043
2025-03-22 17:02:20.659,-4.460377662388601
2025-03-22 17:02:20.659,-4.277021853716074
2025-03-22 17:02:20.659,-1.225246588424465
2025-03-22 17:02:20.659,1.2753915893595207
2025-03-22 17:02:20.659,1.7963235624450997
2025-03-22 17:02:20.668,1.0897936926660543
2025-03-22 17:02:20.669,0.3111942591250125
2025-03-22 17:02:20.669,0.009336849721170864
2025-03-22 17:02:20.669,0.124985343180708
2025-03-22 17:02:20.669,0.1676484712235627
2025-03-22 17:02:20.679,-0.3507946117697849
2025-03-22 17:02:20.679,-1.202231947978279
2025-03-22 17:02:20.679,-1.402298582439146
2025-03-22 17:02:20.679,-0.3189804015496815
2025-03-22 17:02:20.679,1.30952372028121
2025-03-22 17:02:20.689,1.9434959022603442
2025-03-22 17:02:20.689,0.9366690878665374
2025-03-22 17:02:20.689,-0.6912665746775115
2025-03-22 17:02:20.689,-1.3870258807572615
2025-03-22 17:02:20.689,-0.7315870760662143
2025-03-22 17:02:20.699,0.256883826127263
2025-03-22 17:02:20.699,0.3658034994515662
2025-03-22 17:02:20.699,-0.4369646908342996
2025-03-22 17:02:20.699,-0.8892124388608956
2025-03-22 17:02:20.699,0.16102779061663763
2025-03-22 17:02:20.709,2.07908609789367
2025-03-22 17:02:20.709,2.5764876643729786
2025-03-22 17:02:20.709,0.2382023321371558
2025-03-22 17:02:20.709,-3.1767884112882356
2025-03-22 17:02:20.709,-4.0205917631326145
2025-03-22 17:02:20.719,-0.9365323570348232
2025-03-22 17:02:20.719,3.061054342367756
2025-03-22 17:02:20.719,3.763767812423665
2025-03-22 17:02:20.719,0.7194731750803154
2025-03-22 17:02:20.719,-2.2663754732372685
2025-03-22 17:02:20.728,-1.8615890286531176
2025-03-22 17:02:20.729,0.793617380611275
2025-03-22 17:02:20.729,1.83728976106907
2025-03-22 17:02:20.729,-0.20684101778314204
2025-03-22 17:02:20.729,-2.566987458418646
2025-03-22 17:02:20.738,-1.9221375097045539
2025-03-22 17:02:20.739,1.2153673379347438
2025-03-22 17:02:20.739,3.160036990903319
2025-03-22 17:02:20.739,1.7912430260813652
2025-03-22 17:02:20.739,-0.9770991809934285
2025-03-22 17:02:20.747,-2.0386755417307305
2025-03-22 17:02:20.747,-1.0057566916555023
2025-03-22 17:02:20.747,0.023389815230827088
2025-03-22 17:02:20.747,-0.1426336568989985
2025-03-22 17:02:20.757,-0.3138288730968458
2025-03-22 17:02:20.757,0.8423423334274236
2025-03-22 17:02:20.757,2.345264048076249
2025-03-22 17:02:20.757,1.8424400138851045
2025-03-22 17:02:20.757,-1.122066512690352
2025-03-22 17:02:20.767,-3.822486704175921
2025-03-22 17:02:20.767,-3.0978461508311175
2025-03-22 17:02:20.767,0.8589541800899226
2025-03-22 17:02:20.767,4.267700858932896
2025-03-22 17:02:20.767,3.6746981973264914
2025-03-22 17:02:20.777,-0.3252147567451678
2025-03-22 17:02:20.777,-3.7762804986947804
2025-03-22 17:02:20.777,-3.5750366522079235
2025-03-22 17:02:20.777,-0.38584621009182596
2025-03-22 17:02:20.777,2.6511501811409057
2025-03-22 17:02:20.786,3.255987622182169
2025-03-22 17:02:20.787,1.5027423915182878
2025-03-22 17:02:20.787,-1.1993366359163251
2025-03-22 17:02:20.787,-3.2847058474245556
2025-03-22 17:02:20.787,-3.243191847170533
2025-03-22 17:02:20.797,-0.3294252232931112
2025-03-22 17:02:20.797,3.7791711115194113
2025-03-22 17:02:20.797,5.163243439522209
2025-03-22 17:02:20.797,1.5217271848065146
2025-03-22 17:02:20.797,-4.183421323157289
2025-03-22 17:02:20.807,-6.028004633827013
2025-03-22 17:02:20.807,-1.9165113204394983
2025-03-22 17:02:20.807,3.6555715965755358
2025-03-22 17:02:20.807,4.929122424286699
2025-03-22 17:02:20.807,1.5315181134620972
2025-03-22 17:02:20.817,-1.9664447240682206
2025-03-22 17:02:20.817,-2.205487692650238
2025-03-22 17:02:20.817,-0.5288978473425039
2025-03-22 17:02:20.817,-0.0969784217452194
2025-03-22 17:02:20.817,-1.2854904848339663
2025-03-22 17:02:20.827,-1.314100674556559
2025-03-22 17:02:20.827,1.6304073130158243
2025-03-22 17:02:20.827,4.961958292033948
2025-03-22 17:02:20.827,3.8695842291517435
2025-03-22 17:02:20.827,-2.3997184667789724
2025-03-22 17:02:20.836,-7.93195017940747
2025-03-22 17:02:20.837,-6.072283414215485
2025-03-22 17:02:20.837,2.2805012661574504
2025-03-22 17:02:20.837,8.797778279982165
2025-03-22 17:02:20.837,6.932725516704884
2025-03-22 17:02:20.845,-1.014634881579701
2025-03-22 17:02:20.845,-7.1653236891851275
2025-03-22 17:02:20.845,-6.565451302965225
2025-03-22 17:02:20.846,-0.9046487392938447
2025-03-22 17:02:20.855,4.603076165431553
2025-03-22 17:02:20.855,5.812785171252281
2025-03-22 17:02:20.855,2.0579584035487706
2025-03-22 17:02:20.855,-3.393166314576428
2025-03-22 17:02:20.855,-5.271144128050669
2025-03-22 17:02:20.865,-1.2275609893772335
2025-03-22 17:02:20.865,4.511944876390832
2025-03-22 17:02:20.865,4.886010043499967
2025-03-22 17:02:20.865,-1.2793275365143462
2025-03-22 17:02:20.865,-6.727138425334361
2025-03-22 17:02:20.875,-4.343676922072561
2025-03-22 17:02:20.875,3.524756562574272
2025-03-22 17:02:20.875,7.6720501640220755
2025-03-22 17:02:20.875,3.4845685640950363
2025-03-22 17:02:20.875,-3.763768278411198
2025-03-22 17:02:20.885,-6.090154269181133
2025-03-22 17:02:20.885,-2.2573456295215966
2025-03-22 17:02:20.885,2.2611366592000963
2025-03-22 17:02:20.885,2.9664089995545675
2025-03-22 17:02:20.885,0.8803881596892671
2025-03-22 17:02:20.895,-0.5962500983819055
2025-03-22 17:02:20.895,-0.49592057289327396
2025-03-22 17:02:20.895,-0.21975310891182076
2025-03-22 17:02:20.895,-0.2796993081902886
2025-03-22 17:02:20.895,0.2636777767611814
2025-03-22 17:02:20.905,1.1471700757764405
2025-03-22 17:02:20.905,0.37844794533798365
2025-03-22 17:02:20.905,-2.2579675806623554
2025-03-22 17:02:20.905,-3.3425317533190793
2025-03-22 17:02:20.905,-0.02885494031285886
2025-03-22 17:02:20.915,4.927374937372909
2025-03-22 17:02:20.915,5.4515594520229085
2025-03-22 17:02:20.915,-0.10287820300947353
2025-03-22 17:02:20.915,-6.140496241391738
2025-03-22 17:02:20.915,-6.186086412452181
2025-03-22 17:02:20.925,-0.3715214112634371
2025-03-22 17:02:20.925,5.100824244347279
2025-03-22 17:02:20.925,5.072858726319947
2025-03-22 17:02:20.925,0.4540340237884871
2025-03-22 17:02:20.925,-3.5605460213132827
2025-03-22 17:02:20.935,-3.0634887273638136
2025-03-22 17:02:20.935,0.9260674848831816
2025-03-22 17:02:20.935,3.817010955640126
2025-03-22 17:02:20.935,2.2825773156853835
2025-03-22 17:02:20.935,-2.3004746017424
2025-03-22 17:02:20.945,-5.453376160660345
2025-03-22 17:02:20.945,-4.199698423901381
2025-03-22 17:02:20.945,0.6156819416008542
2025-03-22 17:02:20.945,5.804119965038162
2025-03-22 17:02:20.945,7.969782835154289
2025-03-22 17:02:20.953,4.724378791864202
2025-03-22 17:02:20.953,-3.374013198698309
2025-03-22 17:02:20.953,-10.996775088108214
2025-03-22 17:02:20.953,-10.768253539358284
2025-03-22 17:02:20.954,-0.7116588365310776
2025-03-22 17:02:20.963,11.457023007030957
2025-03-22 17:02:20.963,14.215907039738577
2025-03-22 17:02:20.963,4.008117579567941
2025-03-22 17:02:20.963,-9.848973849222816
2025-03-22 17:02:20.972,-13.932776715001893
2025-03-22 17:02:20.973,-4.742389863513827
2025-03-22 17:02:20.973,7.602214145259914
2025-03-22 17:02:20.973,10.639107427771402
2025-03-22 17:02:20.973,2.985129797778954
2025-03-22 17:02:20.983,-5.5038243174148285
2025-03-22 17:02:20.983,-6.026290661857513
2025-03-22 17:02:20.983,-0.1613193660065404
2025-03-22 17:02:20.983,4.038028838928159
2025-03-22 17:02:20.983,2.4308009710728893
2025-03-22 17:02:20.991,-1.6573220040005021
2025-03-22 17:02:20.991,-3.3139581802529348
2025-03-22 17:02:20.991,-1.9139257364099564
2025-03-22 17:02:20.992,0.197472868122412
2025-03-22 17:02:20.992,2.084931495066531
2025-03-22 17:02:21.001,4.185911420467327
2025-03-22 17:02:21.001,4.909821734427133
2025-03-22 17:02:21.001,1.1892275886719954
2025-03-22 17:02:21.001,-6.0964465595659405
2025-03-22 17:02:21.011,-10.255013973536073
2025-03-22 17:02:21.011,-5.62469632623319
2025-03-22 17:02:21.011,4.630745514813536
2025-03-22 17:02:21.011,10.92686182314746
2025-03-22 17:02:21.011,7.957822767026671
2025-03-22 17:02:21.020,0.08301074846967277
2025-03-22 17:02:21.021,-5.143251386702811
2025-03-22 17:02:21.021,-5.778891424126859
2025-03-22 17:02:21.021,-5.0869445283033885
2025-03-22 17:02:21.021,-4.363301954691784
2025-03-22 17:02:21.031,-0.5913304228141218
2025-03-22 17:02:21.031,7.429094270904307
2025-03-22 17:02:21.031,13.590274682533817
2025-03-22 17:02:21.031,8.963961915697721
2025-03-22 17:02:21.031,-6.815536213084037
2025-03-22 17:02:21.039,-20.66103461836817
2025-03-22 17:02:21.039,-16.69168481815322
2025-03-22 17:02:21.039,5.492438135063429
2025-03-22 17:02:21.039,25.56736518799434
2025-03-22 17:02:21.049,21.267969041108362
2025-03-22 17:02:21.049,-5.694566323674603
2025-03-22 17:02:21.049,-27.732145603712556
2025-03-22 17:02:21.049,-20.688986370678972
2025-03-22 17:02:21.049,7.710862629112544
2025-03-22 17:02:21.057,25.78675814834309
2025-03-22 17:02:21.057,14.684915223467351
2025-03-22 17:02:21.057,-10.317866650410272
2025-03-22 17:02:21.057,-19.76262470250204
2025-03-22 17:02:21.066,-5.537844143083955
2025-03-22 17:02:21.067,11.916296943754046
2025-03-22 17:02:21.067,11.387924719776926
2025-03-22 17:02:21.067,-3.2536992537349487
2025-03-22 17:02:21.067,-10.99226522077211
2025-03-22 17:02:21.075,-2.457333745243206
2025-03-22 17:02:21.075,9.062914523901869
2025-03-22 17:02:21.075,7.346449760115755
2025-03-22 17:02:21.075,-4.753835368698177
2025-03-22 17:02:21.085,-10.66429617733944
2025-03-22 17:02:21.085,-3.341293144755954
2025-03-22 17:02:21.085,6.67280439765172
2025-03-22 17:02:21.085,7.546149239831603
2025-03-22 17:02:21.085,1.4798562552917351
2025-03-22 17:02:21.095,-1.6780757776812434
2025-03-22 17:02:21.095,-0.04396548922655735
2025-03-22 17:02:21.095,-0.6962967572978759
2025-03-22 17:02:21.095,-6.4018874953248375
2025-03-22 17:02:21.095,-9.443172375292779
2025-03-22 17:02:21.104,-2.141282395913172
2025-03-22 17:02:21.105,10.993569898062175
2025-03-22 17:02:21.105,16.65774440052916
2025-03-22 17:02:21.105,7.700832067801067
2025-03-22 17:02:21.105,-8.700416826021797
2025-03-22 17:02:21.113,-18.347549696063467
2025-03-22 17:02:21.113,-13.423287861609609
2025-03-22 17:02:21.113,1.5771948622216483
2025-03-22 17:02:21.113,14.709335017592752
2025-03-22 17:02:21.121,16.15192130648589
2025-03-22 17:02:21.121,5.350680112281374
2025-03-22 17:02:21.121,-8.639511216867426
2025-03-22 17:02:21.122,-14.434780385793985
2025-03-22 17:02:21.122,-8.194452961835651
2025-03-22 17:02:21.132,3.172628989234794
2025-03-22 17:02:21.133,9.362415824514095
2025-03-22 17:02:21.133,6.7543216343524675
2025-03-22 17:02:21.133,0.2170517400713063
2025-03-22 17:02:21.133,-3.830555239877688
2025-03-22 17:02:21.141,-3.6226007897615022
2025-03-22 17:02:21.141,-1.4243264840225978
2025-03-22 17:02:21.141,0.38932731029782985
2025-03-22 17:02:21.141,1.0687003953537624
2025-03-22 17:02:21.151,0.8842176264841276
2025-03-22 17:02:21.151,0.5313865038847431
2025-03-22 17:02:21.151,0.6185226961527367
2025-03-22 17:02:21.151,0.7447157610479804
2025-03-22 17:02:21.152,-0.23964126899131238
2025-03-22 17:02:21.161,-2.158156629030605
2025-03-22 17:02:21.161,-2.6831100046340097
2025-03-22 17:02:21.161,-0.08656570224197281
2025-03-22 17:02:21.161,3.6483639889104866
2025-03-22 17:02:21.161,4.238130132923283
2025-03-22 17:02:21.171,0.21706897066679698
2025-03-22 17:02:21.171,-4.499490895694156
2025-03-22 17:02:21.171,-4.550773757083996
2025-03-22 17:02:21.171,0.35256549585033126
2025-03-22 17:02:21.171,4.457003521381725
2025-03-22 17:02:21.181,2.8058117303346983
2025-03-22 17:02:21.181,-2.2926379139248305
2025-03-22 17:02:21.181,-4.114145597922164
2025-03-22 17:02:21.181,-0.27958385325197666
2025-03-22 17:02:21.181,4.500315341340717
2025-03-22 17:02:21.191,4.813866959732479
2025-03-22 17:02:21.191,0.4488351623050726
2025-03-22 17:02:21.191,-4.896125368856311
2025-03-22 17:02:21.191,-7.398264656707802
2025-03-22 17:02:21.191,-4.558858593919276
2025-03-22 17:02:21.199,3.1535050298525835
2025-03-22 17:02:21.199,10.118923439111356
2025-03-22 17:02:21.199,9.005025295711288
2025-03-22 17:02:21.200,-0.4945090982837927
2025-03-22 17:02:21.209,-9.402786610664752
2025-03-22 17:02:21.209,-9.311209311527183
2025-03-22 17:02:21.209,-2.0658091447776394
2025-03-22 17:02:21.209,3.9395339543301326
2025-03-22 17:02:21.209,4.8537153719153405
2025-03-22 17:02:21.219,3.8682581862020644
2025-03-22 17:02:21.219,3.4602368605388225
2025-03-22 17:02:21.219,1.186741945511686
2025-03-22 17:02:21.219,-4.391569071314292
2025-03-22 17:02:21.219,-8.370894733171786
2025-03-22 17:02:21.229,-4.898507228193166
2025-03-22 17:02:21.229,3.83702276002353
2025-03-22 17:02:21.229,8.769984402561867
2025-03-22 17:02:21.229,4.716804312703446
2025-03-22 17:02:21.229,-3.4329052193156633
2025-03-22 17:02:21.239,-6.819219353755552
2025-03-22 17:02:21.239,-2.633631234517645
2025-03-22 17:02:21.239,3.919823000054324
2025-03-22 17:02:21.239,6.218642606513242
2025-03-22 17:02:21.239,2.408409969991526
2025-03-22 17:02:21.247,-4.265294766870008
2025-03-22 17:02:21.247,-8.432426577426881
2025-03-22 17:02:21.248,-5.746744516822146
2025-03-22 17:02:21.248,3.4746037114216684
2025-03-22 17:02:21.248,12.014668527361195
2025-03-22 17:02:21.257,10.459520499444446
2025-03-22 17:02:21.257,-2.198370669980475
2025-03-22 17:02:21.257,-14.358907010257216
2025-03-22 17:02:21.257,-12.82992609939682
2025-03-22 17:02:21.266,1.5003182377840005
2025-03-22 17:02:21.267,13.382945331253996
2025-03-22 17:02:21.267,10.760014647394565
2025-03-22 17:02:21.267,-1.3512944446912205
2025-03-22 17:02:21.267,-8.507376663015176
2025-03-22 17:02:21.277,-5.210676214407645
2025-03-22 17:02:21.277,0.7409340460871592
2025-03-22 17:02:21.277,1.619926741132374
2025-03-22 17:02:21.277,-0.2621177725960637
2025-03-22 17:02:21.277,0.7667117142385277
2025-03-22 17:02:21.287,3.465478702662523
2025-03-22 17:02:21.287,2.3689658718611093
2025-03-22 17:02:21.287,-2.2975558486509513
2025-03-22 17:02:21.287,-4.234564007915177
2025-03-22 17:02:21.287,-0.6938676035443287
2025-03-22 17:02:21.297,3.177061257774605
2025-03-22 17:02:21.297,1.7748685536917046
2025-03-22 17:02:21.297,-2.914515082615896
2025-03-22 17:02:21.297,-3.9561478517148365
2025-03-22 17:02:21.297,1.1295714770219996
2025-03-22 17:02:21.305,6.584823896442507
2025-03-22 17:02:21.305,5.070853231221144
2025-03-22 17:02:21.305,-3.088261953335998
2025-03-22 17:02:21.305,-9.240871794619945
2025-03-22 17:02:21.315,-5.939372827560556
2025-03-22 17:02:21.315,4.016472831662034
2025-03-22 17:02:21.315,10.145034699783995
2025-03-22 17:02:21.315,6.033290115016538
2025-03-22 17:02:21.316,-3.6195794453920724
2025-03-22 17:02:21.325,-8.84407281852457
2025-03-22 17:02:21.325,-5.453401633345168
2025-03-22 17:02:21.325,1.761523769163491
2025-03-22 17:02:21.325,5.744775719413339
2025-03-22 17:02:21.325,4.310242809273061
2025-03-22 17:02:21.335,0.35215456252438176
2025-03-22 17:02:21.335,-2.4472062631235287
2025-03-22 17:02:21.335,-2.5898541693729467
2025-03-22 17:02:21.335,-0.8843128231130217
2025-03-22 17:02:21.335,0.7016774457313253
2025-03-22 17:02:21.345,0.7238310718849819
2025-03-22 17:02:21.345,-0.2420166992510377
2025-03-22 17:02:21.345,-0.33372728365874516
2025-03-22 17:02:21.345,0.7085850725904091
2025-03-22 17:02:21.345,0.7375576665681083
2025-03-22 17:02:21.354,-1.1897707259714922
2025-03-22 17:02:21.355,-2.030772339019533
2025-03-22 17:02:21.355,1.266383979566984
2025-03-22 17:02:21.355,5.611784325014636
2025-03-22 17:02:21.355,3.97026066704592
2025-03-22 17:02:21.363,-4.6093367716921785
2025-03-22 17:02:21.363,-11.03629498908856
2025-03-22 17:02:21.363,-6.135106509276475
2025-03-22 17:02:21.364,6.897304961292463
2025-03-22 17:02:21.373,14.265008643104737
2025-03-22 17:02:21.373,7.070875388849608
2025-03-22 17:02:21.373,-7.70715117840719
2025-03-22 17:02:21.373,-14.413152756713082
2025-03-22 17:02:21.373,-6.147898093551282
2025-03-22 17:02:21.383,7.777933070686214
2025-03-22 17:02:21.383,12.673607099003416
2025-03-22 17:02:21.383,4.493463067733655
2025-03-22 17:02:21.383,-7.049845890400214
2025-03-22 17:02:21.383,-10.249862075707574
2025-03-22 17:02:21.393,-3.4563858839494346
2025-03-22 17:02:21.393,5.214929009995791
2025-03-22 17:02:21.393,7.701725510708524
2025-03-22 17:02:21.393,3.293099749872413
2025-03-22 17:02:21.393,-2.814920922253216
2025-03-22 17:02:21.402,-5.434735270180825
2025-03-22 17:02:21.403,-3.2428673249547204
2025-03-22 17:02:21.403,1.1421117835164276
2025-03-22 17:02:21.403,3.576673302368512
2025-03-22 17:02:21.403,2.0386713935870913
2025-03-22 17:02:21.413,-1.1454007889349318
2025-03-22 17:02:21.413,-1.7570206927376777
2025-03-22 17:02:21.413,0.9299810470395096
2025-03-22 17:02:21.413,2.785854423392984
2025-03-22 17:02:21.413,0.19115219384043894
2025-03-22 17:02:21.421,-4.624342047123564
2025-03-22 17:02:21.421,-5.6810898667155385
2025-03-22 17:02:21.421,-0.4117887280319139
2025-03-22 17:02:21.422,6.912322129417265
2025-03-22 17:02:21.422,9.24306194576566
2025-03-22 17:02:21.431,3.543874639833287
2025-03-22 17:02:21.431,-6.245126502266724
2025-03-22 17:02:21.431,-12.146793197757685
2025-03-22 17:02:21.431,-8.465807240353056
2025-03-22 17:02:21.441,3.0452722776694956
2025-03-22 17:02:21.441,13.376687884754787
2025-03-22 17:02:21.441,12.966283728657734
2025-03-22 17:02:21.441,0.6285989227322817
2025-03-22 17:02:21.441,-13.479661010039486
2025-03-22 17:02:21.449,-15.842359349712988
2025-03-22 17:02:21.449,-3.0023709666675993
2025-03-22 17:02:21.449,13.259174323200805
2025-03-22 17:02:21.450,16.711214986315866
2025-03-22 17:02:21.458,3.7269026452699974
2025-03-22 17:02:21.459,-12.272974828609634
2025-03-22 17:02:21.459,-15.038194705265743
2025-03-22 17:02:21.459,-2.9055278180520245
2025-03-22 17:02:21.459,10.149521694783287
2025-03-22 17:02:21.467,10.62255821120533
2025-03-22 17:02:21.467,0.12146240916616724
2025-03-22 17:02:21.467,-7.842972467961188
2025-03-22 17:02:21.468,-4.456277894014511
2025-03-22 17:02:21.468,4.341613606236594
2025-03-22 17:02:21.477,6.237372793537017
2025-03-22 17:02:21.477,-1.4166978129651726
2025-03-22 17:02:21.477,-8.358939686592715
2025-03-22 17:02:21.478,-5.003231197979601
2025-03-22 17:02:21.478,5.021141877433382
2025-03-22 17:02:21.487,9.615808036707264
2025-03-22 17:02:21.487,3.530390664481067
2025-03-22 17:02:21.487,-5.70195742430914
2025-03-22 17:02:21.488,-7.799090784063573
2025-03-22 17:02:21.497,-1.816403588707341
2025-03-22 17:02:21.497,4.365960322351866
2025-03-22 17:02:21.497,4.460956893553296
2025-03-22 17:02:21.497,0.1929537400453628
2025-03-22 17:02:21.498,-2.675766685030961
2025-03-22 17:02:21.507,-1.6024638647919913
2025-03-22 17:02:21.507,1.1479024631862131
2025-03-22 17:02:21.507,2.2778196144708613
2025-03-22 17:02:21.507,0.588017087763128
2025-03-22 17:02:21.507,-2.6306274264782816
2025-03-22 17:02:21.517,-4.157518912292018
2025-03-22 17:02:21.517,-0.9733450251908711
2025-03-22 17:02:21.517,5.309311137922985
2025-03-22 17:02:21.517,7.4643962890215345
2025-03-22 17:02:21.517,0.5520174901450101
2025-03-22 17:02:21.527,-9.33113424689043
2025-03-22 17:02:21.527,-9.812186773463948
2025-03-22 17:02:21.527,1.9216210443317236
2025-03-22 17:02:21.527,13.077819959252091
2025-03-22 17:02:21.527,9.744901684175364
2025-03-22 17:02:21.535,-5.264277712756188
2025-03-22 17:02:21.535,-14.708948097317798
2025-03-22 17:02:21.536,-7.452302943545504
2025-03-22 17:02:21.536,8.032033067608248
2025-03-22 17:02:21.536,13.69042731405485
2025-03-22 17:02:21.545,3.274191679782844
2025-03-22 17:02:21.545,-10.392558222823087
2025-03-22 17:02:21.545,-10.797915601733461
2025-03-22 17:02:21.546,2.4269386114941303
2025-03-22 17:02:21.555,12.93962265221321
2025-03-22 17:02:21.555,7.4133535726186635
2025-03-22 17:02:21.555,-8.055370116412249
2025-03-22 17:02:21.555,-14.965999618289219
2025-03-22 17:02:21.555,-4.601194676748042
2025-03-22 17:02:21.563,11.438345587149415
2025-03-22 17:02:21.563,14.924982202219832
2025-03-22 17:02:21.563,2.2615959251051097
2025-03-22 17:02:21.563,-11.876738350011411
2025-03-22 17:02:21.573,-12.10088156248053
2025-03-22 17:02:21.573,0.30833050142998886
2025-03-22 17:02:21.573,10.311402640601997
2025-03-22 17:02:21.573,7.488113841750101
2025-03-22 17:02:21.573,-2.8275861551146244
2025-03-22 17:02:21.583,-7.884255949455715
2025-03-22 17:02:21.583,-3.1667489156433204
2025-03-22 17:02:21.583,3.9948795035494444
2025-03-22 17:02:21.583,5.110097935525891
2025-03-22 17:02:21.583,0.4688011199191254
2025-03-22 17:02:21.591,-3.1041830188161845
2025-03-22 17:02:21.591,-1.7247338921966642
2025-03-22 17:02:21.591,1.2889066085639695
2025-03-22 17:02:21.592,0.7420150551022798
2025-03-22 17:02:21.592,-2.9188725808431855
2025-03-22 17:02:21.601,-3.6076745568161614
2025-03-22 17:02:21.601,2.1757073431350524
2025-03-22 17:02:21.601,8.886540701485885
2025-03-22 17:02:21.602,6.876299085133582
2025-03-22 17:02:21.602,-5.101882426341017
2025-03-22 17:02:21.611,-15.262456236793035
2025-03-22 17:02:21.611,-10.53433373671404
2025-03-22 17:02:21.611,7.137685137422001
2025-03-22 17:02:21.611,20.22584414164009
2025-03-22 17:02:21.619,13.973231659742375
2025-03-22 17:02:21.619,-6.624818823748633
2025-03-22 17:02:21.619,-21.366804834094587
2025-03-22 17:02:21.620,-16.167014000682187
2025-03-22 17:02:21.629,2.852180634624816
2025-03-22 17:02:21.629,17.219276785341204
2025-03-22 17:02:21.629,15.454023240467434
2025-03-22 17:02:21.629,2.4155474788243625
2025-03-22 17:02:21.629,-8.955112165340902
2025-03-22 17:02:21.639,-11.18930551207172
2025-03-22 17:02:21.639,-6.249590376320293
2025-03-22 17:02:21.639,0.3967305957951667
2025-03-22 17:02:21.639,5.2118093321517955
2025-03-22 17:02:21.639,6.632527663756375
2025-03-22 17:02:21.649,4.214160538701106
2025-03-22 17:02:21.649,-0.24157809381772455
2025-03-22 17:02:21.649,-3.221553762191902
2025-03-22 17:02:21.649,-3.230819390203757
2025-03-22 17:02:21.649,-2.4103214700961675
2025-03-22 17:02:21.659,-2.703610108414793
2025-03-22 17:02:21.659,-2.0906593758370855
2025-03-22 17:02:21.659,2.5377577997053065
2025-03-22 17:02:21.659,9.000539823870987
2025-03-22 17:02:21.659,9.62011868454359
2025-03-22 17:02:21.667,-0.07280557563310908
2025-03-22 17:02:21.667,-13.44157250735859
2025-03-22 17:02:21.667,-16.964220235912936
2025-03-22 17:02:21.668,-4.500383208269973
2025-03-22 17:02:21.675,13.974139432440417
2025-03-22 17:02:21.675,20.87689033242671
2025-03-22 17:02:21.676,9.21220715186847
2025-03-22 17:02:21.676,-9.717446398865137
2025-03-22 17:02:21.676,-18.380615270360337
2025-03-22 17:02:21.685,-11.086247321323173
2025-03-22 17:02:21.685,2.509864364212597
2025-03-22 17:02:21.685,10.265238222248104
2025-03-22 17:02:21.686,9.146301737608628
2025-03-22 17:02:21.686,3.4920429622691143
2025-03-22 17:02:21.695,-2.437135468007461
2025-03-22 17:02:21.695,-6.163168694029871
2025-03-22 17:02:21.695,-5.246622834539087
2025-03-22 17:02:21.696,0.38532240146916547
2025-03-22 17:02:21.705,5.464580132480827
2025-03-22 17:02:21.705,3.8956325738291833
2025-03-22 17:02:21.705,-3.1354184941633156
2025-03-22 17:02:21.705,-7.409217244180482
2025-03-22 17:02:21.706,-3.239589608322984
2025-03-22 17:02:21.715,5.79559889757753
2025-03-22 17:02:21.715,10.65880396747391
2025-03-22 17:02:21.715,5.723135891644608
2025-03-22 17:02:21.715,-6.021097276788446
2025-03-22 17:02:21.715,-14.60413664605982
2025-03-22 17:02:21.723,-10.77498184810597
2025-03-22 17:02:21.723,4.528008786422925
2025-03-22 17:02:21.723,18.198161808407207
2025-03-22 17:02:21.724,16.15797242180965
2025-03-22 17:02:21.733,-1.5665046039767523
2025-03-22 17:02:21.733,-19.053508102305514
2025-03-22 17:02:21.733,-19.718726385999158
2025-03-22 17:02:21.733,-2.775207050171887
2025-03-22 17:02:21.733,16.154405396248954
2025-03-22 17:02:21.741,20.11708378896353
2025-03-22 17:02:21.741,6.4102635385182145
2025-03-22 17:02:21.741,-11.556519450634436
2025-03-22 17:02:21.741,-17.283354584053313
2025-03-22 17:02:21.751,-6.856293628312999
2025-03-22 17:02:21.751,7.918253795508816
2025-03-22 17:02:21.751,12.340097314461028
2025-03-22 17:02:21.751,4.072218107042804
2025-03-22 17:02:21.751,-5.8734175164002425
2025-03-22 17:02:21.761,-6.781116133251517
2025-03-22 17:02:21.761,0.07701671310346259
2025-03-22 17:02:21.761,4.835021409516647
2025-03-22 17:02:21.761,1.808045618592315
2025-03-22 17:02:21.761,-4.262630312493154
2025-03-22 17:02:21.771,-4.856530875937621
2025-03-22 17:02:21.771,1.8356652932318522
2025-03-22 17:02:21.771,8.60151069832757
2025-03-22 17:02:21.771,6.90442342095212
2025-03-22 17:02:21.771,-3.696012788331129
2025-03-22 17:02:21.779,-13.642566926200251
2025-03-22 17:02:21.779,-11.646978302066167
2025-03-22 17:02:21.780,3.2747431358236403
2025-03-22 17:02:21.780,18.15381940955781
2025-03-22 17:02:21.780,17.51184967064081
2025-03-22 17:02:21.789,0.11541149603186895
2025-03-22 17:02:21.789,-18.173006374803396
2025-03-22 17:02:21.789,-20.569395860935288
2025-03-22 17:02:21.789,-6.363452065885657
2025-03-22 17:02:21.797,10.593590335786088
2025-03-22 17:02:21.797,17.59777063918569
2025-03-22 17:02:21.798,12.975663465054321
2025-03-22 17:02:21.798,2.1892356113927876
2025-03-22 17:02:21.798,-9.09810380249472
2025-03-22 17:02:21.807,-15.847022324666542
2025-03-22 17:02:21.807,-13.235865089018615
2025-03-22 17:02:21.807,-1.0900723307332272
2025-03-22 17:02:21.807,12.585675243276741
2025-03-22 17:02:21.815,17.061804850512154
2025-03-22 17:02:21.815,8.932783760002506
2025-03-22 17:02:21.815,-4.88937361411094
2025-03-22 17:02:21.816,-13.908466950002195
2025-03-22 17:02:21.825,-12.412208372933343
2025-03-22 17:02:21.825,-2.565769519287124
2025-03-22 17:02:21.825,7.916596727082139
2025-03-22 17:02:21.825,11.26872607299019
2025-03-22 17:02:21.826,5.694313279268872
2025-03-22 17:02:21.835,-2.8542107530811505
2025-03-22 17:02:21.835,-6.4086530008775755
2025-03-22 17:02:21.835,-3.33525075219739
2025-03-22 17:02:21.835,0.5649234387233366
2025-03-22 17:02:21.835,0.11741847086710012
2025-03-22 17:02:21.845,-2.460275608105881
2025-03-22 17:02:21.845,-1.3583811362424478
2025-03-22 17:02:21.845,3.919910623057662
2025-03-22 17:02:21.845,7.293289511262193
2025-03-22 17:02:21.845,4.099790993920207
2025-03-22 17:02:21.855,-2.9821688839428693
2025-03-22 17:02:21.855,-7.5121051503210925
2025-03-22 17:02:21.855,-6.353663562915665
2025-03-22 17:02:21.855,-1.3623078640678676
2025-03-22 17:02:21.855,3.8482004450912948
2025-03-22 17:02:21.865,6.295495785773905
2025-03-22 17:02:21.865,4.299269715657379
2025-03-22 17:02:21.865,-0.9493673158364404
2025-03-22 17:02:21.865,-4.761487986182051
2025-03-22 17:02:21.865,-3.1134930888668344
2025-03-22 17:02:21.875,1.9604843238572527
2025-03-22 17:02:21.875,4.02327859438563
2025-03-22 17:02:21.875,0.3037133489229317
2025-03-22 17:02:21.875,-4.677411342842653
2025-03-22 17:02:21.875,-5.0402732861722
2025-03-22 17:02:21.885,-0.4371987923539468
2025-03-22 17:02:21.885,4.8719747775030315
2025-03-22 17:02:21.885,7.12432955369834
2025-03-22 17:02:21.885,4.786582623546721
2025-03-22 17:02:21.885,-1.8931886851580433
2025-03-22 17:02:21.893,-9.269912858700655
2025-03-22 17:02:21.893,-10.387961737610599
2025-03-22 17:02:21.893,-1.7027354661681817
2025-03-22 17:02:21.894,10.358755413602077
2025-03-22 17:02:21.903,14.00689198229278
2025-03-22 17:02:21.903,4.721902393538385
2025-03-22 17:02:21.903,-9.266838472005889
2025-03-22 17:02:21.903,-15.184368623945275
2025-03-22 17:02:21.903,-7.884591929288844
2025-03-22 17:02:21.911,6.099044797124843
2025-03-22 17:02:21.911,14.69846889466983
2025-03-22 17:02:21.912,10.580582458652966
2025-03-22 17:02:21.912,-2.392086464443564
2025-03-22 17:02:21.921,-12.297370645148257
2025-03-22 17:02:21.921,-10.443032354202947
2025-03-22 17:02:21.921,-0.1027989731037322
2025-03-22 17:02:21.921,7.499579621538231
2025-03-22 17:02:21.921,6.040597356774567
2025-03-22 17:02:21.931,0.35427431475812887
2025-03-22 17:02:21.931,-1.3978254765421014
2025-03-22 17:02:21.931,1.2842485265808459
2025-03-22 17:02:21.931,1.7817207415978178
2025-03-22 17:02:21.932,-3.164046187619536
2025-03-22 17:02:21.941,-8.04475989864385
2025-03-22 17:02:21.941,-5.593733980129538
2025-03-22 17:02:21.941,3.4564440772935385
2025-03-22 17:02:21.941,10.627003028473471
2025-03-22 17:02:21.941,9.198876307194674
2025-03-22 17:02:21.949,0.9503466529807352
2025-03-22 17:02:21.949,-7.085380881483254
2025-03-22 17:02:21.950,-10.104076698549022
2025-03-22 17:02:21.950,-7.855691866279738
2025-03-22 17:02:21.959,-1.5942113959213695
2025-03-22 17:02:21.959,7.064678831282899
2025-03-22 17:02:21.959,13.579670229407846
2025-03-22 17:02:21.959,11.3162825458466
2025-03-22 17:02:21.960,-1.0171764979107971
2025-03-22 17:02:21.967,-14.480227875505246
2025-03-22 17:02:21.968,-16.91986047760706
2025-03-22 17:02:21.968,-5.699354900126377
2025-03-22 17:02:21.968,9.248474636224842
2025-03-22 17:02:21.968,15.735328405582717
2025-03-22 17:02:21.977,10.399435795174396
2025-03-22 17:02:21.977,-0.7831255191465398
2025-03-22 17:02:21.977,-9.634558433920056
2025-03-22 17:02:21.978,-11.320951776696779
2025-03-22 17:02:21.987,-5.601563572576172
2025-03-22 17:02:21.987,3.4284100572661056
2025-03-22 17:02:21.987,9.013716681114111
2025-03-22 17:02:21.987,6.680051047780419
2025-03-22 17:02:21.988,-0.876661839483967
2025-03-22 17:02:21.997,-5.770702571843118
2025-03-22 17:02:21.997,-3.497621621379961
2025-03-22 17:02:21.997,1.8756281744467977
2025-03-22 17:02:21.997,3.125331783330932
2025-03-22 17:02:21.998,-0.6659149635054957
2025-03-22 17:02:22.007,-3.290373990222362
2025-03-22 17:02:22.007,-0.5182038963625033
2025-03-22 17:02:22.007,3.6072268076195213
2025-03-22 17:02:22.007,2.4673140448006685
2025-03-22 17:02:22.007,-3.218734934158551
2025-03-22 17:02:22.017,-5.5047551169818405
2025-03-22 17:02:22.017,0.09118665702961515
2025-03-22 17:02:22.017,7.658128468691875
2025-03-22 17:02:22.017,7.482502200598913
2025-03-22 17:02:22.018,-1.801731904512057
2025-03-22 17:02:22.025,-10.709649468313154
2025-03-22 17:02:22.025,-9.343333450827544
2025-03-22 17:02:22.025,1.3803072650470831
2025-03-22 17:02:22.026,10.593999250719055
2025-03-22 17:02:22.026,9.37866431295665
2025-03-22 17:02:22.035,0.10841392832787733
2025-03-22 17:02:22.035,-7.234024232487909
2025-03-22 17:02:22.036,-6.686532040484406
2025-03-22 17:02:22.036,-1.5294789328081855
2025-03-22 17:02:22.036,2.0622687351877715
2025-03-22 17:02:22.045,2.7502440040612646
2025-03-22 17:02:22.045,2.8943907132361577
2025-03-22 17:02:22.046,2.684682286195707
2025-03-22 17:02:22.046,0.06693606724528563
2025-03-22 17:02:22.046,-3.9518495677643433
2025-03-22 17:02:22.057,-4.776636262457438
2025-03-22 17:02:22.057,-0.7793767233883061
2025-03-22 17:02:22.057,3.4167143984577164
2025-03-22 17:02:22.057,3.1410001301590693
2025-03-22 17:02:22.057,0.2707080461194521
2025-03-22 17:02:22.065,-0.2916112442861278
2025-03-22 17:02:22.065,1.2037514476648863
2025-03-22 17:02:22.065,-0.08515109961698131
2025-03-22 17:02:22.066,-4.649701967036184
2025-03-22 17:02:22.075,-5.829636978397711
2025-03-22 17:02:22.075,0.8239196645586518
2025-03-22 17:02:22.075,9.148446140120454
2025-03-22 17:02:22.075,8.539013060820817
2025-03-22 17:02:22.075,-2.0245832192063746
2025-03-22 17:02:22.085,-11.108456048113185
2025-03-22 17:02:22.085,-8.204910696735041
2025-03-22 17:02:22.085,3.2778479897173565
2025-03-22 17:02:22.085,10.097535214091716
2025-03-22 17:02:22.085,5.170801435584373
2025-03-22 17:02:22.095,-4.559393497804947
2025-03-22 17:02:22.095,-7.464229450294378
2025-03-22 17:02:22.095,-1.2407279901347565
2025-03-22 17:02:22.095,5.546074589166046
2025-03-22 17:02:22.095,4.859559294135073
2025-03-22 17:02:22.105,-1.5098634537719098
2025-03-22 17:02:22.105,-5.434543669054756
2025-03-22 17:02:22.105,-2.8590854801457746
2025-03-22 17:02:22.105,2.1297855068993043
2025-03-22 17:02:22.105,3.520572485556065
2025-03-22 17:02:22.115,0.9790982443715042
2025-03-22 17:02:22.115,-0.819166298681515
2025-03-22 17:02:22.115,0.5095818288607545
2025-03-22 17:02:22.115,1.5327203923892823
2025-03-22 17:02:22.115,-1.5689840110255249
2025-03-22 17:02:22.125,-6.159335297322661
2025-03-22 17:02:22.125,-5.225066085268858
2025-03-22 17:02:22.125,3.178177291768661
2025-03-22 17:02:22.125,11.428073928892905
2025-03-22 17:02:22.125,9.796282146995903
2025-03-22 17:02:22.133,-2.0667055105844994
2025-03-22 17:02:22.133,-13.326600512975036
2025-03-22 17:02:22.134,-12.884705793299485
2025-03-22 17:02:22.134,-1.239374725501151
2025-03-22 17:02:22.143,10.15219631490831
2025-03-22 17:02:22.143,11.304818654984661
2025-03-22 17:02:22.143,3.577079241269093
2025-03-22 17:02:22.143,-3.7907412076312337
2025-03-22 17:02:22.144,-4.9073404317276035
2025-03-22 17:02:22.153,-2.3027049572274176
2025-03-22 17:02:22.153,-1.250142072180052
2025-03-22 17:02:22.153,-2.3389816616592656
2025-03-22 17:02:22.153,-1.836331001925792
2025-03-22 17:02:22.153,1.9753449421934768
2025-03-22 17:02:22.163,5.749566372624003
2025-03-22 17:02:22.163,5.246795970108279
2025-03-22 17:02:22.163,0.741725421215566
2025-03-22 17:02:22.163,-3.561887159741621
2025-03-22 17:02:22.163,-4.8363213270885455
2025-03-22 17:02:22.171,-4.051708605140635
2025-03-22 17:02:22.171,-2.618827010614755
2025-03-22 17:02:22.172,0.591951579533883
2025-03-22 17:02:22.172,6.153919679648695
2025-03-22 17:02:22.172,9.653054224508358
2025-03-22 17:02:22.181,4.954513186999304
2025-03-22 17:02:22.181,-6.704521623734429
2025-03-22 17:02:22.181,-14.671434140763127
2025-03-22 17:02:22.182,-9.491102342168379
2025-03-22 17:02:22.189,5.532622524117827
2025-03-22 17:02:22.189,16.376728006632117
2025-03-22 17:02:22.190,12.399914708041493
2025-03-22 17:02:22.190,-2.879299370696325
2025-03-22 17:02:22.190,-15.281939629684286
2025-03-22 17:02:22.199,-13.565550150009692
2025-03-22 17:02:22.199,0.1762846537238436
2025-03-22 17:02:22.199,12.787830292645213
2025-03-22 17:02:22.200,12.685547659050323
2025-03-22 17:02:22.207,0.8961639305507485
2025-03-22 17:02:22.207,-10.310144651369287
2025-03-22 17:02:22.207,-10.027891920377465
2025-03-22 17:02:22.208,0.2538417565757025
2025-03-22 17:02:22.208,8.751070457140802
2025-03-22 17:02:22.217,6.375139806377571
2025-03-22 17:02:22.217,-3.3806090804271363
2025-03-22 17:02:22.218,-8.485270002198263
2025-03-22 17:02:22.218,-2.2279487144480155
2025-03-22 17:02:22.227,8.339551178468987
2025-03-22 17:02:22.227,9.714459976007664
2025-03-22 17:02:22.227,-1.9448477611259927
2025-03-22 17:02:22.227,-14.481479977652144
2025-03-22 17:02:22.227,-12.401689037521935
2025-03-22 17:02:22.235,4.654793149796749
2025-03-22 17:02:22.235,19.569914242414907
2025-03-22 17:02:22.235,15.742519702924474
2025-03-22 17:02:22.236,-4.297807864995564
2025-03-22 17:02:22.245,-20.778312485699132
2025-03-22 17:02:22.245,-17.431211249712295
2025-03-22 17:02:22.245,1.5073105887172322
2025-03-22 17:02:22.245,16.637101756269935
2025-03-22 17:02:22.245,14.707199163667243
2025-03-22 17:02:22.255,1.4081263040494467
2025-03-22 17:02:22.255,-8.139450907167237
2025-03-22 17:02:22.255,-7.535656553182866
2025-03-22 17:02:22.255,-3.051943776173376
2025-03-22 17:02:22.255,-1.4280569122047877
2025-03-22 17:02:22.265,-0.8318166471574477
2025-03-22 17:02:22.265,3.2506941397326545
2025-03-22 17:02:22.265,8.36398667996725
2025-03-22 17:02:22.265,7.113313718211134
2025-03-22 17:02:22.265,-2.0240801283349805
2025-03-22 17:02:22.273,-10.770533234360915
2025-03-22 17:02:22.273,-9.953914819628777
2025-03-22 17:02:22.273,-0.17352121313222502
2025-03-22 17:02:22.274,8.826343381781879
2025-03-22 17:02:22.283,9.013290240312038
2025-03-22 17:02:22.283,2.1158695793697038
2025-03-22 17:02:22.283,-3.903818130568279
2025-03-22 17:02:22.283,-4.4602353383674505
2025-03-22 17:02:22.283,-2.2011522435573823
2025-03-22 17:02:22.293,-1.6456536182525923
2025-03-22 17:02:22.293,-2.5602519044019534
2025-03-22 17:02:22.293,-0.7159029594269679
2025-03-22 17:02:22.293,5.137300099818048
2025-03-22 17:02:22.293,9.514138517908146
2025-03-22 17:02:22.301,5.739079325987779
2025-03-22 17:02:22.301,-5.026025393307872
2025-03-22 17:02:22.301,-12.976691886991471
2025-03-22 17:02:22.302,-9.688285899924477
2025-03-22 17:02:22.311,2.1814025732028286
2025-03-22 17:02:22.311,11.221802921951335
2025-03-22 17:02:22.311,9.373799975068728
2025-03-22 17:02:22.312,0.14067435901009506
2025-03-22 17:02:22.312,-6.151474630858255
2025-03-22 17:02:22.321,-4.21124652093169
2025-03-22 17:02:22.321,1.0509269564014116
2025-03-22 17:02:22.321,1.6921157104232671
2025-03-22 17:02:22.321,-2.960875101143684
2025-03-22 17:02:22.322,-5.655357223638252
2025-03-22 17:02:22.331,-0.7741969637050008
2025-03-22 17:02:22.331,7.923936073513839
2025-03-22 17:02:22.331,10.876784442244814
2025-03-22 17:02:22.331,3.4211205947750534
2025-03-22 17:02:22.332,-8.468329740186983
2025-03-22 17:02:22.341,-13.614513409983765
2025-03-22 17:02:22.341,-6.736510816006136
2025-03-22 17:02:22.341,5.889636146367039
2025-03-22 17:02:22.341,12.305029771865492
2025-03-22 17:02:22.341,7.039199667556793
2025-03-22 17:02:22.349,-3.214139034770886
2025-03-22 17:02:22.349,-7.444114559154548
2025-03-22 17:02:22.350,-3.0481608172498236
2025-03-22 17:02:22.350,2.1919691831011585
2025-03-22 17:02:22.350,1.2803147454671469
2025-03-22 17:02:22.359,-2.8485012197376696
2025-03-22 17:02:22.359,-2.501567346488772
2025-03-22 17:02:22.360,3.187722462987728
2025-03-22 17:02:22.360,6.8563574357129005
2025-03-22 17:02:22.360,3.1806691647370817
2025-03-22 17:02:22.369,-4.022316354008617
2025-03-22 17:02:22.369,-7.076271524458498
2025-03-22 17:02:22.369,-3.73043526999414
2025-03-22 17:02:22.370,1.6885973532215697
2025-03-22 17:02:22.379,4.521739393398301
2025-03-22 17:02:22.379,3.9395956423381664
2025-03-22 17:02:22.379,1.470797757352307
2025-03-22 17:02:22.379,-1.438984674210265
2025-03-22 17:02:22.380,-3.5159155688068635
2025-03-22 17:02:22.389,-3.390204292205948
2025-03-22 17:02:22.389,-0.7929855077764453
2025-03-22 17:02:22.389,2.5212497742806654
2025-03-22 17:02:22.390,3.959170980620182
2025-03-22 17:02:22.390,2.2829586675502807
2025-03-22 17:02:22.399,-1.3534753116470872
2025-03-22 17:02:22.399,-4.187600815715334
2025-03-22 17:02:22.399,-3.790917660301628
2025-03-22 17:02:22.400,-0.10024444489513748
2025-03-22 17:02:22.400,4.042520172410559
2025-03-22 17:02:22.409,5.062989943144583
2025-03-22 17:02:22.409,2.0846556214887304
2025-03-22 17:02:22.409,-2.1706011749247263
2025-03-22 17:02:22.410,-4.397770620867583
2025-03-22 17:02:22.410,-3.886377209174797
2025-03-22 17:02:22.419,-1.8885550233212154
2025-03-22 17:02:22.419,0.9397224033343413
2025-03-22 17:02:22.419,4.350334446003138
2025-03-22 17:02:22.419,6.219905655150062
2025-03-22 17:02:22.420,3.4788326063415345
2025-03-22 17:02:22.429,-3.267968515991729
2025-03-22 17:02:22.429,-8.238581050422656
2025-03-22 17:02:22.429,-6.068655797702282
2025-03-22 17:02:22.429,1.6384773158377501
2025-03-22 17:02:22.430,7.409450109111944
2025-03-22 17:02:22.439,5.872055633594364
2025-03-22 17:02:22.439,-0.7009812627784378
2025-03-22 17:02:22.439,-5.3767887313411356
2025-03-22 17:02:22.439,-4.113784305043356
2025-03-22 17:02:22.440,0.6815296343130359
2025-03-22 17:02:22.449,3.7654403891996493
2025-03-22 17:02:22.449,2.7563314208064593
2025-03-22 17:02:22.449,-0.4918509808947223
2025-03-22 17:02:22.449,-2.9436773675349386
2025-03-22 17:02:22.449,-3.077600382789804
2025-03-22 17:02:22.459,-0.9308500363730094
2025-03-22 17:02:22.459,2.421961086879967
2025-03-22 17:02:22.459,4.699337209546239
2025-03-22 17:02:22.459,3.4186829294834693
2025-03-22 17:02:22.460,-1.3416538578686936
2025-03-22 17:02:22.469,-5.807050170426394
2025-03-22 17:02:22.469,-5.708008725862862
2025-03-22 17:02:22.469,-0.84368087662075
2025-03-22 17:02:22.469,4.553835669677909
2025-03-22 17:02:22.469,6.2268747529119866
2025-03-22 17:02:22.479,3.6720509896272704
2025-03-22 17:02:22.479,-0.6535759983240734
2025-03-22 17:02:22.479,-4.290589444197995
2025-03-22 17:02:22.479,-5.779667273897745
2025-03-22 17:02:22.479,-4.084855470422476
2025-03-22 17:02:22.489,0.6897188079009486
2025-03-22 17:02:22.489,5.821849907680378
2025-03-22 17:02:22.489,7.115378284928358
2025-03-22 17:02:22.489,2.8821484521729506
2025-03-22 17:02:22.489,-3.6744252964281094
2025-03-22 17:02:22.499,-7.058475692314739
2025-03-22 17:02:22.499,-4.684553119192673
2025-03-22 17:02:22.499,0.8099944147598659
2025-03-22 17:02:22.499,4.456965828707818
2025-03-22 17:02:22.499,3.8364139370571766
2025-03-22 17:02:22.507,0.866989421502645
2025-03-22 17:02:22.507,-1.059345376413754
2025-03-22 17:02:22.507,-1.0188720929675095
2025-03-22 17:02:22.508,-0.8327254387099842
2025-03-22 17:02:22.517,-1.6146466416120397
2025-03-22 17:02:22.517,-1.7230213485708983
2025-03-22 17:02:22.517,0.4672229488870074
2025-03-22 17:02:22.518,2.975290008758636
2025-03-22 17:02:22.518,2.137604902477284
2025-03-22 17:02:22.527,-1.6016877132430252
2025-03-22 17:02:22.527,-2.9938903927517906
2025-03-22 17:02:22.527,0.7708980100992062
2025-03-22 17:02:22.527,4.698037461674192
2025-03-22 17:02:22.528,1.8718255136381525
2025-03-22 17:02:22.537,-5.958308677467543
2025-03-22 17:02:22.537,-8.586989713834722
2025-03-22 17:02:22.537,-0.3579192430925075
2025-03-22 17:02:22.537,10.794737842022629
2025-03-22 17:02:22.537,11.617053268531754
2025-03-22 17:02:22.545,-0.24084841465398965
2025-03-22 17:02:22.545,-12.60078327236935
2025-03-22 17:02:22.545,-12.533331248211468
2025-03-22 17:02:22.546,-0.7037947169203441
2025-03-22 17:02:22.555,10.353835647578064
2025-03-22 17:02:22.555,10.608510391263753
2025-03-22 17:02:22.555,2.2081554750201575
2025-03-22 17:02:22.555,-5.216187031729467
2025-03-22 17:02:22.556,-5.9352172206981395
2025-03-22 17:02:22.565,-2.5838843972445833
2025-03-22 17:02:22.565,-0.3977773898623109
2025-03-22 17:02:22.565,-0.20014269108139493
2025-03-22 17:02:22.565,1.0555054339359544
2025-03-22 17:02:22.565,4.218451646495483
2025-03-22 17:02:22.573,5.5236287999005
2025-03-22 17:02:22.573,1.5533857188301452
2025-03-22 17:02:22.574,-5.153191463308515
2025-03-22 17:02:22.574,-7.9127851592280605
2025-03-22 17:02:22.574,-3.511138834788244
2025-03-22 17:02:22.583,3.7944866835037057
2025-03-22 17:02:22.584,6.915598225640597
2025-03-22 17:02:22.584,3.5898783921486954
2025-03-22 17:02:22.584,-1.8693363124658502
2025-03-22 17:02:22.584,-4.042486549081128
2025-03-22 17:02:22.595,-2.0441375696921695
2025-03-22 17:02:22.595,0.7788752881602112
2025-03-22 17:02:22.595,1.4391231559211062
2025-03-22 17:02:22.595,0.21984995693239442
2025-03-22 17:02:22.595,-0.7114800445909347
2025-03-22 17:02:22.603,-0.256042031701105
2025-03-22 17:02:22.603,0.7236238987092092
2025-03-22 17:02:22.604,0.9336706962757068
2025-03-22 17:02:22.604,0.2147375567219942
2025-03-22 17:02:22.604,-0.6044674389032225
2025-03-22 17:02:22.615,-0.8353409054391555
2025-03-22 17:02:22.615,-0.44264732420628655
2025-03-22 17:02:22.615,0.21982308680007198
2025-03-22 17:02:22.615,0.6246847922098375
2025-03-22 17:02:22.616,0.2711237382394954
2025-03-22 17:02:22.625,-0.6360229741390027
2025-03-22 17:02:22.625,-0.852415285818135
2025-03-22 17:02:22.625,0.5814900110303066
2025-03-22 17:02:22.625,2.4067057158312672
2025-03-22 17:02:22.626,1.7362746935666833
2025-03-22 17:02:22.633,-2.176257707798203
2025-03-22 17:02:22.634,-5.448882439713786
2025-03-22 17:02:22.634,-3.0814250740105718
2025-03-22 17:02:22.634,4.205963711832613
2025-03-22 17:02:22.643,8.80545781285095
2025-03-22 17:02:22.643,4.39337753976306
2025-03-22 17:02:22.643,-5.542079936989937
2025-03-22 17:02:22.643,-10.46876870240824
2025-03-22 17:02:22.644,-4.917182850611329
2025-03-22 17:02:22.653,4.918883081117864
2025-03-22 17:02:22.653,8.673991230468491
2025-03-22 17:02:22.653,3.8756980301372987
2025-03-22 17:02:22.653,-2.5088033420536133
2025-03-22 17:02:22.654,-3.8088326399124934
2025-03-22 17:02:22.663,-1.1709631737179038
2025-03-22 17:02:22.663,0.0482691685913183
2025-03-22 17:02:22.663,-1.557850138209024
2025-03-22 17:02:22.663,-2.1653993577956654
2025-03-22 17:02:22.664,0.9326855220296254
2025-03-22 17:02:22.673,4.841214367532528
2025-03-22 17:02:22.673,4.547072633940835
2025-03-22 17:02:22.673,-0.4986204213801414
2025-03-22 17:02:22.673,-5.31716260613228
2025-03-22 17:02:22.674,-5.047739551178833
2025-03-22 17:02:22.683,-0.25961825609926287
2025-03-22 17:02:22.683,4.071101224349151
2025-03-22 17:02:22.683,4.062193440358146
2025-03-22 17:02:22.683,0.49567066006308674
2025-03-22 17:02:22.684,-2.737143405406648
2025-03-22 17:02:22.693,-2.7452752704490764
2025-03-22 17:02:22.693,-0.026299777753973547
2025-03-22 17:02:22.693,2.4539485706798687
2025-03-22 17:02:22.693,2.090918108914391
2025-03-22 17:02:22.694,-0.9446360038683795
2025-03-22 17:02:22.703,-3.5844520373133193
2025-03-22 17:02:22.703,-2.5676319106780414
2025-03-22 17:02:22.703,1.9737691100681007
2025-03-22 17:02:22.703,5.769119778706628
2025-03-22 17:02:22.704,4.224620029637081
2025-03-22 17:02:22.711,-2.4078662051122564
2025-03-22 17:02:22.712,-8.144765041990135
2025-03-22 17:02:22.712,-6.640345791758016
2025-03-22 17:02:22.712,1.8935034556273282
2025-03-22 17:02:22.721,9.684144935072243
2025-03-22 17:02:22.721,8.651164557268068
2025-03-22 17:02:22.721,-0.8469694962297913
2025-03-22 17:02:22.721,-9.613145713642433
2025-03-22 17:02:22.722,-8.998812071402908
2025-03-22 17:02:22.731,-0.030412234111751424
2025-03-22 17:02:22.731,8.014128142228293
2025-03-22 17:02:22.731,7.670908226429823
2025-03-22 17:02:22.731,0.4750118041267646
2025-03-22 17:02:22.731,-5.855490510078662
2025-03-22 17:02:22.741,-5.7491049311995965
2025-03-22 17:02:22.741,-0.5161307370203183
2025-03-22 17:02:22.741,4.112511525382171
2025-03-22 17:02:22.741,3.945904690608348
2025-03-22 17:02:22.742,-0.026889198518788737
2025-03-22 17:02:22.751,-3.197625751192663
2025-03-22 17:02:22.751,-2.2598500384470794
2025-03-22 17:02:22.751,1.3841389010724494
2025-03-22 17:02:22.751,3.223269012984462
2025-03-22 17:02:22.751,0.7134325253954927
2025-03-22 17:02:22.761,-3.5211328570720344
2025-03-22 17:02:22.761,-4.184161681097335
2025-03-22 17:02:22.761,0.5632233395469759
2025-03-22 17:02:22.761,6.065454371985863
2025-03-22 17:02:22.761,5.657247267752429
2025-03-22 17:02:22.769,-1.4209949388269258
2025-03-22 17:02:22.770,-8.085239313748012
2025-03-22 17:02:22.770,-6.839161766713958
2025-03-22 17:02:22.770,1.5385835373570755
2025-03-22 17:02:22.770,8.484020031154058
2025-03-22 17:02:22.779,7.02249596851173
2025-03-22 17:02:22.779,-0.8405249447665509
2025-03-22 17:02:22.780,-6.91821838986746
2025-03-22 17:02:22.780,-5.913441389830023
2025-03-22 17:02:22.789,-0.23443908946210723
2025-03-22 17:02:22.789,3.9532604813085723
2025-03-22 17:02:22.789,3.6806757198402273
2025-03-22 17:02:22.789,1.1000601052200398
2025-03-22 17:02:22.790,-0.5433774695173806
2025-03-22 17:02:22.790,-0.8671101142020803
2025-03-22 17:02:22.799,-1.4734872889406028
2025-03-22 17:02:22.800,-2.4228754769581036
2025-03-22 17:02:22.800,-1.6465557112628997
2025-03-22 17:02:22.800,1.6101733425288507
2025-03-22 17:02:22.800,4.4264596094710855
2025-03-22 17:02:22.809,3.081697805867025
2025-03-22 17:02:22.809,-1.9446904958365718
2025-03-22 17:02:22.810,-5.548160040174703
2025-03-22 17:02:22.810,-3.4662205512779902
2025-03-22 17:02:22.819,2.561883417890682
2025-03-22 17:02:22.819,6.216373604415857
2025-03-22 17:02:22.819,3.372786902427149
2025-03-22 17:02:22.820,-3.2281265975788602
2025-03-22 17:02:22.820,-6.689327942529027
2025-03-22 17:02:22.829,-3.2184513713750253
2025-03-22 17:02:22.829,3.787920834172259
2025-03-22 17:02:22.829,7.104819565090078
2025-03-22 17:02:22.830,3.0860164958728986
2025-03-22 17:02:22.830,-4.338343440959236
2025-03-22 17:02:22.839,-7.4069393073768515
2025-03-22 17:02:22.839,-2.698797879390934
2025-03-22 17:02:22.839,4.834708995239862
2025-03-22 17:02:22.840,7.027442988530115
2025-03-22 17:02:22.840,1.6646360984723623
2025-03-22 17:02:22.849,-4.965582097736195
2025-03-22 17:02:22.849,-5.481621095175084
2025-03-22 17:02:22.849,0.018009829142153322
2025-03-22 17:02:22.849,4.597451868576697
2025-03-22 17:02:22.850,3.190302659339822
2025-03-22 17:02:22.859,-1.6869663018922538
2025-03-22 17:02:22.859,-3.8484523276925025
2025-03-22 17:02:22.859,-1.2133272220463505
2025-03-22 17:02:22.859,2.3905304395091447
2025-03-22 17:02:22.860,2.711030381489435
2025-03-22 17:02:22.869,0.140984511573221
2025-03-22 17:02:22.869,-1.6897544870398276
2025-03-22 17:02:22.869,-1.0000073620818608
2025-03-22 17:02:22.869,0.3564899082414792
2025-03-22 17:02:22.870,0.15486984892764363
2025-03-22 17:02:22.879,-1.0004833645764148
2025-03-22 17:02:22.879,-0.8868014600703606
2025-03-22 17:02:22.879,0.9198350104034565
2025-03-22 17:02:22.880,2.3627220698051694
2025-03-22 17:02:22.880,1.6127770204641159
2025-03-22 17:02:22.889,-0.6895249146029672
2025-03-22 17:02:22.889,-2.3510114009104783
2025-03-22 17:02:22.889,-2.1173232193985045
2025-03-22 17:02:22.889,-0.6059413387056787
2025-03-22 17:02:22.890,0.9623251155877199
2025-03-22 17:02:22.899,2.0608487424998727
2025-03-22 17:02:22.899,2.4739751178582283
2025-03-22 17:02:22.899,1.4197808679355743
2025-03-22 17:02:22.899,-1.6008278898932555
2025-03-22 17:02:22.900,-4.828570492189117
2025-03-22 17:02:22.909,-4.5886941290547885
2025-03-22 17:02:22.909,0.7368877316910689
2025-03-22 17:02:22.909,7.298227073427799
2025-03-22 17:02:22.909,8.281142792936642
2025-03-22 17:02:22.910,1.131173077536535
2025-03-22 17:02:22.918,-8.490128305769495
2025-03-22 17:02:22.918,-11.469873169347583
2025-03-22 17:02:22.918,-4.318405314046552
2025-03-22 17:02:22.918,7.042963483701775
2025-03-22 17:02:22.918,12.670746246911815
2025-03-22 17:02:22.927,7.652617303286547
2025-03-22 17:02:22.927,-3.5866390625526035
2025-03-22 17:02:22.928,-11.232737211850981
2025-03-22 17:02:22.928,-8.824349063978136
2025-03-22 17:02:22.937,0.735745978605221
2025-03-22 17:02:22.937,7.924502976992846
2025-03-22 17:02:22.937,6.350035107818684
2025-03-22 17:02:22.938,-0.5507787308508796
2025-03-22 17:02:22.938,-4.071659347053306
2025-03-22 17:02:22.947,-1.0903333400930895
2025-03-22 17:02:22.947,2.524733371089547
2025-03-22 17:02:22.947,0.5896255308160911
2025-03-22 17:02:22.948,-4.392499899297606
2025-03-22 17:02:22.948,-4.525907593908735
2025-03-22 17:02:22.957,2.126252289707164
2025-03-22 17:02:22.957,7.85744030528582
2025-03-22 17:02:22.957,4.934964104955043
2025-03-22 17:02:22.958,-3.9568611446287316
2025-03-22 17:02:22.958,-8.486249853631662
2025-03-22 17:02:22.967,-3.4553202553047404
2025-03-22 17:02:22.967,4.811224782624424
2025-03-22 17:02:22.967,6.5951535040066505
2025-03-22 17:02:22.967,0.7685753458036887
2025-03-22 17:02:22.968,-4.626835236535808
2025-03-22 17:02:22.977,-3.2242648860952063
2025-03-22 17:02:22.977,1.9678227013916356
2025-03-22 17:02:22.977,3.5607660542235133
2025-03-22 17:02:22.977,-0.11205668531568802
2025-03-22 17:02:22.978,-3.475303498655107
2025-03-22 17:02:22.987,-1.9747550154043727
2025-03-22 17:02:22.987,1.9277943862626867
2025-03-22 17:02:22.987,2.9251694385324014
2025-03-22 17:02:22.987,0.3694643830260551
2025-03-22 17:02:22.987,-1.633148477379506
2025-03-22 17:02:22.997,-0.6870814836281136
2025-03-22 17:02:22.997,0.8782105587247006
2025-03-22 17:02:22.997,0.22879668778659357
2025-03-22 17:02:22.997,-1.6567924952476818
2025-03-22 17:02:22.998,-1.8376003614847112
2025-03-22 17:02:23.007,0.19643305097047575
2025-03-22 17:02:23.007,2.2527161097146995
2025-03-22 17:02:23.007,2.691939943640045
2025-03-22 17:02:23.007,1.7256865225839886
2025-03-22 17:02:23.008,-0.22043962401491238
2025-03-22 17:02:23.015,-3.036870286198482
2025-03-22 17:02:23.016,-5.225137762538019
2025-03-22 17:02:23.016,-3.859728604462061
2025-03-22 17:02:23.016,1.9007828054886864
2025-03-22 17:02:23.016,8.043243862096492
2025-03-22 17:02:23.025,8.439497711186515
2025-03-22 17:02:23.025,1.2247882478806231
2025-03-22 17:02:23.025,-8.195568163006438
2025-03-22 17:02:23.026,-11.523410161457274
2025-03-22 17:02:23.035,-5.423710693327999
2025-03-22 17:02:23.035,5.095654136419869
2025-03-22 17:02:23.035,11.302050076739683
2025-03-22 17:02:23.035,8.626582824682044
2025-03-22 17:02:23.036,0.06684185049648844
2025-03-22 17:02:23.043,-7.412948211368886
2025-03-22 17:02:23.044,-8.958686803938528
2025-03-22 17:02:23.044,-4.718279722781871
2025-03-22 17:02:23.044,1.6241904955751256
2025-03-22 17:02:23.044,6.029289345212162
2025-03-22 17:02:23.053,6.440573337631802
2025-03-22 17:02:23.054,3.3698481047128457
2025-03-22 17:02:23.054,-1.1120813868470358
2025-03-22 17:02:23.054,-4.8401850017893455
2025-03-22 17:02:23.054,-6.081931743604081
2025-03-22 17:02:23.063,-3.594055042562179
2025-03-22 17:02:23.063,2.0395878231547004
2025-03-22 17:02:23.064,6.888906476098437
2025-03-22 17:02:23.064,5.9673950556335305
2025-03-22 17:02:23.064,-0.8800061951750371
2025-03-22 17:02:23.073,-6.90469094703845
2025-03-22 17:02:23.074,-5.257925560866203
2025-03-22 17:02:23.074,2.3275199612947075
2025-03-22 17:02:23.074,6.791177318114284
2025-03-22 17:02:23.074,2.741880811818713
2025-03-22 17:02:23.083,-4.672953904264683
2025-03-22 17:02:23.083,-6.304345443807736
2025-03-22 17:02:23.084,-0.5125759882739633
2025-03-22 17:02:23.084,5.312130988496067
2025-03-22 17:02:23.093,4.6135263440490935
2025-03-22 17:02:23.093,-0.490235239656759
2025-03-22 17:02:23.094,-3.156098926029462
2025-03-22 17:02:23.094,-1.2352796468747207
2025-03-22 17:02:23.094,0.7770999366306803
2025-03-22 17:02:23.103,-0.7752887160100922
2025-03-22 17:02:23.103,-2.9635219655178093
2025-03-22 17:02:23.103,-0.7646049010935363
2025-03-22 17:02:23.104,4.572485306369548
2025-03-22 17:02:23.104,5.9025583918258
2025-03-22 17:02:23.113,-0.04812672070056084
2025-03-22 17:02:23.113,-6.923617104957932
2025-03-22 17:02:23.113,-6.068563104551989
2025-03-22 17:02:23.114,1.985140494988857
2025-03-22 17:02:23.114,7.540592538228019
2025-03-22 17:02:23.123,3.9341516062691047
2025-03-22 17:02:23.123,-4.058517234881449
2025-03-22 17:02:23.123,-6.623965870532729
2025-03-22 17:02:23.124,-1.3108880047758271
2025-03-22 17:02:23.124,4.749094065245863
2025-03-22 17:02:23.133,4.60812871819373
2025-03-22 17:02:23.133,-0.33862852770452073
2025-03-22 17:02:23.133,-3.5774326198566073
2025-03-22 17:02:23.133,-2.1594362862914274
2025-03-22 17:02:23.134,0.7833259334126482
2025-03-22 17:02:23.143,1.3878349626662145
2025-03-22 17:02:23.143,-0.09531325446241037
2025-03-22 17:02:23.143,-0.7661824907974045
2025-03-22 17:02:23.143,0.5016854330925818
2025-03-22 17:02:23.143,1.809880063644734
2025-03-22 17:02:23.151,1.035567802173894
2025-03-22 17:02:23.151,-1.3424282709639437
2025-03-22 17:02:23.152,-2.727892224400687
2025-03-22 17:02:23.152,-1.445133446480769
2025-03-22 17:02:23.161,1.2648987421413924
2025-03-22 17:02:23.161,2.6414517432076035
2025-03-22 17:02:23.161,1.479485360753131
2025-03-22 17:02:23.162,-0.7879958591034505
2025-03-22 17:02:23.162,-1.9420195805070262
2025-03-22 17:02:23.171,-1.2070414555600566
2025-03-22 17:02:23.171,0.42051207106584026
2025-03-22 17:02:23.172,1.4015615727378519
2025-03-22 17:02:23.172,0.9650369315321321
2025-03-22 17:02:23.172,-0.3670659873505946
2025-03-22 17:02:23.181,-1.2728346524000071
2025-03-22 17:02:23.181,-0.8427016579659597
2025-03-22 17:02:23.182,0.49952763140926715
2025-03-22 17:02:23.182,1.3538787514366508
2025-03-22 17:02:23.182,0.7551109769610137
2025-03-22 17:02:23.191,-0.7555585950006718
2025-03-22 17:02:23.191,-1.5530060077471477
2025-03-22 17:02:23.192,-0.5648015517127045
2025-03-22 17:02:23.192,1.3941409959744335
2025-03-22 17:02:23.192,2.0750998291772307
2025-03-22 17:02:23.201,0.10644603021965697
2025-03-22 17:02:23.201,-2.889347169735665
2025-03-22 17:02:23.201,-3.247736316638236
2025-03-22 17:02:23.202,0.5959259391222039
2025-03-22 17:02:23.202,5.217480840012539
2025-03-22 17:02:23.211,5.081059961229805
2025-03-22 17:02:23.211,-0.9496538548150337
2025-03-22 17:02:23.211,-7.223813880061319
2025-03-22 17:02:23.212,-6.914969580725019
2025-03-22 17:02:23.212,0.2604779461842926
2025-03-22 17:02:23.221,7.3536979124607935
2025-03-22 17:02:23.221,7.577435571093062
2025-03-22 17:02:23.221,1.2699271833007653
2025-03-22 17:02:23.222,-5.19408904638396
2025-03-22 17:02:23.222,-6.40331820407298
2025-03-22 17:02:23.231,-2.5927198132627796
2025-03-22 17:02:23.231,2.0659536309196986
2025-03-22 17:02:23.231,4.07203149457468
2025-03-22 17:02:23.232,2.914296212903968
2025-03-22 17:02:23.232,0.15653918223140756
2025-03-22 17:02:23.241,-2.189372289354197
2025-03-22 17:02:23.241,-2.4884894804679107
2025-03-22 17:02:23.241,-0.36579618170132516
2025-03-22 17:02:23.242,2.2208874026825582
2025-03-22 17:02:23.242,2.0313305869587013
2025-03-22 17:02:23.251,-1.5543893324174263
2025-03-22 17:02:23.251,-4.3847463684720145
2025-03-22 17:02:23.251,-1.826265989764341
2025-03-22 17:02:23.252,4.490590317947683
2025-03-22 17:02:23.252,7.1398502636056875
2025-03-22 17:02:23.261,1.8893068893201508
2025-03-22 17:02:23.261,-6.129129669349451
2025-03-22 17:02:23.261,-8.115243046791656
2025-03-22 17:02:23.262,-2.2516866057404794
2025-03-22 17:02:23.262,4.655466930540662
2025-03-22 17:02:23.271,6.058973716789806
2025-03-22 17:02:23.271,2.6398612259013388
2025-03-22 17:02:23.271,-0.8083744319836377
2025-03-22 17:02:23.271,-2.106338613115251
2025-03-22 17:02:23.271,-2.444617720002234
2025-03-22 17:02:23.281,-2.4154451096122833
2025-03-22 17:02:23.281,-1.0153429005462897
2025-03-22 17:02:23.281,1.424900904633753
2025-03-22 17:02:23.281,2.5259615338495474
2025-03-22 17:02:23.282,1.2684301985904718
2025-03-22 17:02:23.289,-0.18241293411984066
2025-03-22 17:02:23.290,0.2336429569175809
2025-03-22 17:02:23.290,1.0532795539601196
2025-03-22 17:02:23.290,-0.4885073131891122
2025-03-22 17:02:23.290,-3.5611147471426445
2025-03-22 17:02:23.299,-3.869370028628802
2025-03-22 17:02:23.300,0.4872639418996255
2025-03-22 17:02:23.300,5.442833467750893
2025-03-22 17:02:23.300,5.24663655292803
2025-03-22 17:02:23.300,-0.3894172005727553
2025-03-22 17:02:23.309,-5.480538797973471
2025-03-22 17:02:23.309,-4.626601064214358
2025-03-22 17:02:23.310,0.7899888256500228
2025-03-22 17:02:23.310,4.505561416857727
2025-03-22 17:02:23.319,2.7808701088553796
2025-03-22 17:02:23.319,-1.703948145341022
2025-03-22 17:02:23.320,-3.608523870770781
2025-03-22 17:02:23.320,-1.128109093585466
2025-03-22 17:02:23.320,2.5969073684834334
2025-03-22 17:02:23.329,3.4464436320380596
2025-03-22 17:02:23.329,0.5495179799974369
2025-03-22 17:02:23.329,-3.135528167099443
2025-03-22 17:02:23.330,-3.7315357839314185
2025-03-22 17:02:23.330,-0.3552844976834113
2025-03-22 17:02:23.339,3.4710923088702805
2025-03-22 17:02:23.339,3.301793237810003
2025-03-22 17:02:23.339,-0.7856173084931675
2025-03-22 17:02:23.340,-3.7564687964733103
2025-03-22 17:02:23.340,-1.8056310896706775
2025-03-22 17:02:23.349,2.6645917562661467
2025-03-22 17:02:23.349,4.160646699836821
2025-03-22 17:02:23.349,0.9723698863495331
2025-03-22 17:02:23.349,-3.3820224316167975
2025-03-22 17:02:23.349,-4.912264171464055
2025-03-22 17:02:23.359,-2.831035597599651
2025-03-22 17:02:23.359,1.3859283355617493
2025-03-22 17:02:23.359,5.6865505639082095
2025-03-22 17:02:23.360,7.173774049761234
2025-03-22 17:02:23.360,3.025218902465922
2025-03-22 17:02:23.367,-5.537079357630719
2025-03-22 17:02:23.368,-11.512643543468693
2025-03-22 17:02:23.368,-7.92487983580976
2025-03-22 17:02:23.368,3.676818841742017
2025-03-22 17:02:23.368,12.969087139899743
2025-03-22 17:02:23.377,11.041192337800315
2025-03-22 17:02:23.377,-0.17791869836734842
2025-03-22 17:02:23.378,-10.212225790173555
2025-03-22 17:02:23.378,-10.988958125034967
2025-03-22 17:02:23.387,-3.7889206536931876
2025-03-22 17:02:23.387,4.224191483383505
2025-03-22 17:02:23.388,7.795812051584162
2025-03-22 17:02:23.388,6.6040895474806955
2025-03-22 17:02:23.388,2.5254487719372487
2025-03-22 17:02:23.397,-2.8865835423273873
2025-03-22 17:02:23.397,-7.460679737278246
2025-03-22 17:02:23.398,-7.615040645972627
2025-03-22 17:02:23.398,-1.5395083548715722
2025-03-22 17:02:23.398,6.8322578847120905
2025-03-22 17:02:23.407,9.775454883800538
2025-03-22 17:02:23.407,3.697224444740121
2025-03-22 17:02:23.407,-5.832148254350556
2025-03-22 17:02:23.408,-9.17288957412155
2025-03-22 17:02:23.408,-3.151645492445959
2025-03-22 17:02:23.417,5.254526331495811
2025-03-22 17:02:23.417,6.962149785180976
2025-03-22 17:02:23.417,1.091992587389386
2025-03-22 17:02:23.417,-4.894498680141646
2025-03-22 17:02:23.418,-4.708306659054646
2025-03-22 17:02:23.427,0.12167379485914093
2025-03-22 17:02:23.427,3.901928995637951
2025-03-22 17:02:23.427,3.9223800263945514
2025-03-22 17:02:23.427,1.4785511480989904
2025-03-22 17:02:23.428,-1.8744915875886525
2025-03-22 17:02:23.435,-5.14734767782195
2025-03-22 17:02:23.436,-5.670891417182937
2025-03-22 17:02:23.436,-0.6693770690969824
2025-03-22 17:02:23.436,7.219130011063412
2025-03-22 17:02:23.436,9.86274259821485
2025-03-22 17:02:23.445,2.6886862855695774
2025-03-22 17:02:23.446,-8.080387635817866
2025-03-22 17:02:23.446,-11.23970422127255
2025-03-22 17:02:23.446,-3.4841098221760074
2025-03-22 17:02:23.455,6.870555969347438
2025-03-22 17:02:23.455,9.624839294405602
2025-03-22 17:02:23.455,3.321150843913405
2025-03-22 17:02:23.456,-4.9012216907698685
2025-03-22 17:02:23.456,-7.572531701573199
2025-03-22 17:02:23.465,-3.266714977133584
2025-03-22 17:02:23.465,3.6180328802641633
2025-03-22 17:02:23.465,7.213952217540943
2025-03-22 17:02:23.466,4.604677659496573
2025-03-22 17:02:23.466,-2.234767593813688
2025-03-22 17:02:23.475,-7.92867161092424
2025-03-22 17:02:23.475,-7.697077080227731
2025-03-22 17:02:23.475,-1.1020182418968065
2025-03-22 17:02:23.476,7.283222833846305
2025-03-22 17:02:23.476,10.979438964099565
2025-03-22 17:02:23.483,6.4491421248795096
2025-03-22 17:02:23.483,-3.7294539059349807
2025-03-22 17:02:23.484,-12.017984790463556
2025-03-22 17:02:23.484,-11.40264837629558
2025-03-22 17:02:23.493,-1.5868601764029324
2025-03-22 17:02:23.493,9.725256853107078
2025-03-22 17:02:23.494,12.985928046098305
2025-03-22 17:02:23.494,5.625008846092577
2025-03-22 17:02:23.494,-5.2980663455576895
2025-03-22 17:02:23.503,-10.05335456722101
2025-03-22 17:02:23.503,-5.879074198521577
2025-03-22 17:02:23.504,1.1564352728023963
2025-03-22 17:02:23.504,3.9521343664040764
2025-03-22 17:02:23.504,2.275972426750974
2025-03-22 17:02:23.513,1.1782504887370329
2025-03-22 17:02:23.513,2.732344481873569
2025-03-22 17:02:23.513,2.890807787419821
2025-03-22 17:02:23.513,-1.9119867587596213
2025-03-22 17:02:23.514,-7.827966144615728
2025-03-22 17:02:23.523,-6.992491504936876
2025-03-22 17:02:23.523,2.0628046269946303
2025-03-22 17:02:23.523,10.635064107630283
2025-03-22 17:02:23.523,8.835950957388729
2025-03-22 17:02:23.524,-2.578478036228134
2025-03-22 17:02:23.531,-11.831881030550889
2025-03-22 17:02:23.532,-8.676114163003472
2025-03-22 17:02:23.532,3.847218237345028
2025-03-22 17:02:23.532,12.171905444186947
2025-03-22 17:02:23.532,7.229568275752103
2025-03-22 17:02:23.541,-5.21033102402061
2025-03-22 17:02:23.541,-11.314527021404869
2025-03-22 17:02:23.542,-5.224132824870117
2025-03-22 17:02:23.542,5.092591709249014
2025-03-22 17:02:23.551,8.603753852562418
2025-03-22 17:02:23.551,3.8231409656661106
2025-03-22 17:02:23.551,-2.2426840072397014
2025-03-22 17:02:23.552,-4.532423230586111
2025-03-22 17:02:23.552,-4.166832786209813
2025-03-22 17:02:23.561,-2.959948619633906
2025-03-22 17:02:23.561,0.3700326899955759
2025-03-22 17:02:23.561,5.840263245830006
2025-03-22 17:02:23.562,8.352752408296977
2025-03-22 17:02:23.562,3.0417875640523837
2025-03-22 17:02:23.571,-6.7300575233363595
2025-03-22 17:02:23.571,-11.259078479442646
2025-03-22 17:02:23.571,-5.430963106488864
2025-03-22 17:02:23.571,5.126817283664905
2025-03-22 17:02:23.572,10.358930994471878
2025-03-22 17:02:23.579,6.422662216547076
2025-03-22 17:02:23.580,-1.590406450053636
2025-03-22 17:02:23.580,-6.302759190700065
2025-03-22 17:02:23.580,-5.289284203769441
2025-03-22 17:02:23.580,-1.62462936616643
2025-03-22 17:02:23.589,0.9182430441154313
2025-03-22 17:02:23.590,1.695790056876016
2025-03-22 17:02:23.590,2.392811290648048
2025-03-22 17:02:23.590,3.6341026090232367
2025-03-22 17:02:23.590,3.5074959305861593
2025-03-22 17:02:23.599,-0.06391395375404521
2025-03-22 17:02:23.600,-5.717217933611992
2025-03-22 17:02:23.600,-8.409080368672274
2025-03-22 17:02:23.600,-4.065154340668507
2025-03-22 17:02:23.609,5.113994125644313
2025-03-22 17:02:23.609,11.115333699769975
2025-03-22 17:02:23.609,7.531880876882168
2025-03-22 17:02:23.609,-3.1266897250912584
2025-03-22 17:02:23.610,-10.885413221656972
2025-03-22 17:02:23.619,-8.307500695390491
2025-03-22 17:02:23.619,1.5142505326237323
2025-03-22 17:02:23.620,8.34443261064698
2025-03-22 17:02:23.620,6.026406719860624
2025-03-22 17:02:23.620,-1.3436684413099962
2025-03-22 17:02:23.629,-5.06129590899608
2025-03-22 17:02:23.629,-1.9982458302015471
2025-03-22 17:02:23.629,2.6614969468847334
2025-03-22 17:02:23.630,2.537913432770493
2025-03-22 17:02:23.630,-2.0573565368426445
2025-03-22 17:02:23.639,-4.682086758411489
2025-03-22 17:02:23.639,-0.8526081868122393
2025-03-22 17:02:23.639,5.764573979002073
2025-03-22 17:02:23.640,6.659232241313595
2025-03-22 17:02:23.640,-1.3216263612184735
2025-03-22 17:02:23.647,-10.280655111968555
2025-03-22 17:02:23.648,-8.641475465765385
2025-03-22 17:02:23.648,4.586888256360594
2025-03-22 17:02:23.648,15.825733581763325
2025-03-22 17:02:23.657,10.956552352821419
2025-03-22 17:02:23.657,-7.296590990454258
2025-03-22 17:02:23.657,-20.226098630936715
2025-03-22 17:02:23.658,-13.272508980839936
2025-03-22 17:02:23.658,7.337206993481235
2025-03-22 17:02:23.665,20.93633030259141
2025-03-22 17:02:23.665,14.489040923266977
2025-03-22 17:02:23.666,-4.49572835910391
2025-03-22 17:02:23.666,-17.346574213909292
2025-03-22 17:02:23.675,-13.672867759102218
2025-03-22 17:02:23.675,0.33012837959786434
2025-03-22 17:02:23.675,10.87901793263684
2025-03-22 17:02:23.676,10.565068872520138
2025-03-22 17:02:23.676,3.0451307508011394
2025-03-22 17:02:23.683,-3.483375459604205
2025-03-22 17:02:23.684,-5.086948608990389
2025-03-22 17:02:23.684,-4.0696366873294325
2025-03-22 17:02:23.684,-3.505803973630006
2025-03-22 17:02:23.693,-2.2521099554823962
2025-03-22 17:02:23.693,2.5127454076271816
2025-03-22 17:02:23.694,8.746623690670248
2025-03-22 17:02:23.694,9.386077230913624
2025-03-22 17:02:23.694,0.8950268333438189
2025-03-22 17:02:23.703,-10.350529700233931
2025-03-22 17:02:23.703,-13.541930884761065
2025-03-22 17:02:23.703,-5.117029464214946
2025-03-22 17:02:23.704,7.375678501275441
2025-03-22 17:02:23.704,13.273834129921328
2025-03-22 17:02:23.713,8.750968499109595
2025-03-22 17:02:23.713,-1.3742352659541763
2025-03-22 17:02:23.713,-9.303587188523528
2025-03-22 17:02:23.714,-10.233681710727158
2025-03-22 17:02:23.714,-4.457170695233402
2025-03-22 17:02:23.723,3.729737826940325
2025-03-22 17:02:23.723,8.785346145117442
2025-03-22 17:02:23.723,7.463250948695155
2025-03-22 17:02:23.723,1.2078880579993831
2025-03-22 17:02:23.724,-4.987983480878575
2025-03-22 17:02:23.733,-6.783659488035505
2025-03-22 17:02:23.733,-3.8761223392184387
2025-03-22 17:02:23.733,0.5423513403004905
2025-03-22 17:02:23.734,3.2019722854284063
2025-03-22 17:02:23.734,3.4008934936444595
2025-03-22 17:02:23.741,2.5658082887124722
2025-03-22 17:02:23.742,1.7246003012529885
2025-03-22 17:02:23.742,0.08967405315659678
2025-03-22 17:02:23.742,-3.204525660059339
2025-03-22 17:02:23.742,-6.290072160889094
2025-03-22 17:02:23.751,-5.161943604116856
2025-03-22 17:02:23.752,1.529664776020241
2025-03-22 17:02:23.752,8.977902916515157
2025-03-22 17:02:23.752,9.629701440211353
2025-03-22 17:02:23.752,1.2769149123248544
2025-03-22 17:02:23.761,-9.150330894316209
2025-03-22 17:02:23.761,-11.60952889870231
2025-03-22 17:02:23.762,-3.381612513792674
2025-03-22 17:02:23.762,7.513769692357648
2025-03-22 17:02:23.771,10.462115591398293
2025-03-22 17:02:23.771,3.4177034162911624
2025-03-22 17:02:23.772,-5.440000236925508
2025-03-22 17:02:23.772,-7.251218479089556
2025-03-22 17:02:23.772,-1.8161649782586062
2025-03-22 17:02:23.781,3.7460490660443067
2025-03-22 17:02:23.781,3.9768077138756404
2025-03-22 17:02:23.781,0.27685602153592015
2025-03-22 17:02:23.782,-2.5023737823641263
2025-03-22 17:02:23.782,-2.0014486304188916
2025-03-22 17:02:23.791,0.22561726452285646
2025-03-22 17:02:23.791,1.5873455060222474
2025-03-22 17:02:23.792,1.1687767854705589
2025-03-22 17:02:23.792,-0.03317435475323083
2025-03-22 17:02:23.792,-0.6157176945052005
2025-03-22 17:02:23.801,-0.3622144778426265
2025-03-22 17:02:23.801,-0.32598294360614033
2025-03-22 17:02:23.802,-1.0680625835612596
2025-03-22 17:02:23.802,-1.2832727611679635
2025-03-22 17:02:23.802,0.650015786893319
2025-03-22 17:02:23.811,3.6293469197322272
2025-03-22 17:02:23.811,3.888214678702931
2025-03-22 17:02:23.811,-0.559901848153943
2025-03-22 17:02:23.811,-6.248854603191622
2025-03-22 17:02:23.812,-6.936431646396241
2025-03-22 17:02:23.821,-0.6027355211915684
2025-03-22 17:02:23.821,7.41507742236782
2025-03-22 17:02:23.821,9.371702962978498
2025-03-22 17:02:23.821,2.955863323193416
2025-03-22 17:02:23.822,-6.27220646387145
2025-03-22 17:02:23.830,-10.070952942317842
2025-03-22 17:02:23.830,-5.136716406087237
2025-03-22 17:02:23.830,3.8487791008235206
2025-03-22 17:02:23.830,8.608763225127571
2025-03-22 17:02:23.830,5.255734617090127
2025-03-22 17:02:23.839,-2.004199505933354
2025-03-22 17:02:23.840,-5.652314107534356
2025-03-22 17:02:23.840,-3.0528236653771694
2025-03-22 17:02:23.840,1.3783656012889605
2025-03-22 17:02:23.840,2.3483394540567226
2025-03-22 17:02:23.849,0.09432175151620181
2025-03-22 17:02:23.850,-1.0578082034501128
2025-03-22 17:02:23.850,0.6525012060810553
2025-03-22 17:02:23.850,2.043054246812644
2025-03-22 17:02:23.859,0.03244272942824231
2025-03-22 17:02:23.859,-3.3006491662648805
2025-03-22 17:02:23.860,-3.09204931259972
2025-03-22 17:02:23.860,1.493283320295916
2025-03-22 17:02:23.860,5.399924252393464
2025-03-22 17:02:23.869,3.6671388001867835
2025-03-22 17:02:23.869,-2.3240369754728936
2025-03-22 17:02:23.870,-6.262854763403991
2025-03-22 17:02:23.870,-4.090566689780739
2025-03-22 17:02:23.870,1.7329288651045616
2025-03-22 17:02:23.879,5.376636109458429
2025-03-22 17:02:23.879,3.925219244959545
2025-03-22 17:02:23.880,-0.2635082598651085
2025-03-22 17:02:23.880,-2.9653640626684794
2025-03-22 17:02:23.880,-2.642183359894008
2025-03-22 17:02:23.889,-1.0080513607378017
2025-03-22 17:02:23.889,0.05118207738406419
2025-03-22 17:02:23.890,0.5409778353412082
2025-03-22 17:02:23.890,1.1470040087614273
2025-03-22 17:02:23.890,1.60411024024104
2025-03-22 17:02:23.899,1.3399099424584455
2025-03-22 17:02:23.899,0.5805479322501909
2025-03-22 17:02:23.899,-0.425207018699792
2025-03-22 17:02:23.900,-2.1378556549798855
2025-03-22 17:02:23.900,-4.0393574026851145
2025-03-22 17:02:23.909,-3.407191824415336
2025-03-22 17:02:23.909,1.5461018712052876
2025-03-22 17:02:23.910,7.474751417106054
2025-03-22 17:02:23.910,7.86658077199222
2025-03-22 17:02:23.910,0.5793013773290656
2025-03-22 17:02:23.919,-8.473679038940721
2025-03-22 17:02:23.919,-10.846231009558254
2025-03-22 17:02:23.919,-4.074246202929501
2025-03-22 17:02:23.920,6.120706539523383
2025-03-22 17:02:23.920,11.318418637046143
2025-03-22 17:02:23.927,7.566479642814077
2025-03-22 17:02:23.928,-1.7386989014661491
2025-03-22 17:02:23.928,-9.003590773756839
2025-03-22 17:02:23.928,-8.9036362408469
2025-03-22 17:02:23.937,-2.5397955075106275
2025-03-22 17:02:23.938,4.50189342160448
2025-03-22 17:02:23.938,7.517308378634094
2025-03-22 17:02:23.938,5.506173192803159
2025-03-22 17:02:23.938,0.15058943514006196
2025-03-22 17:02:23.947,-5.413171170242592
2025-03-22 17:02:23.948,-7.115429975615166
2025-03-22 17:02:23.948,-2.6994916634171235
2025-03-22 17:02:23.948,4.536831657678578
2025-03-22 17:02:23.948,7.429585172254684
2025-03-22 17:02:23.957,2.7271662429803123
2025-03-22 17:02:23.958,-4.451548328330117
2025-03-22 17:02:23.958,-6.288518463995596
2025-03-22 17:02:23.958,-1.3808485687241019
2025-03-22 17:02:23.958,4.148305474674134
2025-03-22 17:02:23.967,4.264684803687429
2025-03-22 17:02:23.967,-0.44671015578863527
2025-03-22 17:02:23.967,-4.27287111113895
2025-03-22 17:02:23.968,-2.8958117966157215
2025-03-22 17:02:23.968,2.311911919795919
2025-03-22 17:02:23.977,5.842189497703636
2025-03-22 17:02:23.977,3.4810331856102508
2025-03-22 17:02:23.978,-3.3397088375034865
2025-03-22 17:02:23.978,-8.325496060243882
2025-03-22 17:02:23.978,-6.0149335169743985
2025-03-22 17:02:23.987,2.5862274622293784
2025-03-22 17:02:23.987,10.091439785483269
2025-03-22 17:02:23.987,9.218495945869666
2025-03-22 17:02:23.987,-0.06443616621472803
2025-03-22 17:02:23.988,-9.832163290069769
2025-03-22 17:02:23.995,-11.277679443445642
2025-03-22 17:02:23.996,-3.099285815471111
2025-03-22 17:02:23.996,7.193533059732224
2025-03-22 17:02:23.996,10.63387943122238
2025-03-22 17:02:23.996,5.315189496239556
2025-03-22 17:02:24.005,-2.7321979138495807
2025-03-22 17:02:24.005,-6.639182171146446
2025-03-22 17:02:24.006,-5.3073407849834835
2025-03-22 17:02:24.006,-2.332855117592647
2025-03-22 17:02:24.015,0.024382833458863676
2025-03-22 17:02:24.015,2.967518457989419
2025-03-22 17:02:24.016,6.667423073507603
2025-03-22 17:02:24.016,6.952056795989647
2025-03-22 17:02:24.016,0.21914981258365024
2025-03-22 17:02:24.025,-9.222926735589144
2025-03-22 17:02:24.025,-11.401811525915308
2025-03-22 17:02:24.025,-2.377640879781664
2025-03-22 17:02:24.026,9.432901434615767
2025-03-22 17:02:24.026,11.906510511381459
2025-03-22 17:02:24.035,2.903152297248244
2025-03-22 17:02:24.035,-7.725518004408107
2025-03-22 17:02:24.036,-9.55468939780246
2025-03-22 17:02:24.036,-2.3097198733690427
2025-03-22 17:02:24.036,5.486815826248231
2025-03-22 17:02:24.044,6.449464485060813
2025-03-22 17:02:24.044,1.2354470155513857
2025-03-22 17:02:24.044,-3.766713334108463
2025-03-22 17:02:24.044,-3.8604419232058196
2025-03-22 17:02:24.044,-0.26793198556134407
2025-03-22 17:02:24.055,2.4502012980937633
2025-03-22 17:02:24.055,1.8456527920396775
2025-03-22 17:02:24.056,-0.35059235973582714
2025-03-22 17:02:24.056,-1.1255829629393201
2025-03-22 17:02:24.056,0.06936328227456652
2025-03-22 17:02:24.063,1.128528885796996
2025-03-22 17:02:24.064,0.2923094391438804
2025-03-22 17:02:24.064,-1.7049939973653871
2025-03-22 17:02:24.064,-2.657945461290185
2025-03-22 17:02:24.064,-1.2176642511955085
2025-03-22 17:02:24.075,2.061264337477489
2025-03-22 17:02:24.075,4.931172504066669
2025-03-22 17:02:24.075,4.348706653313459
2025-03-22 17:02:24.076,-0.9695622893274328
2025-03-22 17:02:24.076,-7.45642940600494
2025-03-22 17:02:24.083,-8.182319536328064
2025-03-22 17:02:24.084,-0.3822162552935065
2025-03-22 17:02:24.084,9.316495767063625
2025-03-22 17:02:24.084,10.612424770938768
2025-03-22 17:02:24.084,1.2279243071690822
2025-03-22 17:02:24.093,-9.659744754572326
2025-03-22 17:02:24.093,-11.064971188947977
2025-03-22 17:02:24.094,-1.8133098650624735
2025-03-22 17:02:24.094,8.675120679371243
2025-03-22 17:02:24.101,10.33269193375872
2025-03-22 17:02:24.102,2.178515473886089
2025-03-22 17:02:24.102,-7.409276770169725
2025-03-22 17:02:24.102,-9.256464269547298
2025-03-22 17:02:24.111,-2.1291905204220756
2025-03-22 17:02:24.111,6.620456500772471
2025-03-22 17:02:24.112,8.595610237783433
2025-03-22 17:02:24.112,2.2380820438431233
2025-03-22 17:02:24.112,-6.308846526884279
2025-03-22 17:02:24.121,-9.13803725804847
2025-03-22 17:02:24.122,-3.396526448116303
2025-03-22 17:02:24.122,6.21113284426845
2025-03-22 17:02:24.122,10.862930801520923
2025-03-22 17:02:24.122,5.247521368117621
2025-03-22 17:02:24.131,-6.308594325965039
2025-03-22 17:02:24.131,-12.420660192727743
2025-03-22 17:02:24.131,-6.059354777413978
2025-03-22 17:02:24.132,6.663536940097499
2025-03-22 17:02:24.132,12.095877062428354
2025-03-22 17:02:24.141,4.491447249466235
2025-03-22 17:02:24.141,-7.042352124080244
2025-03-22 17:02:24.141,-9.38887266729868
2025-03-22 17:02:24.142,-0.9899105378413958
2025-03-22 17:02:24.142,7.118730137103994
2025-03-22 17:02:24.149,5.452024162918105
2025-03-22 17:02:24.150,-2.7503060422048895
2025-03-22 17:02:24.150,-6.6315859550223735
2025-03-22 17:02:24.150,-1.6602484825116122
2025-03-22 17:02:24.150,5.2049872443284935
2025-03-22 17:02:24.159,4.971831226171661
2025-03-22 17:02:24.160,-1.75055088078145
2025-03-22 17:02:24.160,-5.819458108410006
2025-03-22 17:02:24.160,-1.7908301551931218
2025-03-22 17:02:24.169,4.856193858004664
2025-03-22 17:02:24.169,5.109744669754678
2025-03-22 17:02:24.170,-1.57490317764775
2025-03-22 17:02:24.170,-6.752700463640527
2025-03-22 17:02:24.170,-4.150975196436045
2025-03-22 17:02:24.179,2.8010662069595704
2025-03-22 17:02:24.179,6.286385807292786
2025-03-22 17:02:24.180,3.7209195304189717
2025-03-22 17:02:24.180,-0.9241917647999054
2025-03-22 17:02:24.180,-3.5391537292094832
2025-03-22 17:02:24.189,-3.8282223651391494
2025-03-22 17:02:24.189,-2.852164982076931
2025-03-22 17:02:24.189,-0.26753476166076723
2025-03-22 17:02:24.190,3.852972421477253
2025-03-22 17:02:24.190,6.398213240359684
2025-03-22 17:02:24.199,3.6048586496231154
2025-03-22 17:02:24.199,-3.4175082691969014
2025-03-22 17:02:24.200,-8.007266913085509
2025-03-22 17:02:24.200,-4.939301972029613
2025-03-22 17:02:24.200,2.8467156097667132
2025-03-22 17:02:24.209,7.034005838012635
2025-03-22 17:02:24.209,3.6751234491625278
2025-03-22 17:02:24.209,-2.3856763798009606
2025-03-22 17:02:24.209,-4.117854958244642
2025-03-22 17:02:24.210,-0.9808066905332498
2025-03-22 17:02:24.219,1.6722390925937185
2025-03-22 17:02:24.219,0.6487988753956788
2025-03-22 17:02:24.219,-1.2661276046857954
2025-03-22 17:02:24.220,-0.4016768486109598
2025-03-22 17:02:24.220,2.0764958434983387
2025-03-22 17:02:24.229,2.1526467585348903
2025-03-22 17:02:24.229,-0.8719870202238981
2025-03-22 17:02:24.229,-3.266485233695371
2025-03-22 17:02:24.230,-2.0313895126622046
2025-03-22 17:02:24.230,1.2595847508745377
2025-03-22 17:02:24.239,2.816739625877399
2025-03-22 17:02:24.239,1.3734145373718876
2025-03-22 17:02:24.239,-0.8071221379769197
2025-03-22 17:02:24.240,-1.2197989713184432
2025-03-22 17:02:24.240,-0.12658461600630833
2025-03-22 17:02:24.247,0.31022944138033604
2025-03-22 17:02:24.248,-0.7119560635518101
2025-03-22 17:02:24.248,-1.4583653784891992
2025-03-22 17:02:24.248,-0.19786447404964885
2025-03-22 17:02:24.248,2.0693587211480566
2025-03-22 17:02:24.257,2.6241134228377803
2025-03-22 17:02:24.258,0.5230262009390316
2025-03-22 17:02:24.258,-2.1602950485948957
2025-03-22 17:02:24.258,-2.8972291656452147
2025-03-22 17:02:24.267,-1.4385268246835938
2025-03-22 17:02:24.268,0.668070220822594
2025-03-22 17:02:24.268,2.252859615637364
2025-03-22 17:02:24.268,2.9340921937474818
2025-03-22 17:02:24.268,2.0306309988956484
2025-03-22 17:02:24.277,-0.9525496898017608
2025-03-22 17:02:24.277,-4.338194201297486
2025-03-22 17:02:24.278,-4.646554551638707
2025-03-22 17:02:24.278,-0.4796392931452259
2025-03-22 17:02:24.278,4.769385856147699
2025-03-22 17:02:24.287,5.818951690078175
2025-03-22 17:02:24.287,1.3730983482492047
2025-03-22 17:02:24.288,-4.093858103536028
2025-03-22 17:02:24.288,-5.128125085407496
2025-03-22 17:02:24.288,-1.198877155304693
2025-03-22 17:02:24.297,3.053370675117349
2025-03-22 17:02:24.298,3.2289522775906483
2025-03-22 17:02:24.298,-0.11669567944171327
2025-03-22 17:02:24.298,-2.568179587932252
2025-03-22 17:02:24.298,-1.1712902459018077
2025-03-22 17:02:24.307,2.1184936405616073
2025-03-22 17:02:24.307,2.8164375664707055
2025-03-22 17:02:24.307,-0.45721933059858033
2025-03-22 17:02:24.308,-3.84718550463878
2025-03-22 17:02:24.308,-2.8662381695910866
2025-03-22 17:02:24.317,1.5588193488769528
2025-03-22 17:02:24.317,3.8867484348619477
2025-03-22 17:02:24.318,1.4269542679897937
2025-03-22 17:02:24.318,-1.763306430645847
2025-03-22 17:02:24.318,-0.9342067568408801
2025-03-22 17:02:24.327,1.7747530389664736
2025-03-22 17:02:24.327,0.40588158839206695
2025-03-22 17:02:24.328,-4.671399410025489
2025-03-22 17:02:24.328,-5.518815384789169
2025-03-22 17:02:24.328,1.9333726325736202
2025-03-22 17:02:24.335,10.099906050550244
2025-03-22 17:02:24.335,8.346440642939715
2025-03-22 17:02:24.336,-2.860663327433757
2025-03-22 17:02:24.336,-11.76050965461502
2025-03-22 17:02:24.345,-9.418145948916521
2025-03-22 17:02:24.346,0.5143588468353908
2025-03-22 17:02:24.346,7.862675068857822
2025-03-22 17:02:24.346,7.969602247769393
2025-03-22 17:02:24.346,4.168181956815536
2025-03-22 17:02:24.355,0.34997048815488796
2025-03-22 17:02:24.355,-3.7355209647087597
2025-03-22 17:02:24.356,-8.304689310040072
2025-03-22 17:02:24.356,-9.041840215604797
2025-03-22 17:02:24.356,-1.6357030583703724
2025-03-22 17:02:24.363,9.818576096402284
2025-03-22 17:02:24.364,14.060283175972616
2025-03-22 17:02:24.364,5.204005221375932
2025-03-22 17:02:24.364,-8.706288299731073
2025-03-22 17:02:24.373,-13.640394187649223
2025-03-22 17:02:24.373,-5.458243568507082
2025-03-22 17:02:24.374,5.948759200195969
2025-03-22 17:02:24.374,9.048171623464341
2025-03-22 17:02:24.374,3.385522918074729
2025-03-22 17:02:24.383,-2.52606109197547
2025-03-22 17:02:24.383,-3.0586841849170447
2025-03-22 17:02:24.383,-0.8189622966721966
2025-03-22 17:02:24.383,-0.47061568028708556
2025-03-22 17:02:24.384,-1.7057946337085697
2025-03-22 17:02:24.393,-0.9715008905077959
2025-03-22 17:02:24.393,2.116455312217942
2025-03-22 17:02:24.393,3.7095005824064535
2025-03-22 17:02:24.394,1.310319606245488
2025-03-22 17:02:24.394,-2.3822412873790157
2025-03-22 17:02:24.403,-2.9568198820943956
2025-03-22 17:02:24.403,-0.1831629264456807
2025-03-22 17:02:24.403,1.9161058007708
2025-03-22 17:02:24.403,0.7698953096113454
2025-03-22 17:02:24.404,-1.410348413964614
2025-03-22 17:02:24.413,-1.2118846971695219
2025-03-22 17:02:24.413,1.012991327996402
2025-03-22 17:02:24.413,1.998715459396666
2025-03-22 17:02:24.414,0.4859559355157662
2025-03-22 17:02:24.414,-1.2535180203774388
2025-03-22 17:02:24.423,-1.0144774576768112
2025-03-22 17:02:24.423,0.3591946743981542
2025-03-22 17:02:24.423,0.5470404706658978
2025-03-22 17:02:24.424,-0.929358344738406
2025-03-22 17:02:24.424,-2.0092403803038694
2025-03-22 17:02:24.433,-0.5028776944166863
2025-03-22 17:02:24.433,3.0222259088768153
2025-03-22 17:02:24.433,4.862132137237699
2025-03-22 17:02:24.434,1.6888319649340748
2025-03-22 17:02:24.434,-4.71829613931344
2025-03-22 17:02:24.443,-7.673558285010455
2025-03-22 17:02:24.443,-2.7950657273637325
2025-03-22 17:02:24.443,5.5702656081075155
2025-03-22 17:02:24.444,8.207170755285231
2025-03-22 17:02:24.444,2.095169872311179
2025-03-22 17:02:24.453,-5.432777205959437
2025-03-22 17:02:24.453,-5.7019114536856055
2025-03-22 17:02:24.453,0.542379666217752
2025-03-22 17:02:24.454,4.739122103411262
2025-03-22 17:02:24.454,1.9313008832529188
2025-03-22 17:02:24.463,-3.3890499633009585
2025-03-22 17:02:24.463,-4.013753809806978
2025-03-22 17:02:24.464,0.6135175338316449
2025-03-22 17:02:24.464,4.5286990909156595
2025-03-22 17:02:24.464,3.3029928924727643
2025-03-22 17:02:24.473,-1.0945327367243507
2025-03-22 17:02:24.473,-3.69157292796317
2025-03-22 17:02:24.474,-2.4004393755151154
2025-03-22 17:02:24.474,0.6268775466265336
2025-03-22 17:02:24.474,2.2006572279265537
2025-03-22 17:02:24.481,1.2967694737961355
2025-03-22 17:02:24.482,-0.5763048659411927
2025-03-22 17:02:24.482,-1.2722624376207703
2025-03-22 17:02:24.482,-0.17729027124269117
2025-03-22 17:02:24.482,1.2014579913781505
2025-03-22 17:02:24.491,0.9476322794274861
2025-03-22 17:02:24.492,-0.8527317548601792
2025-03-22 17:02:24.492,-1.9542525814854323
2025-03-22 17:02:24.492,-0.6785535546807424
2025-03-22 17:02:24.501,1.7401164231338844
2025-03-22 17:02:24.501,2.416310537172733
2025-03-22 17:02:24.502,0.32085095962006005
2025-03-22 17:02:24.502,-2.3441940213059933
2025-03-22 17:02:24.502,-2.5996036739037383
2025-03-22 17:02:24.511,-0.0423444259798654
2025-03-22 17:02:24.511,2.6453068834717888
2025-03-22 17:02:24.512,2.5356909097717306
2025-03-22 17:02:24.512,-0.29560625779821775
2025-03-22 17:02:24.512,-2.6817292341449512
2025-03-22 17:02:24.521,-1.9521571588529953
2025-03-22 17:02:24.522,0.7884732329665108
2025-03-22 17:02:24.522,2.0757247619587154
2025-03-22 17:02:24.522,0.6996013158708554
2025-03-22 17:02:24.522,-0.8648168048769339
2025-03-22 17:02:24.531,-0.4164088797362347
2025-03-22 17:02:24.531,0.6144760841640692
2025-03-22 17:02:24.532,-0.1898391315879009
2025-03-22 17:02:24.532,-1.7367822722557351
2025-03-22 17:02:24.532,-0.7843182674670925
2025-03-22 17:02:24.541,2.329258920584389
2025-03-22 17:02:24.541,2.9810695489215497
2025-03-22 17:02:24.542,-0.9959361421235681
2025-03-22 17:02:24.542,-4.83849312256455
2025-03-22 17:02:24.542,-2.4709403253619704
2025-03-22 17:02:24.551,4.475443337739644
2025-03-22 17:02:24.551,7.18773283390795
2025-03-22 17:02:24.552,0.6701250912342055
2025-03-22 17:02:24.552,-8.572395870676013
2025-03-22 17:02:24.552,-9.147081033174725
2025-03-22 17:02:24.560,1.2572650209042042
2025-03-22 17:02:24.560,11.791521629957183
2025-03-22 17:02:24.560,10.2798507075351
2025-03-22 17:02:24.560,-2.4661930307943383
2025-03-22 17:02:24.569,-12.932255023318477
2025-03-22 17:02:24.569,-9.929601967922705
2025-03-22 17:02:24.570,2.9049406264270186
2025-03-22 17:02:24.570,11.59386988968282
2025-03-22 17:02:24.570,7.792936940998114
2025-03-22 17:02:24.579,-2.653699757492692
2025-03-22 17:02:24.579,-7.993529140561856
2025-03-22 17:02:24.579,-4.426185776751942
2025-03-22 17:02:24.580,1.4687925672868367
2025-03-22 17:02:24.580,2.877678143258532
2025-03-22 17:02:24.589,0.8352557206273272
2025-03-22 17:02:24.589,0.42359061949068555
2025-03-22 17:02:24.590,2.3393286211196473
2025-03-22 17:02:24.590,2.301568579764066
2025-03-22 17:02:24.590,-1.7186631936111585
2025-03-22 17:02:24.599,-5.669487594095854
2025-03-22 17:02:24.599,-4.576728072676069
2025-03-22 17:02:24.599,0.8631960813856114
2025-03-22 17:02:24.600,5.32454013251748
2025-03-22 17:02:24.600,5.377661097400078
2025-03-22 17:02:24.608,2.350284106012176
2025-03-22 17:02:24.608,-1.0933466938196281
2025-03-22 17:02:24.608,-4.149283918505739
2025-03-22 17:02:24.608,-6.242238211301899
2025-03-22 17:02:24.608,-4.91153364688023
2025-03-22 17:02:24.618,1.278973025583931
2025-03-22 17:02:24.618,8.3458589843337
2025-03-22 17:02:24.618,9.180763966061804
2025-03-22 17:02:24.618,1.8288571082844052
2025-03-22 17:02:24.627,-7.0210559406972655
2025-03-22 17:02:24.627,-9.10761249025678
2025-03-22 17:02:24.628,-3.709072028884159
2025-03-22 17:02:24.628,2.681930392478176
2025-03-22 17:02:24.628,4.772120597541305
2025-03-22 17:02:24.637,3.4865778893544976
2025-03-22 17:02:24.637,2.2625853015083037
2025-03-22 17:02:24.638,1.4742216701263273
2025-03-22 17:02:24.638,-1.0535211625478176
2025-03-22 17:02:24.638,-5.15705703290358
2025-03-22 17:02:24.647,-6.805218360245948
2025-03-22 17:02:24.648,-2.662749879426186
2025-03-22 17:02:24.648,4.928758000406375
2025-03-22 17:02:24.648,9.235048486730415
2025-03-22 17:02:24.648,5.925070605802027
2025-03-22 17:02:24.657,-2.221607869579596
2025-03-22 17:02:24.658,-8.114139314481275
2025-03-22 17:02:24.658,-7.332230023066236
2025-03-22 17:02:24.658,-1.5498780662224814
2025-03-22 17:02:24.658,4.284786127694748
2025-03-22 17:02:24.667,6.58732807134997
2025-03-22 17:02:24.667,4.8485735300268775
2025-03-22 17:02:24.667,0.5246126117599705
2025-03-22 17:02:24.668,-4.171019022160808
2025-03-22 17:02:24.668,-6.620995288771032
2025-03-22 17:02:24.677,-4.687028588326356
2025-03-22 17:02:24.677,1.1492641145350924
2025-03-22 17:02:24.678,6.6659376100868135
2025-03-22 17:02:24.678,6.809855091315234
2025-03-22 17:02:24.678,1.0373064372265806
2025-03-22 17:02:24.687,-5.2445528006865825
2025-03-22 17:02:24.687,-6.096677828542068
2025-03-22 17:02:24.688,-1.4739412140639774
2025-03-22 17:02:24.688,3.1496788469034125
2025-03-22 17:02:24.688,3.313873932134187
2025-03-22 17:02:24.697,0.16864172253554965
2025-03-22 17:02:24.697,-1.819425308069767
2025-03-22 17:02:24.698,-0.4390748279955071
2025-03-22 17:02:24.698,2.0859235853382816
2025-03-22 17:02:24.698,2.192689601200782
2025-03-22 17:02:24.707,-0.7333516177878748
2025-03-22 17:02:24.707,-3.7383760687912955
2025-03-22 17:02:24.708,-3.6983229336572956
2025-03-22 17:02:24.708,-0.5577761052586168
2025-03-22 17:02:24.708,3.114970830191774
2025-03-22 17:02:24.717,4.902637377617395
2025-03-22 17:02:24.717,3.8959932523012832
2025-03-22 17:02:24.717,0.1770967774341881
2025-03-22 17:02:24.718,-4.916358603990226
2025-03-22 17:02:24.718,-7.824784442357974
2025-03-22 17:02:24.727,-4.706760698569336
2025-03-22 17:02:24.727,3.6640182946114437
2025-03-22 17:02:24.727,10.381143449945046
2025-03-22 17:02:24.728,8.46001945950431
2025-03-22 17:02:24.728,-1.2774416676135885
2025-03-22 17:02:24.737,-10.096882446367987
2025-03-22 17:02:24.737,-9.98440700054082
2025-03-22 17:02:24.738,-1.626393037647524
2025-03-22 17:02:24.738,6.831773978184181
2025-03-22 17:02:24.738,8.366372206836587
2025-03-22 17:02:24.746,3.4590567803954984
2025-03-22 17:02:24.746,-2.0068535655287154
2025-03-22 17:02:24.746,-3.815967843084601
2025-03-22 17:02:24.746,-2.8961064178367923
2025-03-22 17:02:24.746,-2.019128554739708
2025-03-22 17:02:24.757,-1.3512071348910841
2025-03-22 17:02:24.757,0.7744581946686437
2025-03-22 17:02:24.757,3.669999081333081
2025-03-22 17:02:24.757,3.9076167019124894
2025-03-22 17:02:24.758,0.2717627823509168
2025-03-22 17:02:24.765,-3.3078488634207077
2025-03-22 17:02:24.766,-2.403194668977042
2025-03-22 17:02:24.766,1.4315648618431855
2025-03-22 17:02:24.766,2.213877013607869
2025-03-22 17:02:24.775,-1.8943956112324822
2025-03-22 17:02:24.776,-5.031612110105403
2025-03-22 17:02:24.776,-1.2399838854748653
2025-03-22 17:02:24.776,6.465488555155635
2025-03-22 17:02:24.776,8.524420013532826
2025-03-22 17:02:24.785,0.7676254375982581
2025-03-22 17:02:24.786,-9.286375573275278
2025-03-22 17:02:24.786,-10.395049382140217
2025-03-22 17:02:24.786,-0.6675208447114294
2025-03-22 17:02:24.786,9.807491659791415
2025-03-22 17:02:24.795,9.990797178451517
2025-03-22 17:02:24.795,0.01441620826292922
2025-03-22 17:02:24.796,-9.16663176523772
2025-03-22 17:02:24.796,-7.919454965634655
2025-03-22 17:02:24.796,1.7838463396344562
2025-03-22 17:02:24.805,9.015546989391293
2025-03-22 17:02:24.805,6.003504781781337
2025-03-22 17:02:24.805,-3.7156663859858283
2025-03-22 17:02:24.806,-9.552583244754665
2025-03-22 17:02:24.806,-5.408986449672742
2025-03-22 17:02:24.815,4.089755114783165
2025-03-22 17:02:24.815,9.092789376283385
2025-03-22 17:02:24.815,5.227863856795094
2025-03-22 17:02:24.816,-2.449841096676478
2025-03-22 17:02:24.816,-6.045734316362443
2025-03-22 17:02:24.823,-3.5898596646836323
2025-03-22 17:02:24.824,0.15627715376842632
2025-03-22 17:02:24.824,0.7708062812477785
2025-03-22 17:02:24.824,-0.36874362921653475
2025-03-22 17:02:24.833,0.961176952677621
2025-03-22 17:02:24.834,4.771656600536676
2025-03-22 17:02:24.834,5.588831802609921
2025-03-22 17:02:24.834,-0.40651366823761964
2025-03-22 17:02:24.834,-8.67716611830187
2025-03-22 17:02:24.843,-9.80712689517719
2025-03-22 17:02:24.844,-0.6465539476299851
2025-03-22 17:02:24.844,10.28168649451831
2025-03-22 17:02:24.844,11.222228999174504
2025-03-22 17:02:24.844,0.7318584871728615
2025-03-22 17:02:24.853,-9.999848084059407
2025-03-22 17:02:24.853,-9.660752864937498
2025-03-22 17:02:24.854,0.4347404421650557
2025-03-22 17:02:24.854,8.515485153661395
2025-03-22 17:02:24.854,6.365267345778253
2025-03-22 17:02:24.862,-1.9587899855251307
2025-03-22 17:02:24.862,-6.348907217592177
2025-03-22 17:02:24.862,-2.8779470376538345
2025-03-22 17:02:24.862,2.896028214923639
2025-03-22 17:02:24.862,3.961548024020548
2025-03-22 17:02:24.871,0.1032343129427668
2025-03-22 17:02:24.872,-3.091253060137489
2025-03-22 17:02:24.872,-1.7426146223455006
2025-03-22 17:02:24.872,1.9055761307876793
2025-03-22 17:02:24.881,2.8607651066813973
2025-03-22 17:02:24.882,-0.16928170472574958
2025-03-22 17:02:24.882,-3.2279451624506597
2025-03-22 17:02:24.882,-2.281556588325654
2025-03-22 17:02:24.882,1.5237990498995966
2025-03-22 17:02:24.891,3.390713279742339
2025-03-22 17:02:24.891,1.1764889939843968
2025-03-22 17:02:24.892,-1.9548919272448855
2025-03-22 17:02:24.892,-1.985959622214169
2025-03-22 17:02:24.892,0.5835768980677194
2025-03-22 17:02:24.901,1.6942340150391049
2025-03-22 17:02:24.901,-0.4596773927444645
2025-03-22 17:02:24.902,-2.7462398032641526
2025-03-22 17:02:24.902,-1.2942211314932899
2025-03-22 17:02:24.902,2.899061492988623
2025-03-22 17:02:24.911,4.573511739346658
2025-03-22 17:02:24.912,0.7765905799052221
2025-03-22 17:02:24.912,-4.8084813474696695
2025-03-22 17:02:24.912,-5.63764872538463
2025-03-22 17:02:24.912,-0.029133954824505426
2025-03-22 17:02:24.921,6.385193252314135
2025-03-22 17:02:24.921,6.529251224380446
2025-03-22 17:02:24.922,-0.4201966844647662
2025-03-22 17:02:24.922,-7.789400627529579
2025-03-22 17:02:24.922,-7.927386216467548
2025-03-22 17:02:24.931,-0.04465905886520544
2025-03-22 17:02:24.931,8.483771817522998
2025-03-22 17:02:24.932,9.171956039063812
2025-03-22 17:02:24.932,1.1443544836448796
2025-03-22 17:02:24.932,-7.712761397841021
2025-03-22 17:02:24.941,-8.869303340004674
2025-03-22 17:02:24.942,-1.9001760180298275
2025-03-22 17:02:24.942,5.666466607474909
2025-03-22 17:02:24.942,6.758695998996814
2025-03-22 17:02:24.942,1.6999988980693819
2025-03-22 17:02:24.951,-3.4409764002983523
2025-03-22 17:02:24.951,-3.998727433721985
2025-03-22 17:02:24.952,-0.9246657416835694
2025-03-22 17:02:24.952,1.7058771251173204
2025-03-22 17:02:24.952,1.7686059288290967
2025-03-22 17:02:24.961,0.5988797368058425
2025-03-22 17:02:24.961,0.0324267074184577
2025-03-22 17:02:24.962,-0.2582969136101001
2025-03-22 17:02:24.962,-1.3961438456943869
2025-03-22 17:02:24.962,-2.4447283980439067
2025-03-22 17:02:24.971,-1.0920611028747704
2025-03-22 17:02:24.971,2.569304940864061
2025-03-22 17:02:24.972,4.934961727802009
2025-03-22 17:02:24.972,2.8253057054473527
2025-03-22 17:02:24.972,-2.434342523097992
2025-03-22 17:02:24.981,-6.043327482307831
2025-03-22 17:02:24.981,-4.600232529681491
2025-03-22 17:02:24.982,0.5951804422094354
2025-03-22 17:02:24.982,4.950084924299691
2025-03-22 17:02:24.982,5.027079256050227
2025-03-22 17:02:24.990,1.5668462912920653
2025-03-22 17:02:24.990,-1.9332859044303172
2025-03-22 17:02:24.990,-3.1872954117979604
2025-03-22 17:02:24.990,-2.7508780539857938
2025-03-22 17:02:24.999,-1.8346153393307387
2025-03-22 17:02:25.000,-0.19374976771766
2025-03-22 17:02:25.000,2.602624786151628
2025-03-22 17:02:25.000,4.826049661407962
2025-03-22 17:02:25.000,3.5367071259508247
2025-03-22 17:02:25.000,-1.4892595113746552
2025-03-22 17:02:25.010,-6.0572783708393345
2025-03-22 17:02:25.010,-5.352372358671907
2025-03-22 17:02:25.010,0.43034909236909347
2025-03-22 17:02:25.010,5.55074786358046
2025-03-22 17:02:25.019,4.808978448374694
2025-03-22 17:02:25.020,-0.5025178907445952
2025-03-22 17:02:25.020,-4.137189480991057
2025-03-22 17:02:25.020,-2.379453505107479
2025-03-22 17:02:25.020,1.71498361988279
2025-03-22 17:02:25.029,2.6228323994366884
2025-03-22 17:02:25.029,-0.45855765867150433
2025-03-22 17:02:25.030,-2.877674613910068
2025-03-22 17:02:25.030,-1.0098096747959238
2025-03-22 17:02:25.030,2.7319329651600404
2025-03-22 17:02:25.039,3.005046310699168
2025-03-22 17:02:25.040,-1.2040760103828085
2025-03-22 17:02:25.040,-4.66797299580412
2025-03-22 17:02:25.040,-2.295310172344179
2025-03-22 17:02:25.040,3.92122865591881
2025-03-22 17:02:25.049,6.52062607624338
2025-03-22 17:02:25.049,1.5357554786547418
2025-03-22 17:02:25.050,-6.073874092778655
2025-03-22 17:02:25.050,-7.707316705443742
2025-03-22 17:02:25.050,-1.1768401018222678
2025-03-22 17:02:25.059,6.581209639326924
2025-03-22 17:02:25.059,7.4539044320288435
2025-03-22 17:02:25.060,1.1731781003643451
2025-03-22 17:02:25.060,-5.154078670532593
2025-03-22 17:02:25.060,-5.646169735209222
2025-03-22 17:02:25.069,-1.4709066513796745
2025-03-22 17:02:25.070,2.2938602015506873
2025-03-22 17:02:25.070,3.101532098810822
2025-03-22 17:02:25.070,2.186683246000723
2025-03-22 17:02:25.070,0.9006138073161124
2025-03-22 17:02:25.079,-1.025454567395655
2025-03-22 17:02:25.080,-3.1667887763188944
2025-03-22 17:02:25.080,-3.2146730552915064
2025-03-22 17:02:25.080,-0.02823421092912548
2025-03-22 17:02:25.080,3.6572524777473676
2025-03-22 17:02:25.089,3.882336509349565
2025-03-22 17:02:25.089,0.4484003903755861
2025-03-22 17:02:25.090,-2.7808340309732906
2025-03-22 17:02:25.090,-2.7802073245168044
2025-03-22 17:02:25.090,-0.6900018920386186
2025-03-22 17:02:25.099,0.5904876990074065
2025-03-22 17:02:25.100,0.4789705441144235
2025-03-22 17:02:25.100,0.6645142699211057
2025-03-22 17:02:25.100,1.7191093873577494
2025-03-22 17:02:25.100,1.865075216175296
2025-03-22 17:02:25.109,-0.24608284546208342
2025-03-22 17:02:25.110,-2.9585540458542816
2025-03-22 17:02:25.110,-3.1883546444260196
2025-03-22 17:02:25.110,-0.27631692398645424
2025-03-22 17:02:25.110,2.921507416521018
2025-03-22 17:02:25.119,3.2107411555145795
2025-03-22 17:02:25.119,0.6047326611885435
2025-03-22 17:02:25.119,-2.013800467214194
2025-03-22 17:02:25.120,-2.376073713658372
2025-03-22 17:02:25.120,-0.9452228781996237
2025-03-22 17:02:25.129,0.52496977142488
2025-03-22 17:02:25.129,1.3037177631057657
2025-03-22 17:02:25.130,1.6635414415908736
2025-03-22 17:02:25.130,1.3768030951360721
2025-03-22 17:02:25.130,-0.2513856520172756
2025-03-22 17:02:25.139,-2.614784569505873
2025-03-22 17:02:25.139,-3.3483133503974476
2025-03-22 17:02:25.140,-0.8154704085343998
2025-03-22 17:02:25.140,3.2154065703195087
2025-03-22 17:02:25.140,4.678410303687879
2025-03-22 17:02:25.148,1.68001893757224
2025-03-22 17:02:25.148,-2.9139544540219906
2025-03-22 17:02:25.148,-4.45323173137682
2025-03-22 17:02:25.148,-1.8097332845941738
2025-03-22 17:02:25.148,1.579018964607209
2025-03-22 17:02:25.159,2.2479610796014144
2025-03-22 17:02:25.159,0.8036473775678138
2025-03-22 17:02:25.160,0.2371129038878883
2025-03-22 17:02:25.160,1.1822493137279846
2025-03-22 17:02:25.160,1.1003189589925677
2025-03-22 17:02:25.169,-1.4521640958655002
2025-03-22 17:02:25.169,-3.934606182661874
2025-03-22 17:02:25.170,-2.896930825415953
2025-03-22 17:02:25.170,1.1913045428628477
2025-03-22 17:02:25.170,4.233897980071853
2025-03-22 17:02:25.178,3.4713512766684285
2025-03-22 17:02:25.178,0.34048277734445065
2025-03-22 17:02:25.178,-2.0154360296261613
2025-03-22 17:02:25.178,-2.460497779551203
2025-03-22 17:02:25.178,-1.9949482462062413
2025-03-22 17:02:25.188,-1.2399130506193514
2025-03-22 17:02:25.188,0.41641472649925193
2025-03-22 17:02:25.188,2.8719919609057927
2025-03-22 17:02:25.188,3.984385974862469
2025-03-22 17:02:25.188,1.6763796215714728
2025-03-22 17:02:25.198,-2.8010617251451624
2025-03-22 17:02:25.198,-5.215303583568702
2025-03-22 17:02:25.198,-2.8726500209774537
2025-03-22 17:02:25.198,1.9558831615288743
2025-03-22 17:02:25.207,4.33926957360338
2025-03-22 17:02:25.208,2.33489571053005
2025-03-22 17:02:25.208,-0.923926698842388
2025-03-22 17:02:25.208,-1.427818094291845
2025-03-22 17:02:25.208,0.4793625606810976
2025-03-22 17:02:25.217,0.7269335018927867
2025-03-22 17:02:25.217,-2.471159697381828
2025-03-22 17:02:25.218,-5.133193845928551
2025-03-22 17:02:25.218,-2.029313198406273
2025-03-22 17:02:25.218,5.670751245701351
2025-03-22 17:02:25.227,9.837045320049604
2025-03-22 17:02:25.227,4.31249007186845
2025-03-22 17:02:25.228,-6.75186883939184
2025-03-22 17:02:25.228,-12.176181407160145
2025-03-22 17:02:25.228,-6.035888901492324
2025-03-22 17:02:25.236,5.4175352707676865
2025-03-22 17:02:25.236,10.737454785862194
2025-03-22 17:02:25.236,5.839469975908582
2025-03-22 17:02:25.236,-2.66833413122927
2025-03-22 17:02:25.236,-6.233367442461594
2025-03-22 17:02:25.245,-3.5686659591727716
2025-03-22 17:02:25.246,0.1313595813645233
2025-03-22 17:02:25.246,0.91381663404111
2025-03-22 17:02:25.246,0.13942999385584592
2025-03-22 17:02:25.255,0.9203143129703272
2025-03-22 17:02:25.256,3.035590781014193
2025-03-22 17:02:25.256,3.175188254548285
2025-03-22 17:02:25.256,-0.3168458059102637
2025-03-22 17:02:25.256,-4.59322684251798
2025-03-22 17:02:25.265,-5.109709954996127
2025-03-22 17:02:25.266,-0.8987020420129328
2025-03-22 17:02:25.266,3.9931618230596286
2025-03-22 17:02:25.266,4.833762713115363
2025-03-22 17:02:25.266,1.3324562377401448
2025-03-22 17:02:25.275,-2.411264966356686
2025-03-22 17:02:25.275,-2.8016986307518548
2025-03-22 17:02:25.276,-0.46576460694260596
2025-03-22 17:02:25.276,1.2700732982138092
2025-03-22 17:02:25.276,0.6371158373533474
2025-03-22 17:02:25.285,-0.8987765600923384
2025-03-22 17:02:25.285,-1.0439433734887162
2025-03-22 17:02:25.286,0.37145530201398946
2025-03-22 17:02:25.286,1.5287610755143963
2025-03-22 17:02:25.286,1.139131908823873
2025-03-22 17:02:25.295,-0.17765550254269036
2025-03-22 17:02:25.295,-1.0873763368773526
2025-03-22 17:02:25.295,-1.1596140642982924
2025-03-22 17:02:25.296,-0.736161626601962
2025-03-22 17:02:25.296,0.0978103617336406
2025-03-22 17:02:25.304,1.3808922230927652
2025-03-22 17:02:25.304,2.2379803341859725
2025-03-22 17:02:25.304,1.162612625928582
2025-03-22 17:02:25.304,-1.8967855324991292
2025-03-22 17:02:25.304,-4.314643057968988
2025-03-22 17:02:25.314,-2.911039041375861
2025-03-22 17:02:25.314,2.15978152141013
2025-03-22 17:02:25.314,6.40281340010369
2025-03-22 17:02:25.314,5.066459199697575
2025-03-22 17:02:25.314,-1.4996617975786473
2025-03-22 17:02:25.324,-7.423304863513744
2025-03-22 17:02:25.324,-6.947276844592226
2025-03-22 17:02:25.324,-0.24653528616242176
2025-03-22 17:02:25.324,6.724237013018628
2025-03-22 17:02:25.333,7.876514374580488
2025-03-22 17:02:25.334,2.3658499032474847
2025-03-22 17:02:25.334,-4.893457435924325
2025-03-22 17:02:25.334,-7.566644150216315
2025-03-22 17:02:25.334,-3.492356712001858
2025-03-22 17:02:25.343,3.214013199941718
2025-03-22 17:02:25.343,6.029580058265834
2025-03-22 17:02:25.344,2.6901733545287425
2025-03-22 17:02:25.344,-2.4600606768967106
2025-03-22 17:02:25.344,-3.594589308680601
2025-03-22 17:02:25.353,-0.25999769839753706
2025-03-22 17:02:25.353,2.4739162896876805
2025-03-22 17:02:25.354,0.8397710960026132
2025-03-22 17:02:25.354,-2.63737817244765
2025-03-22 17:02:25.354,-2.6040685701078936
2025-03-22 17:02:25.363,1.6801803488818121
2025-03-22 17:02:25.364,4.879260538936371
2025-03-22 17:02:25.364,2.3717369135449253
2025-03-22 17:02:25.364,-3.4495575229736652
2025-03-22 17:02:25.364,-5.799065915534878
2025-03-22 17:02:25.373,-1.8510090350221224
2025-03-22 17:02:25.373,3.8977957027326493
2025-03-22 17:02:25.374,5.279089902934533
2025-03-22 17:02:25.374,1.5073317866216989
2025-03-22 17:02:25.374,-2.8922522376999966
2025-03-22 17:02:25.383,-3.9010811525354314
2025-03-22 17:02:25.384,-1.7106952047480997
2025-03-22 17:02:25.384,1.0476047660462315
2025-03-22 17:02:25.384,2.5718817259079354
2025-03-22 17:02:25.384,2.500303719807633
2025-03-22 17:02:25.393,0.856681838181035
2025-03-22 17:02:25.393,-1.7960724896244018
2025-03-22 17:02:25.394,-3.5274502672942187
2025-03-22 17:02:25.394,-2.2515395084348615
2025-03-22 17:02:25.394,1.4809824879880005
2025-03-22 17:02:25.402,4.11542076167959
2025-03-22 17:02:25.402,2.7377598429751475
2025-03-22 17:02:25.402,-1.3473870046445475
2025-03-22 17:02:25.402,-3.830984657002046
2025-03-22 17:02:25.402,-2.2486672045325475
2025-03-22 17:02:25.412,1.3520772233765503
2025-03-22 17:02:25.412,2.9961058182132723
2025-03-22 17:02:25.412,1.2629119273900526
2025-03-22 17:02:25.412,-1.5575314206882578
2025-03-22 17:02:25.412,-2.406316354494454
2025-03-22 17:02:25.422,-0.6643264745501112
2025-03-22 17:02:25.422,1.6887522512718773
2025-03-22 17:02:25.422,2.4196515547692816
2025-03-22 17:02:25.422,1.0692794074954861
2025-03-22 17:02:25.422,-1.0766223207750678
2025-03-22 17:02:25.432,-2.42544270008746
2025-03-22 17:02:25.432,-2.216877215099799
2025-03-22 17:02:25.432,-0.6237707690245728
2025-03-22 17:02:25.432,1.5539944260498717
2025-03-22 17:02:25.432,3.060596383946415
2025-03-22 17:02:25.442,2.667628954690064
2025-03-22 17:02:25.442,0.24410531417565065
2025-03-22 17:02:25.442,-2.624749477181264
2025-03-22 17:02:25.442,-3.6677276822569893
2025-03-22 17:02:25.451,-1.99382565917003
2025-03-22 17:02:25.452,0.9768901158409513
2025-03-22 17:02:25.452,2.8835450398336366
2025-03-22 17:02:25.452,2.604572996503105
2025-03-22 17:02:25.452,0.8538069234029584
2025-03-22 17:02:25.452,-1.0076977532746803
2025-03-22 17:02:25.461,-2.029887288306457
2025-03-22 17:02:25.462,-1.738754262802412
2025-03-22 17:02:25.462,-0.2832858450276789
2025-03-22 17:02:25.462,1.1407941753555293
2025-03-22 17:02:25.471,1.1045411612930385
2025-03-22 17:02:25.472,-0.158464716610986
2025-03-22 17:02:25.472,-0.6653815039132241
2025-03-22 17:02:25.472,0.6068825961203062
2025-03-22 17:02:25.472,1.8846585704682275
2025-03-22 17:02:25.481,0.8232138177132488
2025-03-22 17:02:25.482,-1.9949520788882553
2025-03-22 17:02:25.482,-3.4091221378771466
2025-03-22 17:02:25.482,-1.595953820194522
2025-03-22 17:02:25.482,1.7638422001394765
2025-03-22 17:02:25.491,3.6166476469946103
2025-03-22 17:02:25.492,2.684530403397696
2025-03-22 17:02:25.492,0.0001298469589988832
2025-03-22 17:02:25.492,-2.5545019436677254
2025-03-22 17:02:25.492,-3.3755234079781573
2025-03-22 17:02:25.501,-1.7580473932073455
2025-03-22 17:02:25.501,1.2575867949704236
2025-03-22 17:02:25.502,3.031372150540503
2025-03-22 17:02:25.502,1.7978181716644437
2025-03-22 17:02:25.502,-0.871377306894832
2025-03-22 17:02:25.511,-1.5862003444807895
2025-03-22 17:02:25.511,0.32956265807623336
2025-03-22 17:02:25.512,1.5354528883215928
2025-03-22 17:02:25.512,-0.6317146320312861
2025-03-22 17:02:25.512,-3.5771889934431695
2025-03-22 17:02:25.521,-2.257142672217443
2025-03-22 17:02:25.521,3.3270353621910176
2025-03-22 17:02:25.522,6.473183626109664
2025-03-22 17:02:25.522,1.883776646066979
2025-03-22 17:02:25.522,-6.288609381343984
2025-03-22 17:02:25.530,-8.110249523262324
2025-03-22 17:02:25.530,-0.16670854541533153
2025-03-22 17:02:25.530,9.071717795241286
2025-03-22 17:02:25.530,8.635782596732655
2025-03-22 17:02:25.539,-1.8314525501120285
2025-03-22 17:02:25.540,-11.214136025942617
2025-03-22 17:02:25.540,-9.173166745634749
2025-03-22 17:02:25.540,2.730396585639502
2025-03-22 17:02:25.540,12.7246295441629
2025-03-22 17:02:25.549,10.638481723601393
2025-03-22 17:02:25.549,-2.1575278596442353
2025-03-22 17:02:25.550,-13.760077517350009
2025-03-22 17:02:25.550,-12.736588560317637
2025-03-22 17:02:25.550,0.6661367154531356
2025-03-22 17:02:25.557,13.95871926842702
2025-03-22 17:02:25.558,14.22029592928537
2025-03-22 17:02:25.558,1.195684134964173
2025-03-22 17:02:25.558,-12.295644492342399
2025-03-22 17:02:25.567,-13.67860615001427
2025-03-22 17:02:25.568,-3.170208115702348
2025-03-22 17:02:25.568,8.01607510395725
2025-03-22 17:02:25.568,10.399429595887606
2025-03-22 17:02:25.568,4.64218052544871
2025-03-22 17:02:25.577,-2.199354491457192
2025-03-22 17:02:25.578,-5.218060510197985
2025-03-22 17:02:25.578,-4.5383858930858025
2025-03-22 17:02:25.578,-2.1722340885875115
2025-03-22 17:02:25.578,0.5267731434551103
2025-03-22 17:02:25.587,2.4431604081290486
2025-03-22 17:02:25.587,2.5991625362508772
2025-03-22 17:02:25.588,1.4581285953241672
2025-03-22 17:02:25.588,0.6221482799827406
2025-03-22 17:02:25.588,0.4359645030560558
2025-03-22 17:02:25.597,-0.5556294215483119
2025-03-22 17:02:25.598,-2.8186820753422164
2025-03-22 17:02:25.598,-4.0264962181127055
2025-03-22 17:02:25.598,-1.6867523514663296
2025-03-22 17:02:25.598,3.028495167471836
2025-03-22 17:02:25.606,5.719371986754246
2025-03-22 17:02:25.606,3.449663879836458
2025-03-22 17:02:25.606,-1.8067563812806189
2025-03-22 17:02:25.606,-5.064330479297222
2025-03-22 17:02:25.606,-3.534821032652019
2025-03-22 17:02:25.617,0.6171594641945019
2025-03-22 17:02:25.617,2.9893303070272275
2025-03-22 17:02:25.618,1.8776478622409463
2025-03-22 17:02:25.618,-0.36187537735623354
2025-03-22 17:02:25.618,-0.8089326802319597
2025-03-22 17:02:25.626,0.405495966271629
2025-03-22 17:02:25.626,0.8478166402987657
2025-03-22 17:02:25.626,-0.5573489281802814
2025-03-22 17:02:25.626,-1.990921505964542
2025-03-22 17:02:25.636,-1.2528915503370708
2025-03-22 17:02:25.636,1.1030275350352137
2025-03-22 17:02:25.636,2.2674519601542977
2025-03-22 17:02:25.636,0.8513852489282575
2025-03-22 17:02:25.636,-1.163484767205146
2025-03-22 17:02:25.645,-1.145222932966804
2025-03-22 17:02:25.645,0.41049884095531425
2025-03-22 17:02:25.646,0.6552592071186611
2025-03-22 17:02:25.646,-1.1172171870688157
2025-03-22 17:02:25.646,-1.9952369290683616
2025-03-22 17:02:25.655,0.34547195748167925
2025-03-22 17:02:25.656,3.6703894310245913
2025-03-22 17:02:25.656,3.485031386785892
2025-03-22 17:02:25.656,-1.099061036289744
2025-03-22 17:02:25.656,-5.594626977486441
2025-03-22 17:02:25.665,-4.850834919935223
2025-03-22 17:02:25.666,1.1333499416676658
2025-03-22 17:02:25.666,6.681362178644456
2025-03-22 17:02:25.666,5.9735386164879545
2025-03-22 17:02:25.666,-0.7486294069433758
2025-03-22 17:02:25.675,-6.946754187545625
2025-03-22 17:02:25.676,-6.447594529876437
2025-03-22 17:02:25.676,0.007857639652613324
2025-03-22 17:02:25.676,5.860198936438651
2025-03-22 17:02:25.676,5.9761892369843705
2025-03-22 17:02:25.685,1.3365837539265724
2025-03-22 17:02:25.685,-3.313044340490231
2025-03-22 17:02:25.686,-4.531401793335212
2025-03-22 17:02:25.686,-2.3712853988875264
2025-03-22 17:02:25.686,0.7507850848584899
2025-03-22 17:02:25.695,2.2959078852193344
2025-03-22 17:02:25.696,1.595446975786123
2025-03-22 17:02:25.696,0.24976286821296112
2025-03-22 17:02:25.696,0.022038868561471088
2025-03-22 17:02:25.696,0.5116749995805854
2025-03-22 17:02:25.705,0.05640484530078734
2025-03-22 17:02:25.705,-1.2994183616379145
2025-03-22 17:02:25.706,-1.5977663137212197
2025-03-22 17:02:25.706,-0.16306369119338923
2025-03-22 17:02:25.706,1.0017382112740707
2025-03-22 17:02:25.715,0.2631362885284586
2025-03-22 17:02:25.715,-0.8588310578522704
2025-03-22 17:02:25.716,0.12557077156424884
2025-03-22 17:02:25.716,2.5697865283813845
2025-03-22 17:02:25.716,2.945265769593391
2025-03-22 17:02:25.724,-0.5043168066817617
2025-03-22 17:02:25.724,-4.8849720934523075
2025-03-22 17:02:25.724,-5.428275567906018
2025-03-22 17:02:25.724,-0.8161355163711272
2025-03-22 17:02:25.733,5.0142579087623576
2025-03-22 17:02:25.734,6.753604973686118
2025-03-22 17:02:25.734,3.115967815618829
2025-03-22 17:02:25.734,-2.261908429995945
2025-03-22 17:02:25.734,-5.1460201257480565
2025-03-22 17:02:25.743,-4.6671059570080216
2025-03-22 17:02:25.744,-2.4105134998734408
2025-03-22 17:02:25.744,0.7029292113305032
2025-03-22 17:02:25.744,4.384348243580584
2025-03-22 17:02:25.744,6.48995284217828
2025-03-22 17:02:25.753,3.8696712601846004
2025-03-22 17:02:25.754,-2.7843880538822026
2025-03-22 17:02:25.754,-7.501667717748193
2025-03-22 17:02:25.754,-5.316953403351068
2025-03-22 17:02:25.754,1.1853722017989365
2025-03-22 17:02:25.763,4.76557671285734
2025-03-22 17:02:25.763,2.7025399704606765
2025-03-22 17:02:25.764,-0.4196708808243699
2025-03-22 17:02:25.764,-0.015252179578851867
2025-03-22 17:02:25.764,2.0098824847470653
2025-03-22 17:02:25.773,0.8174978842991742
2025-03-22 17:02:25.774,-3.5747242756032387
2025-03-22 17:02:25.774,-5.832314561051009
2025-03-22 17:02:25.774,-2.5019794645463747
2025-03-22 17:02:25.774,3.474883576515664
2025-03-22 17:02:25.782,6.558492299158441
2025-03-22 17:02:25.782,4.752545836105365
2025-03-22 17:02:25.782,0.3755557356768613
2025-03-22 17:02:25.782,-3.6550355787650046
2025-03-22 17:02:25.782,-5.913868802993458
2025-03-22 17:02:25.792,-5.394077151061901
2025-03-22 17:02:25.792,-1.288485950664516
2025-03-22 17:02:25.792,4.766896066627032
2025-03-22 17:02:25.792,8.152400903096577
2025-03-22 17:02:25.801,5.392911499450893
2025-03-22 17:02:25.802,-1.4748739669513729
2025-03-22 17:02:25.802,-6.62458721967926
2025-03-22 17:02:25.802,-6.617836694104975
2025-03-22 17:02:25.802,-3.005582124701056
2025-03-22 17:02:25.811,1.2507415878436503
2025-03-22 17:02:25.812,5.049921860529075
2025-03-22 17:02:25.812,7.397936370048371
2025-03-22 17:02:25.812,5.438979107453798
2025-03-22 17:02:25.812,-2.0459142776237806
2025-03-22 17:02:25.821,-10.044441451017269
2025-03-22 17:02:25.822,-10.351768909212826
2025-03-22 17:02:25.822,-0.9685933057241576
2025-03-22 17:02:25.822,9.810249562314434
2025-03-22 17:02:25.822,11.329100408808266
2025-03-22 17:02:25.831,2.3755402926672584
2025-03-22 17:02:25.832,-7.157152061253063
2025-03-22 17:02:25.832,-7.550384790417576
2025-03-22 17:02:25.832,-0.49874024504912606
2025-03-22 17:02:25.832,3.689489664658493
2025-03-22 17:02:25.841,-0.09389261556232498
2025-03-22 17:02:25.842,-4.829805069172547
2025-03-22 17:02:25.842,-1.2279743785281028
2025-03-22 17:02:25.842,8.327833294479321
2025-03-22 17:02:25.842,11.255279828026723
2025-03-22 17:02:25.850,1.0773907063105157
2025-03-22 17:02:25.850,-12.711682322590983
2025-03-22 17:02:25.850,-14.969806182439957
2025-03-22 17:02:25.850,-2.8707565645402893
2025-03-22 17:02:25.859,10.953607946434383
2025-03-22 17:02:25.860,13.331680622634664
2025-03-22 17:02:25.860,4.491785617196154
2025-03-22 17:02:25.860,-4.862994994355859
2025-03-22 17:02:25.860,-7.083682281300418
2025-03-22 17:02:25.869,-4.137500557076256
2025-03-22 17:02:25.870,-1.5058190536983178
2025-03-22 17:02:25.870,-0.23894103724098378
2025-03-22 17:02:25.870,2.1930717499345036
2025-03-22 17:02:25.870,5.450245582832269
2025-03-22 17:02:25.879,5.128221379190586
2025-03-22 17:02:25.879,-0.6360248449207891
2025-03-22 17:02:25.880,-6.588131102078788
2025-03-22 17:02:25.880,-5.980614490633904
2025-03-22 17:02:25.880,0.3756961034586692
2025-03-22 17:02:25.889,4.912368008328358
2025-03-22 17:02:25.890,3.448889767831116
2025-03-22 17:02:25.890,-0.07418627679578266
2025-03-22 17:02:25.890,-0.7056893382268072
2025-03-22 17:02:25.890,0.35222731281917014
2025-03-22 17:02:25.899,-0.8489997385709677
2025-03-22 17:02:25.899,-3.8302702945253326
2025-03-22 17:02:25.900,-4.171880527428515
2025-03-22 17:02:25.900,0.16249637640627407
2025-03-22 17:02:25.900,6.084074055337941
2025-03-22 17:02:25.908,8.383466290574274
2025-03-22 17:02:25.908,3.960767493328445
2025-03-22 17:02:25.908,-5.396106015450164
2025-03-22 17:02:25.908,-12.725765834268596
2025-03-22 17:02:25.918,-10.343537686250983
2025-03-22 17:02:25.918,2.279414907305289
2025-03-22 17:02:25.918,15.297945933376687
2025-03-22 17:02:25.918,16.186744490660264
2025-03-22 17:02:25.918,2.481018967556371
2025-03-22 17:02:25.927,-14.191748139012198
2025-03-22 17:02:25.928,-18.65855006653926
2025-03-22 17:02:25.928,-7.151209820164813
2025-03-22 17:02:25.928,9.194215905461055
2025-03-22 17:02:25.928,16.014706469874188
2025-03-22 17:02:25.935,9.603218189208329
2025-03-22 17:02:25.936,-1.8076823525015755
2025-03-22 17:02:25.936,-8.787989221581004
2025-03-22 17:02:25.936,-9.294084049260036
2025-03-22 17:02:25.945,-6.154890097941589
2025-03-22 17:02:25.946,-0.5838908208479656
2025-03-22 17:02:25.946,7.269132908573179
2025-03-22 17:02:25.946,12.96932827959488
2025-03-22 17:02:25.946,9.242240292818328
2025-03-22 17:02:25.954,-4.290613050161943
2025-03-22 17:02:25.954,-16.511022907970826
2025-03-22 17:02:25.954,-14.782324235078784
2025-03-22 17:02:25.954,0.5789432194939842
2025-03-22 17:02:25.955,15.353298726748456
2025-03-22 17:02:25.963,16.10885370664038
2025-03-22 17:02:25.964,3.5099407763366623
2025-03-22 17:02:25.964,-10.203026702975086
2025-03-22 17:02:25.964,-14.335680978596868
2025-03-22 17:02:25.973,-7.8319589130121825
2025-03-22 17:02:25.974,3.315198215280152
2025-03-22 17:02:25.974,11.86164915261386
2025-03-22 17:02:25.974,12.225986476854258
2025-03-22 17:02:25.974,2.940333773814268
2025-03-22 17:02:25.982,-10.06793151714644
2025-03-22 17:02:25.982,-15.510349345363306
2025-03-22 17:02:25.982,-7.00005470012404
2025-03-22 17:02:25.982,8.520507844844195
2025-03-22 17:02:25.991,16.21529292346719
2025-03-22 17:02:25.992,8.62010878986733
2025-03-22 17:02:25.992,-6.511305488554534
2025-03-22 17:02:25.992,-14.604233089356768
2025-03-22 17:02:25.992,-8.816044108867949
2025-03-22 17:02:26.001,4.511970786248193
2025-03-22 17:02:26.001,12.868023462093026
2025-03-22 17:02:26.002,8.820724121735651
2025-03-22 17:02:26.002,-3.6882403440685274
2025-03-22 17:02:26.002,-12.54914158718386
2025-03-22 17:02:26.010,-8.639437321001155
2025-03-22 17:02:26.010,4.3202624175949795
2025-03-22 17:02:26.010,12.555437504986502
2025-03-22 17:02:26.010,7.1002391553045285
2025-03-22 17:02:26.019,-5.52309698312015
2025-03-22 17:02:26.020,-10.690286061049399
2025-03-22 17:02:26.020,-3.303636757567505
2025-03-22 17:02:26.020,6.319797522199891
2025-03-22 17:02:26.020,6.194239903208101
2025-03-22 17:02:26.029,-1.9395129934583832
2025-03-22 17:02:26.030,-6.063701629509229
2025-03-22 17:02:26.030,-0.7956978925533624
2025-03-22 17:02:26.030,5.977474264673494
2025-03-22 17:02:26.030,4.930488381226027
2025-03-22 17:02:26.039,-2.2879034698455376
2025-03-22 17:02:26.040,-6.619917004590251
2025-03-22 17:02:26.040,-3.891786341763938
2025-03-22 17:02:26.040,1.4321207771302973
2025-03-22 17:02:26.040,3.693072089312586
2025-03-22 17:02:26.049,2.747005712153724
2025-03-22 17:02:26.050,1.908800969142342
2025-03-22 17:02:26.050,1.942797249373389
2025-03-22 17:02:26.050,0.07693021683221582
2025-03-22 17:02:26.050,-4.815853426220987
2025-03-22 17:02:26.058,-8.499641663859727
2025-03-22 17:02:26.058,-5.229580019501385
2025-03-22 17:02:26.058,4.715433748023839
2025-03-22 17:02:26.058,13.227147309280182
2025-03-22 17:02:26.059,11.483006047772955
2025-03-22 17:02:26.067,-0.9188096260517173
2025-03-22 17:02:26.068,-14.150185068266941
2025-03-22 17:02:26.068,-16.247767002023654
2025-03-22 17:02:26.068,-4.446755024902174
2025-03-22 17:02:26.076,11.131569333392537
2025-03-22 17:02:26.076,16.530171882641053
2025-03-22 17:02:26.076,7.73404810461451
2025-03-22 17:02:26.076,-5.597699921988517
2025-03-22 17:02:26.085,-10.98645834111731
2025-03-22 17:02:26.086,-6.176655358397861
2025-03-22 17:02:26.086,0.45535226735210965
2025-03-22 17:02:26.086,1.4917588288564252
2025-03-22 17:02:26.086,-0.6918934282456757
2025-03-22 17:02:26.095,1.3273240518448046
2025-03-22 17:02:26.096,8.013393687639686
2025-03-22 17:02:26.096,10.07008798038136
2025-03-22 17:02:26.096,0.4936779330023609
2025-03-22 17:02:26.096,-13.547681775053968
2025-03-22 17:02:26.104,-16.641333521305853
2025-03-22 17:02:26.104,-3.631798519290706
2025-03-22 17:02:26.104,12.968119422064754
2025-03-22 17:02:26.104,16.899974295991235
2025-03-22 17:02:26.113,5.92250874778859
2025-03-22 17:02:26.114,-7.774663343485998
2025-03-22 17:02:26.114,-12.279033145016365
2025-03-22 17:02:26.114,-6.707672923100429
2025-03-22 17:02:26.114,1.805366814514627
2025-03-22 17:02:26.123,6.924293918472434
2025-03-22 17:02:26.124,6.86973291178692
2025-03-22 17:02:26.124,2.590317392904415
2025-03-22 17:02:26.124,-3.7069065470789972
2025-03-22 17:02:26.124,-7.938490099972481
2025-03-22 17:02:26.133,-5.576929839891857
2025-03-22 17:02:26.134,3.1558773946611973
2025-03-22 17:02:26.134,10.49678799220286
2025-03-22 17:02:26.134,7.595828806767479
2025-03-22 17:02:26.134,-4.443375283656207
2025-03-22 17:02:26.142,-13.239212268574128
2025-03-22 17:02:26.142,-8.444998185100735
2025-03-22 17:02:26.142,5.418803779471443
2025-03-22 17:02:26.142,13.693922190426688
2025-03-22 17:02:26.142,8.513647912538598
2025-03-22 17:02:26.152,-3.4503761248564153
2025-03-22 17:02:26.152,-10.48096821683656
2025-03-22 17:02:26.152,-8.345875481056977
2025-03-22 17:02:26.152,-1.4408818472974896
2025-03-22 17:02:26.162,4.510102458236989
2025-03-22 17:02:26.162,7.087983794168325
2025-03-22 17:02:26.162,6.099294795252326
2025-03-22 17:02:26.162,1.896365443215252
2025-03-22 17:02:26.162,-3.857803119028347
2025-03-22 17:02:26.171,-7.574888817060411
2025-03-22 17:02:26.172,-6.10261407919567
2025-03-22 17:02:26.172,-0.2121511983166098
2025-03-22 17:02:26.172,5.365959275782393
2025-03-22 17:02:26.172,6.414726012013943
2025-03-22 17:02:26.181,3.2740601946006906
2025-03-22 17:02:26.182,-0.5916906104771663
2025-03-22 17:02:26.182,-3.2588333278985955
2025-03-22 17:02:26.182,-5.271506421661345
2025-03-22 17:02:26.182,-5.798721218621717
2025-03-22 17:02:26.191,-1.523986314547404
2025-03-22 17:02:26.192,7.496389657847635
2025-03-22 17:02:26.192,13.184752381444941
2025-03-22 17:02:26.192,6.337620418224774
2025-03-22 17:02:26.192,-10.113096495701159
2025-03-22 17:02:26.200,-19.72802119468637
2025-03-22 17:02:26.200,-9.814604922766366
2025-03-22 17:02:26.200,11.54315678311546
2025-03-22 17:02:26.200,22.034975443145875
2025-03-22 17:02:26.209,10.443270068535202
2025-03-22 17:02:26.210,-10.06726201720682
2025-03-22 17:02:26.210,-17.914823564092085
2025-03-22 17:02:26.210,-7.978346536961071
2025-03-22 17:02:26.210,5.5888034666043795
2025-03-22 17:02:26.219,9.147739591773446
2025-03-22 17:02:26.220,4.168016375658501
2025-03-22 17:02:26.220,0.10775651873598663
2025-03-22 17:02:26.220,-0.0864246977133239
2025-03-22 17:02:26.220,-1.10770465114088
2025-03-22 17:02:26.229,-4.840231910208097
2025-03-22 17:02:26.230,-6.065107145894573
2025-03-22 17:02:26.230,-0.52229980560167
2025-03-22 17:02:26.230,7.330535055210581
2025-03-22 17:02:26.230,8.62416625138475
2025-03-22 17:02:26.238,1.126738057137556
2025-03-22 17:02:26.238,-7.329943100382005
2025-03-22 17:02:26.238,-7.746795044740095
2025-03-22 17:02:26.238,-0.5717387585855265
2025-03-22 17:02:26.238,5.10560589711294
2025-03-22 17:02:26.248,3.194127713973678
2025-03-22 17:02:26.248,-1.716144504902808
2025-03-22 17:02:26.248,-1.2490106744852887
2025-03-22 17:02:26.248,4.22252803514007
2025-03-22 17:02:26.249,5.299397318939529
2025-03-22 17:02:26.258,-2.842601703988489
2025-03-22 17:02:26.258,-11.669061547404493
2025-03-22 17:02:26.258,-8.84200628923321
2025-03-22 17:02:26.258,5.304016492944564
2025-03-22 17:02:26.267,16.157262853128067
2025-03-22 17:02:26.268,11.241245031485576
2025-03-22 17:02:26.268,-5.088060882073676
2025-03-22 17:02:26.268,-16.281064105231497
2025-03-22 17:02:26.268,-11.792954529611636
2025-03-22 17:02:26.276,2.411882342834762
2025-03-22 17:02:26.276,12.036074712896331
2025-03-22 17:02:26.276,10.046970883410765
2025-03-22 17:02:26.276,1.5515529915446864
2025-03-22 17:02:26.276,-4.894404381044315
2025-03-22 17:02:26.286,-6.347876953018411
2025-03-22 17:02:26.286,-4.903935652541401
2025-03-22 17:02:26.286,-2.125939255568745
2025-03-22 17:02:26.286,2.1158493683235235
2025-03-22 17:02:26.296,6.206054243330998
2025-03-22 17:02:26.296,6.199449764884749
2025-03-22 17:02:26.296,0.6978420359939825
2025-03-22 17:02:26.296,-5.657707009253224
2025-03-22 17:02:26.296,-6.4711590851775425
2025-03-22 17:02:26.306,-1.194361145858214
2025-03-22 17:02:26.306,4.155291460266251
2025-03-22 17:02:26.306,4.437447075366242
2025-03-22 17:02:26.306,0.9239286121096564
2025-03-22 17:02:26.306,-1.9470464290983418
2025-03-22 17:02:26.316,-2.619896096947082
2025-03-22 17:02:26.316,-2.424526883962375
2025-03-22 17:02:26.316,-1.3481841171701148
2025-03-22 17:02:26.316,2.0526477315833165
2025-03-22 17:02:26.316,6.119898482687677
2025-03-22 17:02:26.324,5.559168548535202
2025-03-22 17:02:26.324,-1.7285533657734709
2025-03-22 17:02:26.324,-9.530405265048268
2025-03-22 17:02:26.324,-8.950575830125516
2025-03-22 17:02:26.325,0.7081862940944791
2025-03-22 17:02:26.334,9.947015209528477
2025-03-22 17:02:26.334,9.464731787971429
2025-03-22 17:02:26.334,0.4403027792898019
2025-03-22 17:02:26.334,-7.467075203237627
2025-03-22 17:02:26.343,-7.073850801156261
2025-03-22 17:02:26.344,-0.4852166108168574
2025-03-22 17:02:26.344,4.653774252967375
2025-03-22 17:02:26.344,3.6939286091558725
2025-03-22 17:02:26.344,-0.9661313537136931
2025-03-22 17:02:26.353,-3.4385731005009124
2025-03-22 17:02:26.354,-1.0225004763628833
2025-03-22 17:02:26.354,2.9960714839209395
2025-03-22 17:02:26.354,3.342969008172371
2025-03-22 17:02:26.354,-0.7504568065187804
2025-03-22 17:02:26.363,-4.221124385816364
2025-03-22 17:02:26.364,-2.337709179674887
2025-03-22 17:02:26.364,2.7484418095165206
2025-03-22 17:02:26.364,4.028499167482156
2025-03-22 17:02:26.364,-1.065399200895503
2025-03-22 17:02:26.373,-6.07524847392715
2025-03-22 17:02:26.374,-3.18091076206342
2025-03-22 17:02:26.374,5.752498315232849
2025-03-22 17:02:26.374,10.00114926364696
2025-03-22 17:02:26.374,3.1225218808988413
2025-03-22 17:02:26.383,-8.325963176655426
2025-03-22 17:02:26.384,-12.150915213755127
2025-03-22 17:02:26.384,-4.527188858922083
2025-03-22 17:02:26.384,6.626539542634915
2025-03-22 17:02:26.384,11.21197279949747
2025-03-22 17:02:26.392,6.554247317623558
2025-03-22 17:02:26.392,-2.282568885806827
2025-03-22 17:02:26.392,-8.243552054458045
2025-03-22 17:02:26.392,-7.341029364176169
2025-03-22 17:02:26.392,-0.9358695320096877
2025-03-22 17:02:26.402,5.081227975898846
2025-03-22 17:02:26.402,5.2372767100020825
2025-03-22 17:02:26.402,0.42241073705493476
2025-03-22 17:02:26.402,-2.738262483867903
2025-03-22 17:02:26.412,-0.31261245048888714
2025-03-22 17:02:26.412,3.2748440544159725
2025-03-22 17:02:26.412,1.3134787142230038
2025-03-22 17:02:26.412,-4.9067266296533365
2025-03-22 17:02:26.412,-6.822116403543475
2025-03-22 17:02:26.421,-0.5210943047336399
2025-03-22 17:02:26.422,7.025818672170816
2025-03-22 17:02:26.422,6.985949373791127
2025-03-22 17:02:26.422,0.28664215961133244
2025-03-22 17:02:26.422,-4.635960537906623
2025-03-22 17:02:26.432,-3.760036801642701
2025-03-22 17:02:26.432,-1.1693082374884045
2025-03-22 17:02:26.432,-0.5792879342110112
2025-03-22 17:02:26.432,0.2790935051860035
2025-03-22 17:02:26.432,3.6019527173560504
2025-03-22 17:02:26.442,5.330412292281585
2025-03-22 17:02:26.442,0.7463834744614289
2025-03-22 17:02:26.442,-6.55025396347267
2025-03-22 17:02:26.442,-7.566090544490457
2025-03-22 17:02:26.442,0.17590348105661535
2025-03-22 17:02:26.452,8.556051727724814
2025-03-22 17:02:26.452,8.155176163788331
2025-03-22 17:02:26.452,-1.0959738375851282
2025-03-22 17:02:26.452,-9.840868263539464
2025-03-22 17:02:26.452,-8.818800137334666
2025-03-22 17:02:26.460,1.6511365487784286
2025-03-22 17:02:26.460,11.219394924061675
2025-03-22 17:02:26.460,9.544490774684895
2025-03-22 17:02:26.461,-2.394638329377101
2025-03-22 17:02:26.461,-12.40015656939784
2025-03-22 17:02:26.470,-9.789346935070004
2025-03-22 17:02:26.470,2.9911506444605185
2025-03-22 17:02:26.470,12.880100160169453
2025-03-22 17:02:26.470,9.875554849981294
2025-03-22 17:02:26.480,-2.8472475782677704
2025-03-22 17:02:26.480,-12.442879694625464
2025-03-22 17:02:26.480,-9.534598245907059
2025-03-22 17:02:26.480,2.3192402714581317
2025-03-22 17:02:26.480,10.599324606483448
2025-03-22 17:02:26.489,7.338473371050319
2025-03-22 17:02:26.490,-2.5115801248126974
2025-03-22 17:02:26.490,-7.425155640920633
2025-03-22 17:02:26.490,-2.851547026477919
2025-03-22 17:02:26.490,4.186496480139768
2025-03-22 17:02:26.498,4.461797317506378
2025-03-22 17:02:26.498,-2.0681145494278184
2025-03-22 17:02:26.498,-6.624886828322826
2025-03-22 17:02:26.498,-2.855791953867114
2025-03-22 17:02:26.499,5.015703095615925
2025-03-22 17:02:26.508,7.349038661132139
2025-03-22 17:02:26.508,1.3254916696664392
2025-03-22 17:02:26.508,-5.323887396940571
2025-03-22 17:02:26.508,-4.301587243726594
2025-03-22 17:02:26.518,2.2784516757888746
2025-03-22 17:02:26.518,4.536460476474322
2025-03-22 17:02:26.518,-1.7741540033548653
2025-03-22 17:02:26.518,-8.479123671880554
2025-03-22 17:02:26.518,-4.657960815155538
2025-03-22 17:02:26.527,8.275164549028679
2025-03-22 17:02:26.527,15.635458277046855
2025-03-22 17:02:26.528,6.200584695449509
2025-03-22 17:02:26.528,-12.605540818237497
2025-03-22 17:02:26.528,-20.873451291713717
2025-03-22 17:02:26.536,-8.409525482328156
2025-03-22 17:02:26.536,12.913352549500315
2025-03-22 17:02:26.536,21.73023101788901
2025-03-22 17:02:26.536,10.15890343181274
2025-03-22 17:02:26.545,-9.015286836881312
2025-03-22 17:02:26.546,-17.48285165436322
2025-03-22 17:02:26.546,-10.05659286872298
2025-03-22 17:02:26.546,3.0949558694686714
2025-03-22 17:02:26.546,9.628584354466835
2025-03-22 17:02:26.556,6.891886638341157
2025-03-22 17:02:26.556,1.175149878337744
2025-03-22 17:02:26.556,-1.3605726969907326
2025-03-22 17:02:26.556,-0.7977132853385593
2025-03-22 17:02:26.556,-1.217712636155215
2025-03-22 17:02:26.565,-4.204615473075439
2025-03-22 17:02:26.566,-6.043881099107632
2025-03-22 17:02:26.566,-2.1991788899169884
2025-03-22 17:02:26.566,5.872772657628458
2025-03-22 17:02:26.566,10.443209114949438
2025-03-22 17:02:26.575,5.767447831132571
2025-03-22 17:02:26.576,-4.4337746769935675
2025-03-22 17:02:26.576,-10.28195255508925
2025-03-22 17:02:26.576,-6.694398032235689
2025-03-22 17:02:26.576,1.4196421311243084
2025-03-22 17:02:26.585,5.824386784211844
2025-03-22 17:02:26.586,4.3321050228603815
2025-03-22 17:02:26.586,1.303594899389093
2025-03-22 17:02:26.586,0.402072410129931
2025-03-22 17:02:26.586,0.29904026529144306
2025-03-22 17:02:26.594,-1.7373897565308771
2025-03-22 17:02:26.594,-4.779794584574191
2025-03-22 17:02:26.594,-5.049991913450224
2025-03-22 17:02:26.594,-0.9219355356109014
2025-03-22 17:02:26.594,4.753523137691779
2025-03-22 17:02:26.604,7.424461362655363
2025-03-22 17:02:26.604,5.027788712341931
2025-03-22 17:02:26.604,-0.5855393992446712
2025-03-22 17:02:26.604,-5.674543532049243
2025-03-22 17:02:26.614,-7.567963677192065
2025-03-22 17:02:26.614,-5.615252742628954
2025-03-22 17:02:26.614,-0.23515658604200873
2025-03-22 17:02:26.614,6.950994490417056
2025-03-22 17:02:26.614,11.556709745509622
2025-03-22 17:02:26.623,7.996275364138663
2025-03-22 17:02:26.624,-3.9702087823673198
2025-03-22 17:02:26.624,-15.15507598437259
2025-03-22 17:02:26.624,-13.858577107581567
2025-03-22 17:02:26.624,0.8546685310084373
2025-03-22 17:02:26.632,15.421082075349029
2025-03-22 17:02:26.632,14.948914018447862
2025-03-22 17:02:26.632,-0.08542614932519654
2025-03-22 17:02:26.632,-13.529933094462582
2025-03-22 17:02:26.642,-11.327128990778714
2025-03-22 17:02:26.642,2.738049702810045
2025-03-22 17:02:26.642,11.777013106776085
2025-03-22 17:02:26.642,5.6811982531016465
2025-03-22 17:02:26.642,-7.205490878332972
2025-03-22 17:02:26.651,-10.655291697455658
2025-03-22 17:02:26.652,-0.6775812501460904
2025-03-22 17:02:26.652,9.857530174530213
2025-03-22 17:02:26.652,8.092858432807889
2025-03-22 17:02:26.652,-2.5066455435049257
2025-03-22 17:02:26.660,-7.927552845205442
2025-03-22 17:02:26.660,-2.819548392377149
2025-03-22 17:02:26.660,3.6604338481322007
2025-03-22 17:02:26.660,2.2953553699065314
2025-03-22 17:02:26.661,-3.3288294868809283
2025-03-22 17:02:26.670,-3.4137126124127013
2025-03-22 17:02:26.670,3.1967973790225392
2025-03-22 17:02:26.670,7.598139658090753
2025-03-22 17:02:26.670,3.445200881860442
2025-03-22 17:02:26.671,-4.984249057080727
2025-03-22 17:02:26.680,-8.944271921495263
2025-03-22 17:02:26.680,-5.308048765588922
2025-03-22 17:02:26.680,1.952645726360032
2025-03-22 17:02:26.680,7.5241664710984235
2025-03-22 17:02:26.681,8.673079889233458
2025-03-22 17:02:26.690,4.667261793697524
2025-03-22 17:02:26.690,-3.5820197887300687
2025-03-22 17:02:26.690,-11.614836443068596
2025-03-22 17:02:26.690,-12.093030865689109
2025-03-22 17:02:26.699,-1.6033990026391736
2025-03-22 17:02:26.700,12.655621836407732
2025-03-22 17:02:26.700,16.91493351775932
2025-03-22 17:02:26.700,5.173064841622853
2025-03-22 17:02:26.700,-11.900832264319286
2025-03-22 17:02:26.708,-16.79268588358023
2025-03-22 17:02:26.708,-4.781844510864822
2025-03-22 17:02:26.708,10.232547079934317
2025-03-22 17:02:26.708,12.048533962671968
2025-03-22 17:02:26.718,0.8887244362286779
2025-03-22 17:02:26.718,-8.490459720684045
2025-03-22 17:02:26.718,-5.661487052197579
2025-03-22 17:02:26.718,3.991967805739708
2025-03-22 17:02:26.718,7.803235138239275
2025-03-22 17:02:26.728,1.3767222566558075
2025-03-22 17:02:26.728,-7.577013692699118
2025-03-22 17:02:26.728,-8.999778773249284
2025-03-22 17:02:26.728,-1.0837840220004757
2025-03-22 17:02:26.728,8.57648176480289
2025-03-22 17:02:26.737,10.651675661113453
2025-03-22 17:02:26.737,3.073319255298684
2025-03-22 17:02:26.738,-6.65438580838344
2025-03-22 17:02:26.738,-8.98849115506511
2025-03-22 17:02:26.738,-3.0345701664594187
2025-03-22 17:02:26.746,2.52899772153653
2025-03-22 17:02:26.746,1.3019709975061111
2025-03-22 17:02:26.746,-1.5949394644086856
2025-03-22 17:02:26.747,2.394933649187812
2025-03-22 17:02:26.747,10.136493183462091
2025-03-22 17:02:26.756,8.520866896450586
2025-03-22 17:02:26.756,-6.211622292543964
2025-03-22 17:02:26.756,-19.10511836527987
2025-03-22 17:02:26.756,-13.38453590371172
2025-03-22 17:02:26.764,7.3224292424505775
2025-03-22 17:02:26.764,21.450007876531267
2025-03-22 17:02:26.764,14.255244787158128
2025-03-22 17:02:26.764,-5.893064485051988
2025-03-22 17:02:26.765,-18.17161156213222
2025-03-22 17:02:26.774,-12.192307070734321
2025-03-22 17:02:26.774,3.239432464735697
2025-03-22 17:02:26.774,12.351371413797786
2025-03-22 17:02:26.774,9.062799052094023
2025-03-22 17:02:26.784,0.0608165561401075
2025-03-22 17:02:26.784,-5.692413887559664
2025-03-22 17:02:26.784,-6.198463091240653
2025-03-22 17:02:26.784,-4.380919257560022
2025-03-22 17:02:26.784,-1.1850779862564176
2025-03-22 17:02:26.793,4.372877008441287
2025-03-22 17:02:26.794,9.315094491307491
2025-03-22 17:02:26.794,7.066469482009274
2025-03-22 17:02:26.794,-3.289287035670884
2025-03-22 17:02:26.794,-12.418832721479504
2025-03-22 17:02:26.804,-10.32569945751138
2025-03-22 17:02:26.804,1.2415338554438806
2025-03-22 17:02:26.804,10.783040849552677
2025-03-22 17:02:26.804,10.704430669901473
2025-03-22 17:02:26.804,3.7630709273656953
2025-03-22 17:02:26.812,-4.093617594967382
2025-03-22 17:02:26.812,-10.298268206359628
2025-03-22 17:02:26.812,-12.174218598547277
2025-03-22 17:02:26.812,-4.566237812721018
2025-03-22 17:02:26.820,11.342224179835426
2025-03-22 17:02:26.820,21.38011730261958
2025-03-22 17:02:26.820,11.22138771160789
2025-03-22 17:02:26.820,-13.056466236408372
2025-03-22 17:02:26.829,-26.678947062159377
2025-03-22 17:02:26.830,-13.737884331578199
2025-03-22 17:02:26.830,12.774188995840653
2025-03-22 17:02:26.830,25.142427653591
2025-03-22 17:02:26.830,12.39985014143029
2025-03-22 17:02:26.838,-9.344460778033945
2025-03-22 17:02:26.838,-17.909109389740912
2025-03-22 17:02:26.838,-9.13311737610116
2025-03-22 17:02:26.838,3.596175842678365
2025-03-22 17:02:26.839,8.338819420961679
2025-03-22 17:02:26.848,5.879857282628587
2025-03-22 17:02:26.848,2.7384851059509265
2025-03-22 17:02:26.848,0.49848028552833723
2025-03-22 17:02:26.848,-3.2440446728474504
2025-03-22 17:02:26.858,-7.108484726482016
2025-03-22 17:02:26.858,-5.816493144754282
2025-03-22 17:02:26.858,1.350040853647649
2025-03-22 17:02:26.858,7.226432969884173
2025-03-22 17:02:26.858,5.245683176342629
2025-03-22 17:02:26.868,-1.5391670366988763
2025-03-22 17:02:26.868,-3.9714458417771197
2025-03-22 17:02:26.868,1.0848247774457285
2025-03-22 17:02:26.868,5.904995490110847
2025-03-22 17:02:26.868,1.4413095084746887
2025-03-22 17:02:26.877,-9.812632468953602
2025-03-22 17:02:26.878,-14.226316586341353
2025-03-22 17:02:26.878,-2.6818571891230953
2025-03-22 17:02:26.878,16.069317221321107
2025-03-22 17:02:26.878,22.264618242001085
2025-03-22 17:02:26.886,6.99267417640722
2025-03-22 17:02:26.886,-16.184285105791943
2025-03-22 17:02:26.886,-24.813587376270625
2025-03-22 17:02:26.886,-11.330424592051543
2025-03-22 17:02:26.895,10.07109220799977
2025-03-22 17:02:26.896,19.88438363529435
2025-03-22 17:02:26.896,12.756264167081026
2025-03-22 17:02:26.896,-0.9672278609503865
2025-03-22 17:02:26.896,-9.428156217516875
2025-03-22 17:02:26.904,-10.167555125507912
2025-03-22 17:02:26.904,-7.089278905695574
2025-03-22 17:02:26.904,-2.2606128138438684
2025-03-22 17:02:26.904,4.631665129987957
2025-03-22 17:02:26.913,10.858784276804089
2025-03-22 17:02:26.914,10.594675061712683
2025-03-22 17:02:26.914,2.034856173972342
2025-03-22 17:02:26.914,-8.821907302138818
2025-03-22 17:02:26.914,-13.535023584607696
2025-03-22 17:02:26.923,-8.59345981278753
2025-03-22 17:02:26.924,2.838816085124252
2025-03-22 17:02:26.924,13.229322223449747
2025-03-22 17:02:26.924,14.104746316947182
2025-03-22 17:02:26.924,2.3505639573070383
2025-03-22 17:02:26.932,-13.476074085507493
2025-03-22 17:02:26.932,-17.587566152768566
2025-03-22 17:02:26.932,-3.5302166241159636
2025-03-22 17:02:26.932,15.48803176050504
2025-03-22 17:02:26.940,18.892292001199024
2025-03-22 17:02:26.940,2.084857620521585
2025-03-22 17:02:26.940,-17.324450120404613
2025-03-22 17:02:26.940,-18.827681488228208
2025-03-22 17:02:26.941,-1.354350393082331
2025-03-22 17:02:26.950,16.601751804734544
2025-03-22 17:02:26.950,17.57903648592777
2025-03-22 17:02:26.950,2.5938788650858693
2025-03-22 17:02:26.950,-12.33163629409346
2025-03-22 17:02:26.960,-14.132685138362337
2025-03-22 17:02:26.960,-4.5399493290034405
2025-03-22 17:02:26.960,5.209673441142159
2025-03-22 17:02:26.960,7.784823853025603
2025-03-22 17:02:26.960,5.257947510304849
2025-03-22 17:02:26.969,2.7138552151154833
2025-03-22 17:02:26.970,0.6156415831479061
2025-03-22 17:02:26.970,-3.798769747529413
2025-03-22 17:02:26.970,-9.217132089141426
2025-03-22 17:02:26.970,-8.887051626631127
2025-03-22 17:02:26.978,0.8024622382727895
2025-03-22 17:02:26.978,12.690329377728894
2025-03-22 17:02:26.978,14.35844943704224
2025-03-22 17:02:26.978,2.4060322292519336
2025-03-22 17:02:26.988,-12.07347841434513
2025-03-22 17:02:26.988,-14.93986858033891
2025-03-22 17:02:26.988,-4.419737154127419
2025-03-22 17:02:26.988,7.7532814046483285
2025-03-22 17:02:26.988,10.223798234581064
2025-03-22 17:02:26.998,3.7830739791228214
2025-03-22 17:02:26.998,-2.2434591055710187
2025-03-22 17:02:26.998,-2.4971375262232174
2025-03-22 17:02:26.998,-0.5031929137632052
2025-03-22 17:02:26.998,-1.353105912144618
2025-03-22 17:02:27.008,-3.944931657546056
2025-03-22 17:02:27.008,-3.3284462053630883
2025-03-22 17:02:27.008,1.5593437291843522
2025-03-22 17:02:27.008,6.095379310663334
2025-03-22 17:02:27.008,5.717656703093923
2025-03-22 17:02:27.016,0.8721105713732766
2025-03-22 17:02:27.016,-4.246495071037452
2025-03-22 17:02:27.016,-6.02118443767158
2025-03-22 17:02:27.016,-3.8076065808820916
2025-03-22 17:02:27.017,0.4722511207501695
2025-03-22 17:02:27.026,3.9702796686784754
2025-03-22 17:02:27.026,4.7780773095353615
2025-03-22 17:02:27.026,3.0696699189371714
2025-03-22 17:02:27.026,0.3623448179810126
2025-03-22 17:02:27.027,-2.31342536977733
2025-03-22 17:02:27.036,-4.663378947282288
2025-03-22 17:02:27.036,-5.465241360003752
2025-03-22 17:02:27.036,-2.5288167737605782
2025-03-22 17:02:27.036,3.902634392121941
2025-03-22 17:02:27.046,8.829562321940656
2025-03-22 17:02:27.046,6.54433077641988
2025-03-22 17:02:27.046,-2.11487341362653
2025-03-22 17:02:27.046,-8.93164511131805
2025-03-22 17:02:27.046,-6.915727290423849
2025-03-22 17:02:27.056,1.3344641424341264
2025-03-22 17:02:27.056,6.400035297136014
2025-03-22 17:02:27.056,3.244904549107239
2025-03-22 17:02:27.056,-2.916854076712635
2025-03-22 17:02:27.056,-3.4936846374728368
2025-03-22 17:02:27.065,2.427709470175766
2025-03-22 17:02:27.066,6.7027296777740215
2025-03-22 17:02:27.066,2.34250976392101
2025-03-22 17:02:27.066,-7.135679060778022
2025-03-22 17:02:27.066,-10.901928126171258
2025-03-22 17:02:27.074,-3.2633035724757846
2025-03-22 17:02:27.074,9.043893400924404
2025-03-22 17:02:27.074,13.382091687901603
2025-03-22 17:02:27.075,4.694703883307313
2025-03-22 17:02:27.075,-8.657931269712659
2025-03-22 17:02:27.084,-13.285420630005028
2025-03-22 17:02:27.084,-4.815841108092684
2025-03-22 17:02:27.084,7.510187811326265
2025-03-22 17:02:27.085,11.054135190046537
2025-03-22 17:02:27.094,3.470904566547019
2025-03-22 17:02:27.094,-5.817071589044326
2025-03-22 17:02:27.094,-7.429861179888478
2025-03-22 17:02:27.094,-2.0972563082007296
2025-03-22 17:02:27.094,2.6811668529077286
2025-03-22 17:02:27.104,3.0101526517088857
2025-03-22 17:02:27.104,1.6913144521254377
2025-03-22 17:02:27.104,1.6976523441005942
2025-03-22 17:02:27.104,1.2673568488545564
2025-03-22 17:02:27.104,-2.0585988490740896
2025-03-22 17:02:27.114,-5.533047567942624
2025-03-22 17:02:27.114,-3.7538373220927657
2025-03-22 17:02:27.114,2.9360378365454536
2025-03-22 17:02:27.114,6.985980147115044
2025-03-22 17:02:27.114,3.1027232073832054
2025-03-22 17:02:27.124,-3.96078975682994
2025-03-22 17:02:27.124,-5.2815420713244485
2025-03-22 17:02:27.124,0.05269323694776651
2025-03-22 17:02:27.124,3.9231396392075664
2025-03-22 17:02:27.124,1.0480522196738518
2025-03-22 17:02:27.134,-3.538826876118372
2025-03-22 17:02:27.134,-2.184928064817921
2025-03-22 17:02:27.134,3.95942339838811
2025-03-22 17:02:27.134,6.182334054437789
2025-03-22 17:02:27.134,0.12551178471718977
2025-03-22 17:02:27.144,-7.9457824674943405
2025-03-22 17:02:27.144,-8.44258826713051
2025-03-22 17:02:27.144,0.23627917896466527
2025-03-22 17:02:27.144,9.753280664145858
2025-03-22 17:02:27.144,10.619690192273556
2025-03-22 17:02:27.152,1.65901966853871
2025-03-22 17:02:27.152,-9.059057934691445
2025-03-22 17:02:27.152,-11.863809879321558
2025-03-22 17:02:27.152,-4.366937628021789
2025-03-22 17:02:27.162,6.4109674108585715
2025-03-22 17:02:27.162,10.833227673197205
2025-03-22 17:02:27.162,5.927691374150927
2025-03-22 17:02:27.162,-2.5094428518390717
2025-03-22 17:02:27.162,-6.978257205944454
2025-03-22 17:02:27.172,-5.733539528753846
2025-03-22 17:02:27.172,-2.183513944796114
2025-03-22 17:02:27.172,0.9967105375107889
2025-03-22 17:02:27.172,4.0491006420299005
2025-03-22 17:02:27.172,6.657255240271021
2025-03-22 17:02:27.181,5.759855686396356
2025-03-22 17:02:27.182,-0.7130477828484302
2025-03-22 17:02:27.182,-9.037439782615028
2025-03-22 17:02:27.182,-11.450671984746249
2025-03-22 17:02:27.182,-4.07959524713245
2025-03-22 17:02:27.190,7.794777477282449
2025-03-22 17:02:27.190,13.908688043054445
2025-03-22 17:02:27.190,8.79236528390341
2025-03-22 17:02:27.191,-3.1560705072493205
2025-03-22 17:02:27.191,-12.143823276813658
2025-03-22 17:02:27.200,-11.569524667774079
2025-03-22 17:02:27.200,-2.588020152756479
2025-03-22 17:02:27.200,7.667195589852604
2025-03-22 17:02:27.200,11.463121866998158
2025-03-22 17:02:27.210,6.156770659789032
2025-03-22 17:02:27.210,-3.329772334816963
2025-03-22 17:02:27.210,-8.499406274292092
2025-03-22 17:02:27.210,-5.518552842074375
2025-03-22 17:02:27.210,0.9747228103856826
2025-03-22 17:02:27.220,3.6902689484035314
2025-03-22 17:02:27.220,1.37416797007517
2025-03-22 17:02:27.220,-0.7238059949553344
2025-03-22 17:02:27.220,1.0696391191895804
2025-03-22 17:02:27.221,3.552471617894426
2025-03-22 17:02:27.230,1.5367233509869724
2025-03-22 17:02:27.230,-4.006129977627192
2025-03-22 17:02:27.230,-6.2971414859894645
2025-03-22 17:02:27.230,-1.7329040608504458
2025-03-22 17:02:27.230,4.661571946865507
2025-03-22 17:02:27.240,5.306594536225552
2025-03-22 17:02:27.240,-0.005636329790404793
2025-03-22 17:02:27.240,-3.876350721179993
2025-03-22 17:02:27.240,-1.4020203990572588
2025-03-22 17:02:27.241,3.217564318837708
2025-03-22 17:02:27.250,2.768673998691019
2025-03-22 17:02:27.250,-2.747336452362141
2025-03-22 17:02:27.250,-5.972255509060486
2025-03-22 17:02:27.250,-2.0947500094011304
2025-03-22 17:02:27.250,4.779307263922757
2025-03-22 17:02:27.260,6.846324861129216
2025-03-22 17:02:27.260,2.0265575325823755
2025-03-22 17:02:27.260,-4.190160276233563
2025-03-22 17:02:27.260,-5.678902687844614
2025-03-22 17:02:27.260,-2.167791612206967
2025-03-22 17:02:27.270,1.8651196063956523
2025-03-22 17:02:27.270,3.018417449192985
2025-03-22 17:02:27.270,1.904945178138711
2025-03-22 17:02:27.270,0.7608346086965436
2025-03-22 17:02:27.270,0.17409773346565144
2025-03-22 17:02:27.279,-0.797727147468079
2025-03-22 17:02:27.280,-2.2834781776064896
2025-03-22 17:02:27.280,-2.8227450210183966
2025-03-22 17:02:27.280,-1.1230010553381313
2025-03-22 17:02:27.280,2.0992464702084046
2025-03-22 17:02:27.290,4.35663464269828
2025-03-22 17:02:27.290,3.389720355588938
2025-03-22 17:02:27.290,-0.7382072777084226
2025-03-22 17:02:27.290,-5.021800946366739
2025-03-22 17:02:27.290,-5.422308598277831
2025-03-22 17:02:27.300,-0.6734843953280317
2025-03-22 17:02:27.300,5.4237132918706505
2025-03-22 17:02:27.300,6.773692427938602
2025-03-22 17:02:27.300,1.3379931673741146
2025-03-22 17:02:27.300,-5.785991718831181
2025-03-22 17:02:27.310,-7.17610329688068
2025-03-22 17:02:27.310,-1.2534215244060765
2025-03-22 17:02:27.310,5.7172039461316
2025-03-22 17:02:27.310,6.563847379964459
2025-03-22 17:02:27.310,1.0032062387652092
2025-03-22 17:02:27.320,-4.720381887064895
2025-03-22 17:02:27.320,-5.19509016792186
2025-03-22 17:02:27.320,-1.1230752141210285
2025-03-22 17:02:27.320,2.794685772586759
2025-03-22 17:02:27.320,3.463619824291192
2025-03-22 17:02:27.328,1.6622791904795648
2025-03-22 17:02:27.328,-0.3676417719590157
2025-03-22 17:02:27.328,-1.6639953655069708
2025-03-22 17:02:27.329,-2.309701709728158
2025-03-22 17:02:27.338,-1.9300268639019116
2025-03-22 17:02:27.338,-0.013316093741580309
2025-03-22 17:02:27.338,2.5093109679842573
2025-03-22 17:02:27.338,3.40198453472503
2025-03-22 17:02:27.339,1.436790118108396
2025-03-22 17:02:27.339,-1.9235795890048266
2025-03-22 17:02:27.348,-3.6481709033416303
2025-03-22 17:02:27.348,-2.073024029284358
2025-03-22 17:02:27.348,1.2570326226576274
2025-03-22 17:02:27.348,2.903793218850646
2025-03-22 17:02:27.349,1.1287326300381024
2025-03-22 17:02:27.358,-1.8922527334009818
2025-03-22 17:02:27.358,-2.199479057408537
2025-03-22 17:02:27.358,1.1816093610525578
2025-03-22 17:02:27.359,4.361391745175428
2025-03-22 17:02:27.359,2.667960309769911
2025-03-22 17:02:27.368,-3.357624751759244
2025-03-22 17:02:27.368,-7.442893002195716
2025-03-22 17:02:27.368,-4.241229335048185
2025-03-22 17:02:27.368,4.017388907988471
2025-03-22 17:02:27.378,9.081497238671238
2025-03-22 17:02:27.378,5.4877233178908655
2025-03-22 17:02:27.378,-3.200489170495031
2025-03-22 17:02:27.378,-8.14568796333754
2025-03-22 17:02:27.378,-4.902749931706497
2025-03-22 17:02:27.388,2.114951253157803
2025-03-22 17:02:27.388,5.278382400263694
2025-03-22 17:02:27.388,2.3700841080581934
2025-03-22 17:02:27.388,-1.9110255324891368
2025-03-22 17:02:27.388,-2.3798792663467108
2025-03-22 17:02:27.398,0.7020515796449137
2025-03-22 17:02:27.398,2.8087440628914444
2025-03-22 17:02:27.398,1.0198560175867915
2025-03-22 17:02:27.398,-2.6509425725404436
2025-03-22 17:02:27.398,-3.877393846283729
2025-03-22 17:02:27.408,-1.120993944708049
2025-03-22 17:02:27.408,2.6932845405695365
2025-03-22 17:02:27.408,3.6831796417361713
2025-03-22 17:02:27.408,1.3899365263994397
2025-03-22 17:02:27.408,-1.2190662481608998
2025-03-22 17:02:27.418,-1.740559263058265
2025-03-22 17:02:27.418,-0.8603969244356653
2025-03-22 17:02:27.418,-0.45187711039961526
2025-03-22 17:02:27.418,-0.6775075734303402
2025-03-22 17:02:27.418,-0.31143673408673406
2025-03-22 17:02:27.426,0.9069094002722774
2025-03-22 17:02:27.426,1.7724567938360318
2025-03-22 17:02:27.426,1.3304983484260533
2025-03-22 17:02:27.427,-0.005306504637440437
2025-03-22 17:02:27.427,-1.142419783104719
2025-03-22 17:02:27.438,-1.4287111759566642
2025-03-22 17:02:27.438,-0.9647757090004389
2025-03-22 17:02:27.438,-0.2121371930672645
2025-03-22 17:02:27.438,0.4930655093975798
2025-03-22 17:02:27.438,1.0258692134573513
2025-03-22 17:02:27.446,1.1712608206360102
2025-03-22 17:02:27.446,0.6180543182207682
2025-03-22 17:02:27.446,-0.45641563997306217
2025-03-22 17:02:27.446,-1.1828659010465707
2025-03-22 17:02:27.456,-0.9365214121563054
2025-03-22 17:02:27.456,-0.19810112832084978
2025-03-22 17:02:27.456,0.20488378297987772
2025-03-22 17:02:27.456,0.40779818048673977
2025-03-22 17:02:27.457,1.010076605700853
2025-03-22 17:02:27.457,1.4125350939908408
2025-03-22 17:02:27.466,0.22586856848776585
2025-03-22 17:02:27.466,-2.120352622994528
2025-03-22 17:02:27.466,-2.8557253222158563
2025-03-22 17:02:27.466,-0.3546879974748476
2025-03-22 17:02:27.476,2.998088932973348
2025-03-22 17:02:27.476,3.2849882348100956
2025-03-22 17:02:27.476,0.04885059169610098
2025-03-22 17:02:27.476,-3.000056742401684
2025-03-22 17:02:27.476,-2.5854761042946173
2025-03-22 17:02:27.486,0.3389201806969744
2025-03-22 17:02:27.486,2.2295453112981134
2025-03-22 17:02:27.486,1.3390678976944999
2025-03-22 17:02:27.486,-0.724372578715597
2025-03-22 17:02:27.486,-1.4250353428286748
2025-03-22 17:02:27.496,-0.16999606553142405
2025-03-22 17:02:27.496,1.3700910539251896
2025-03-22 17:02:27.496,1.2009757753486427
2025-03-22 17:02:27.496,-0.7903293115336856
2025-03-22 17:02:27.496,-2.3818872162720965
2025-03-22 17:02:27.505,-1.2981782553874952
2025-03-22 17:02:27.506,1.7002903878055315
2025-03-22 17:02:27.506,3.0617173745583908
2025-03-22 17:02:27.506,0.8103871190025607
2025-03-22 17:02:27.506,-2.391463803192865
2025-03-22 17:02:27.516,-2.371610870989121
2025-03-22 17:02:27.516,0.8169256453517454
2025-03-22 17:02:27.516,2.630862898649916
2025-03-22 17:02:27.516,0.20132930502281246
2025-03-22 17:02:27.516,-3.378302105435972
2025-03-22 17:02:27.526,-2.850925286432891
2025-03-22 17:02:27.526,2.118547977480696
2025-03-22 17:02:27.526,5.989170152371228
2025-03-22 17:02:27.526,3.8587002670289627
2025-03-22 17:02:27.526,-2.71865414628785
2025-03-22 17:02:27.536,-7.374603426510378
2025-03-22 17:02:27.536,-5.5917336956229935
2025-03-22 17:02:27.536,1.0193927612702542
2025-03-22 17:02:27.536,6.6187143211984045
2025-03-22 17:02:27.536,6.64906904667335
2025-03-22 17:02:27.544,1.655053045856187
2025-03-22 17:02:27.544,-3.7999664635777357
2025-03-22 17:02:27.544,-5.6597336875937385
2025-03-22 17:02:27.545,-3.6373006395097676
2025-03-22 17:02:27.545,-0.1799879892166371
2025-03-22 17:02:27.556,2.7160229612819666
2025-03-22 17:02:27.556,4.469237255080026
2025-03-22 17:02:27.556,4.276325320286222
2025-03-22 17:02:27.556,0.8772399591793052
2025-03-22 17:02:27.556,-4.673227815389601
2025-03-22 17:02:27.566,-7.634146642098533
2025-03-22 17:02:27.566,-3.74833268229715
2025-03-22 17:02:27.566,4.751626590402161
2025-03-22 17:02:27.566,9.597623071742282
2025-03-22 17:02:27.566,5.001153203482794
2025-03-22 17:02:27.574,-4.9597445277777705
2025-03-22 17:02:27.574,-9.788735235911089
2025-03-22 17:02:27.574,-4.20836399248231
2025-03-22 17:02:27.575,5.440811903067174
2025-03-22 17:02:27.575,8.292317340530982
2025-03-22 17:02:27.584,1.6253021148368743
2025-03-22 17:02:27.584,-6.111938746502146
2025-03-22 17:02:27.584,-5.701677284080778
2025-03-22 17:02:27.585,1.779348629869633
2025-03-22 17:02:27.585,6.746584301219301
2025-03-22 17:02:27.594,3.073144789256218
2025-03-22 17:02:27.594,-4.800099455337865
2025-03-22 17:02:27.594,-7.635183868510643
2025-03-22 17:02:27.595,-1.9852895299565987
2025-03-22 17:02:27.604,6.65494129324625
2025-03-22 17:02:27.604,9.88111456608448
2025-03-22 17:02:27.604,3.984406675306202
2025-03-22 17:02:27.604,-7.068868040938936
2025-03-22 17:02:27.604,-14.0930028793167
2025-03-22 17:02:27.614,-9.328796743190264
2025-03-22 17:02:27.614,5.783522690897986
2025-03-22 17:02:27.614,18.79647396122213
2025-03-22 17:02:27.614,15.991251132556322
2025-03-22 17:02:27.614,-2.8355193876835023
2025-03-22 17:02:27.622,-20.99467861840242
2025-03-22 17:02:27.622,-20.292784264718023
2025-03-22 17:02:27.622,-0.5623426946132604
2025-03-22 17:02:27.622,18.963889552789873
2025-03-22 17:02:27.630,19.4808482486045
2025-03-22 17:02:27.630,2.1616583238275355
2025-03-22 17:02:27.630,-14.131716775218509
2025-03-22 17:02:27.631,-13.817546718211515
2025-03-22 17:02:27.631,-0.46186379622553564
2025-03-22 17:02:27.640,9.439769102555323
2025-03-22 17:02:27.640,6.1376922938112175
2025-03-22 17:02:27.640,-3.507772754085939
2025-03-22 17:02:27.641,-6.363566697039593
2025-03-22 17:02:27.650,0.41296365745615937
2025-03-22 17:02:27.650,6.956522015832897
2025-03-22 17:02:27.650,4.232441279048872
2025-03-22 17:02:27.650,-4.394375968751461
2025-03-22 17:02:27.650,-7.944053631470748
2025-03-22 17:02:27.660,-2.0009860241386455
2025-03-22 17:02:27.660,6.06049988242113
2025-03-22 17:02:27.660,6.709470467552776
2025-03-22 17:02:27.660,-0.22578386002291162
2025-03-22 17:02:27.660,-6.1876052387632345
2025-03-22 17:02:27.670,-4.609535801552719
2025-03-22 17:02:27.670,1.8552872673349048
2025-03-22 17:02:27.670,5.388481473922346
2025-03-22 17:02:27.670,2.4152018081243507
2025-03-22 17:02:27.670,-2.829930122521128
2025-03-22 17:02:27.680,-4.017810916870398
2025-03-22 17:02:27.680,-0.27569465272670635
2025-03-22 17:02:27.680,3.3610759260742014
2025-03-22 17:02:27.680,2.4655803534325984
2025-03-22 17:02:27.680,-1.5935845725862776
2025-03-22 17:02:27.690,-3.686263056941135
2025-03-22 17:02:27.690,-1.1362470027716502
2025-03-22 17:02:27.690,3.21634687059626
2025-03-22 17:02:27.690,4.220018912805781
2025-03-22 17:02:27.690,0.17973176838212873
2025-03-22 17:02:27.700,-4.933214777249148
2025-03-22 17:02:27.700,-5.335292800177843
2025-03-22 17:02:27.700,0.27003001831927875
2025-03-22 17:02:27.700,6.582680033154166
2025-03-22 17:02:27.700,6.765191908227082
2025-03-22 17:02:27.709,-0.054912902422566745
2025-03-22 17:02:27.710,-7.201800577320237
2025-03-22 17:02:27.710,-7.336885854685053
2025-03-22 17:02:27.710,-0.5120988325596817
2025-03-22 17:02:27.710,5.955430952301685
2025-03-22 17:02:27.718,5.810443917205631
2025-03-22 17:02:27.718,0.5679502609568869
2025-03-22 17:02:27.718,-3.185960735382662
2025-03-22 17:02:27.719,-2.0638925067146983
2025-03-22 17:02:27.719,0.6910061618406662
2025-03-22 17:02:27.728,0.3531505969225039
2025-03-22 17:02:27.728,-2.726949331469817
2025-03-22 17:02:27.728,-3.5288610470411816
2025-03-22 17:02:27.728,0.9738183783188594
2025-03-22 17:02:27.738,7.077923999220529
2025-03-22 17:02:27.738,7.491252422658693
2025-03-22 17:02:27.738,-0.35709326574993805
2025-03-22 17:02:27.738,-9.886199093142906
2025-03-22 17:02:27.739,-11.060385712762711
2025-03-22 17:02:27.748,-1.4138777878484543
2025-03-22 17:02:27.748,10.125744014244557
2025-03-22 17:02:27.748,12.225519335258296
2025-03-22 17:02:27.748,3.2677678956720104
2025-03-22 17:02:27.748,-7.387901083925405
2025-03-22 17:02:27.758,-10.012939762916416
2025-03-22 17:02:27.758,-4.185787352787439
2025-03-22 17:02:27.758,2.8427839958753798
2025-03-22 17:02:27.758,5.227822196756728
2025-03-22 17:02:27.758,3.5534502086289748
2025-03-22 17:02:27.767,1.419763902972465
2025-03-22 17:02:27.768,0.0988569908532967
2025-03-22 17:02:27.768,-1.6123941696190582
2025-03-22 17:02:27.768,-3.73789753831008
2025-03-22 17:02:27.768,-3.989763287983182
2025-03-22 17:02:27.778,-0.8970822755543245
2025-03-22 17:02:27.778,3.483989026158812
2025-03-22 17:02:27.778,5.288118470917971
2025-03-22 17:02:27.778,2.9595050895202486
2025-03-22 17:02:27.778,-1.2305269482127243
2025-03-22 17:02:27.786,-3.7843109756341944
2025-03-22 17:02:27.786,-3.3518777775436104
2025-03-22 17:02:27.787,-1.269305231632797
2025-03-22 17:02:27.787,0.554430934245941
2025-03-22 17:02:27.787,1.5083207638848555
2025-03-22 17:02:27.798,2.0701448681396437
2025-03-22 17:02:27.798,2.3860062549219867
2025-03-22 17:02:27.798,1.6763860502717154
2025-03-22 17:02:27.798,-0.6804187263980945
2025-03-22 17:02:27.798,-3.61279247156353
2025-03-22 17:02:27.808,-4.489952127724682
2025-03-22 17:02:27.808,-1.592068749512403
2025-03-22 17:02:27.808,3.318592363086875
2025-03-22 17:02:27.808,5.771173663956804
2025-03-22 17:02:27.808,3.0353843162728706
2025-03-22 17:02:27.816,-2.424457947451711
2025-03-22 17:02:27.816,-5.23376758613156
2025-03-22 17:02:27.817,-3.066112739924252
2025-03-22 17:02:27.817,1.0610877368462586
2025-03-22 17:02:27.817,3.0054241685209324
2025-03-22 17:02:27.826,2.2986358982918635
2025-03-22 17:02:27.826,1.2004504287891264
2025-03-22 17:02:27.826,0.4111312231462958
2025-03-22 17:02:27.827,-1.4624630971963124
2025-03-22 17:02:27.836,-4.070496492158253
2025-03-22 17:02:27.836,-3.97624992560898
2025-03-22 17:02:27.836,0.806717533845659
2025-03-22 17:02:27.836,6.5038786727889555
2025-03-22 17:02:27.836,6.602722691034051
2025-03-22 17:02:27.846,-0.34028051477193616
2025-03-22 17:02:27.846,-7.774287692563235
2025-03-22 17:02:27.846,-7.66128858341987
2025-03-22 17:02:27.846,0.3288585308548743
2025-03-22 17:02:27.846,7.753030297028007
2025-03-22 17:02:27.856,6.6419338485931485
2025-03-22 17:02:27.856,-1.2144896820359905
2025-03-22 17:02:27.856,-6.382589817099003
2025-03-22 17:02:27.856,-3.282351538347195
2025-03-22 17:02:27.856,3.1208246589878925
2025-03-22 17:02:27.866,4.008871485760004
2025-03-22 17:02:27.866,-1.728666533993617
2025-03-22 17:02:27.866,-5.942912334697175
2025-03-22 17:02:27.866,-1.7891046231218684
2025-03-22 17:02:27.866,6.897079689827165
2025-03-22 17:02:27.874,9.38497660066435
2025-03-22 17:02:27.874,0.9028384246039027
2025-03-22 17:02:27.874,-10.674657753379467
2025-03-22 17:02:27.875,-12.672747851564063
2025-03-22 17:02:27.884,-1.6575146746433718
2025-03-22 17:02:27.884,12.046472327078117
2025-03-22 17:02:27.884,14.735900319947671
2025-03-22 17:02:27.884,3.519322943172299
2025-03-22 17:02:27.885,-10.817160510513203
2025-03-22 17:02:27.894,-14.826718903184354
2025-03-22 17:02:27.894,-5.39349035125019
2025-03-22 17:02:27.894,8.023776747113633
2025-03-22 17:02:27.894,12.98949017457375
2025-03-22 17:02:27.894,5.765628935849504
2025-03-22 17:02:27.902,-5.689245217911038
2025-03-22 17:02:27.902,-9.987858235760244
2025-03-22 17:02:27.902,-3.8321123102119365
2025-03-22 17:02:27.903,5.027259621533726
2025-03-22 17:02:27.912,6.773144417593946
2025-03-22 17:02:27.912,0.5118689798994509
2025-03-22 17:02:27.912,-5.386258262728784
2025-03-22 17:02:27.912,-3.7987918108609375
2025-03-22 17:02:27.913,2.678424358694288
2025-03-22 17:02:27.922,5.511400493880931
2025-03-22 17:02:27.922,1.1092809720445904
2025-03-22 17:02:27.922,-4.945512120717105
2025-03-22 17:02:27.922,-5.146270595981901
2025-03-22 17:02:27.922,0.8054577931176959
2025-03-22 17:02:27.932,6.036247698708982
2025-03-22 17:02:27.932,4.77497063890121
2025-03-22 17:02:27.932,-1.357071585809365
2025-03-22 17:02:27.932,-5.687655062840389
2025-03-22 17:02:27.932,-4.029051301319561
2025-03-22 17:02:27.942,1.0579202354160198
2025-03-22 17:02:27.942,3.6718004858612265
2025-03-22 17:02:27.942,1.6121794037737764
2025-03-22 17:02:27.942,-1.266987176105541
2025-03-22 17:02:27.942,-0.47526151747613277
2025-03-22 17:02:27.952,2.7068339593371435
2025-03-22 17:02:27.952,2.6654400602295447
2025-03-22 17:02:27.952,-2.489514544540886
2025-03-22 17:02:27.952,-7.106202863965044
2025-03-22 17:02:27.952,-4.50467218321237
2025-03-22 17:02:27.960,3.9824600772348075
2025-03-22 17:02:27.960,9.45505203554376
2025-03-22 17:02:27.960,5.576620633200749
2025-03-22 17:02:27.961,-3.892508172442658
2025-03-22 17:02:27.970,-9.299582386605238
2025-03-22 17:02:27.970,-5.7134591764372225
2025-03-22 17:02:27.970,2.554473762809675
2025-03-22 17:02:27.971,7.607402196024794
2025-03-22 17:02:27.971,5.886837668952316
2025-03-22 17:02:27.971,-0.0679222451013794
2025-03-22 17:02:27.980,-5.403358143314112
2025-03-22 17:02:27.980,-6.627706794331375
2025-03-22 17:02:27.980,-2.9910561854938686
2025-03-22 17:02:27.981,3.1305768406961163
2025-03-22 17:02:27.990,7.087425370781204
2025-03-22 17:02:27.990,5.313593227263063
2025-03-22 17:02:27.990,-0.9742909455662885
2025-03-22 17:02:27.990,-6.2596846711023595
2025-03-22 17:02:27.991,-5.901664538758054
2025-03-22 17:02:28.000,-0.6752052433660761
2025-03-22 17:02:28.000,4.296650988698752
2025-03-22 17:02:28.000,4.826804288442615
2025-03-22 17:02:28.000,1.3761927141692598
2025-03-22 17:02:28.001,-2.190813023302785
2025-03-22 17:02:28.010,-2.7733534009186487
2025-03-22 17:02:28.010,-0.7734590936171681
2025-03-22 17:02:28.010,0.9040698229823044
2025-03-22 17:02:28.010,0.2884236563694438
2025-03-22 17:02:28.010,-1.364179181072946
2025-03-22 17:02:28.020,-1.062836785354673
2025-03-22 17:02:28.020,1.965269422489893
2025-03-22 17:02:28.020,4.495980940024716
2025-03-22 17:02:28.020,2.6002803501891125
2025-03-22 17:02:28.021,-3.1163174710404444
2025-03-22 17:02:28.030,-6.921762870356427
2025-03-22 17:02:28.030,-4.033823751175208
2025-03-22 17:02:28.030,3.1715427703275787
2025-03-22 17:02:28.030,6.9907460774993115
2025-03-22 17:02:28.030,3.2231591772235655
2025-03-22 17:02:28.040,-3.476467652009711
2025-03-22 17:02:28.040,-4.950172842112239
2025-03-22 17:02:28.040,0.3869454357355941
2025-03-22 17:02:28.040,5.314646763516962
2025-03-22 17:02:28.041,2.744453091954176
2025-03-22 17:02:28.049,-4.972448577075449
2025-03-22 17:02:28.050,-8.235431768964244
2025-03-22 17:02:28.050,-1.7930630873815563
2025-03-22 17:02:28.050,8.195276499276506
2025-03-22 17:02:28.050,10.50691983508978
2025-03-22 17:02:28.058,1.6376685816217331
2025-03-22 17:02:28.058,-9.583657838963116
2025-03-22 17:02:28.058,-11.083504241964214
2025-03-22 17:02:28.059,-0.7737066673178932
2025-03-22 17:02:28.059,10.50494783435249
2025-03-22 17:02:28.068,10.2922834991718
2025-03-22 17:02:28.068,-1.5236552117643023
2025-03-22 17:02:28.068,-11.878880019429912
2025-03-22 17:02:28.068,-8.949421779790272
2025-03-22 17:02:28.078,4.1423983849879455
2025-03-22 17:02:28.078,12.769731513421
2025-03-22 17:02:28.078,7.7045254449477145
2025-03-22 17:02:28.078,-4.831434806897644
2025-03-22 17:02:28.078,-11.480028498713414
2025-03-22 17:02:28.088,-6.946146736016963
2025-03-22 17:02:28.088,2.2657134472576566
2025-03-22 17:02:28.088,7.404473899634255
2025-03-22 17:02:28.088,6.380083074260691
2025-03-22 17:02:28.088,2.554295583406945
2025-03-22 17:02:28.098,-1.3861730173898363
2025-03-22 17:02:28.098,-5.066326729385662
2025-03-22 17:02:28.098,-7.2043409024378455
2025-03-22 17:02:28.098,-4.754575200247915
2025-03-22 17:02:28.098,2.667441918203533
2025-03-22 17:02:28.106,9.488969185007877
2025-03-22 17:02:28.106,8.648988457041122
2025-03-22 17:02:28.106,-0.05088978349474871
2025-03-22 17:02:28.107,-8.461579548675724
2025-03-22 17:02:28.107,-8.623701969332801
2025-03-22 17:02:28.116,-1.4991604644829888
2025-03-22 17:02:28.116,4.802630461439348
2025-03-22 17:02:28.117,4.884189638636775
2025-03-22 17:02:28.117,1.449650406655815
2025-03-22 17:02:28.117,-0.029192476472925624
2025-03-22 17:02:28.126,0.7519940549582982
2025-03-22 17:02:28.126,-0.4613353497645631
2025-03-22 17:02:28.126,-4.619014277891469
2025-03-22 17:02:28.126,-6.193109540370306
2025-03-22 17:02:28.136,-0.4343104736489829
2025-03-22 17:02:28.136,8.319834832882188
2025-03-22 17:02:28.136,9.843954994420487
2025-03-22 17:02:28.136,0.6430229766538145
2025-03-22 17:02:28.136,-10.066767552742524
2025-03-22 17:02:28.146,-10.340711936627857
2025-03-22 17:02:28.146,-0.009289075211062259
2025-03-22 17:02:28.146,8.939257446874683
2025-03-22 17:02:28.146,7.050332376303374
2025-03-22 17:02:28.146,-1.5550865307753765
2025-03-22 17:02:28.156,-5.544565232616142
2025-03-22 17:02:28.156,-1.1075273720879424
2025-03-22 17:02:28.156,4.09733647946018
2025-03-22 17:02:28.156,1.996674956500116
2025-03-22 17:02:28.156,-4.939634525895807
2025-03-22 17:02:28.164,-6.963071199664422
2025-03-22 17:02:28.164,0.03778357254267978
2025-03-22 17:02:28.165,8.660993771018218
2025-03-22 17:02:28.165,8.68274290914989
2025-03-22 17:02:28.165,-0.48454381232446664
2025-03-22 17:02:28.174,-8.964278317380913
2025-03-22 17:02:28.174,-8.051650371526549
2025-03-22 17:02:28.175,0.13895687641345522
2025-03-22 17:02:28.175,6.322046247282157
2025-03-22 17:02:28.175,5.278440353709404
2025-03-22 17:02:28.184,0.42325464749569475
2025-03-22 17:02:28.184,-2.3732034217467897
2025-03-22 17:02:28.184,-1.9428783278262143
2025-03-22 17:02:28.185,-1.0640426281114634
2025-03-22 17:02:28.194,-1.0365991789213362
2025-03-22 17:02:28.194,-0.265384763031566
2025-03-22 17:02:28.194,1.9129401647769215
2025-03-22 17:02:28.195,2.9958056878771595
2025-03-22 17:02:28.195,0.6812371756180482
2025-03-22 17:02:28.204,-3.042239020036329
2025-03-22 17:02:28.204,-3.637893867448034
2025-03-22 17:02:28.204,0.08804478293152257
2025-03-22 17:02:28.204,3.99046349580043
2025-03-22 17:02:28.205,3.5313057823374887
2025-03-22 17:02:28.214,-0.74270321984451
2025-03-22 17:02:28.214,-4.123584340176572
2025-03-22 17:02:28.214,-3.32709228673239
2025-03-22 17:02:28.214,0.3858942637239729
2025-03-22 17:02:28.215,3.3814934922653412
2025-03-22 17:02:28.224,3.413726720944199
2025-03-22 17:02:28.224,0.926696330700114
2025-03-22 17:02:28.224,-2.080807239061131
2025-03-22 17:02:28.224,-3.570107697751949
2025-03-22 17:02:28.224,-2.4967275535607905
2025-03-22 17:02:28.234,0.5005940031669546
2025-03-22 17:02:28.234,3.2204518032145377
2025-03-22 17:02:28.234,3.439095192710474
2025-03-22 17:02:28.234,0.9436909144866599
2025-03-22 17:02:28.234,-2.0987621405906167
2025-03-22 17:02:28.242,-3.1750281732400403
2025-03-22 17:02:28.242,-1.770037830284172
2025-03-22 17:02:28.242,0.5273865866145805
2025-03-22 17:02:28.243,1.9219468689178776
2025-03-22 17:02:28.252,1.855698856104028
2025-03-22 17:02:28.252,0.7918630358680554
2025-03-22 17:02:28.252,-0.5391718073108562
2025-03-22 17:02:28.252,-1.399307851998748
2025-03-22 17:02:28.253,-1.2530288029098364
2025-03-22 17:02:28.262,-0.2530198189047822
2025-03-22 17:02:28.262,0.7577312358545556
2025-03-22 17:02:28.262,1.007433599968034
2025-03-22 17:02:28.262,0.3775629709976593
2025-03-22 17:02:28.263,-0.6580957966600238
2025-03-22 17:02:28.272,-1.1516542598232329
2025-03-22 17:02:28.272,-0.07518189480516707
2025-03-22 17:02:28.272,2.1768104571390077
2025-03-22 17:02:28.272,2.805153690142721
2025-03-22 17:02:28.273,-0.6967516653602449
2025-03-22 17:02:28.282,-5.867674728371877
2025-03-22 17:02:28.282,-5.910562124292165
2025-03-22 17:02:28.282,2.0472312113077917
2025-03-22 17:02:28.282,10.743129623015523
2025-03-22 17:02:28.282,9.16415820745488
2025-03-22 17:02:28.290,-3.627823119254933
2025-03-22 17:02:28.290,-14.707447090128342
2025-03-22 17:02:28.291,-10.87851457786094
2025-03-22 17:02:28.291,5.123773846911691
2025-03-22 17:02:28.291,16.15034730428305
2025-03-22 17:02:28.300,9.874900966314234
2025-03-22 17:02:28.300,-6.5972986097054305
2025-03-22 17:02:28.300,-14.80649048989801
2025-03-22 17:02:28.300,-6.420762888029955
2025-03-22 17:02:28.310,7.755852718253682
2025-03-22 17:02:28.310,11.548848381859763
2025-03-22 17:02:28.310,2.272332794789599
2025-03-22 17:02:28.310,-7.884578901338319
2025-03-22 17:02:28.311,-7.639959511766771
2025-03-22 17:02:28.320,0.8848021774310812
2025-03-22 17:02:28.320,6.770011943552388
2025-03-22 17:02:28.320,3.990317803483157
2025-03-22 17:02:28.320,-2.7576442084944115
2025-03-22 17:02:28.320,-5.12083357234258
2025-03-22 17:02:28.330,-0.9565580531340072
2025-03-22 17:02:28.330,4.14234262249065
2025-03-22 17:02:28.330,3.953207702956891
2025-03-22 17:02:28.330,-1.3320949774335467
2025-03-22 17:02:28.330,-5.585914034965334
2025-03-22 17:02:28.340,-3.7215507120791202
2025-03-22 17:02:28.340,2.5979303133782334
2025-03-22 17:02:28.340,6.665449142282934
2025-03-22 17:02:28.340,3.9495967235421228
2025-03-22 17:02:28.340,-2.9162709779511395
2025-03-22 17:02:28.350,-6.758344099767516
2025-03-22 17:02:28.350,-3.539507388611277
2025-03-22 17:02:28.350,3.088443176442882
2025-03-22 17:02:28.350,5.771743036045421
2025-03-22 17:02:28.350,1.9216580670382943
2025-03-22 17:02:28.360,-3.3615511682239414
2025-03-22 17:02:28.360,-3.796391414550028
2025-03-22 17:02:28.360,0.2602323695322044
2025-03-22 17:02:28.360,2.8341119490808584
2025-03-22 17:02:28.360,0.7106610321437364
2025-03-22 17:02:28.368,-2.261311142869274
2025-03-22 17:02:28.368,-0.8802881889813927
2025-03-22 17:02:28.369,3.489093721120991
2025-03-22 17:02:28.369,4.043346008469991
2025-03-22 17:02:28.369,-1.9652036612568669
2025-03-22 17:02:28.378,-7.986834827176201
2025-03-22 17:02:28.378,-5.463149299409402
2025-03-22 17:02:28.379,4.525355023003318
2025-03-22 17:02:28.379,10.882293785063627
2025-03-22 17:02:28.388,5.680176898028055
2025-03-22 17:02:28.388,-5.445782567878051
2025-03-22 17:02:28.388,-10.030063661254399
2025-03-22 17:02:28.388,-4.2377000918194625
2025-03-22 17:02:28.389,3.686914048752376
2025-03-22 17:02:28.398,5.5523222341826735
2025-03-22 17:02:28.398,2.571563905067496
2025-03-22 17:02:28.398,0.027633971662050394
2025-03-22 17:02:28.398,-1.2743864001711989
2025-03-22 17:02:28.399,-2.9814356127231005
2025-03-22 17:02:28.408,-3.0806293499433064
2025-03-22 17:02:28.408,1.1640761949234728
2025-03-22 17:02:28.408,5.944873570906043
2025-03-22 17:02:28.408,3.896397932958261
2025-03-22 17:02:28.408,-4.676530488627066
2025-03-22 17:02:28.418,-9.750112872079313
2025-03-22 17:02:28.418,-3.835385907196713
2025-03-22 17:02:28.418,7.697103762480066
2025-03-22 17:02:28.418,12.338489343141088
2025-03-22 17:02:28.418,4.8359010003650384
2025-03-22 17:02:28.426,-7.292723520015769
2025-03-22 17:02:28.426,-12.393524204292087
2025-03-22 17:02:28.427,-6.5386705892787385
2025-03-22 17:02:28.427,3.8248380033567497
2025-03-22 17:02:28.427,9.476366634265387
2025-03-22 17:02:28.436,7.090139902399071
2025-03-22 17:02:28.436,0.5483987508906344
2025-03-22 17:02:28.436,-4.467868249484141
2025-03-22 17:02:28.437,-5.525894423897395
2025-03-22 17:02:28.446,-3.6219279073786628
2025-03-22 17:02:28.446,-0.5453255503587863
2025-03-22 17:02:28.446,2.502560264953479
2025-03-22 17:02:28.447,4.327917545982957
2025-03-22 17:02:28.447,3.535399123981553
2025-03-22 17:02:28.447,0.03514366398671072
2025-03-22 17:02:28.456,-3.58268494622961
2025-03-22 17:02:28.456,-3.690750200919723
2025-03-22 17:02:28.457,0.18570224221906043
2025-03-22 17:02:28.457,3.5934153490695575
2025-03-22 17:02:28.457,1.6729711091927684
2025-03-22 17:02:28.466,-4.027201975580658
2025-03-22 17:02:28.466,-5.729921536929905
2025-03-22 17:02:28.467,1.104832316673193
2025-03-22 17:02:28.467,9.934372197021842
2025-03-22 17:02:28.476,8.985919556789714
2025-03-22 17:02:28.476,-3.665488466370234
2025-03-22 17:02:28.476,-14.863866434165596
2025-03-22 17:02:28.477,-10.607075626300666
2025-03-22 17:02:28.477,5.9458177980359155
2025-03-22 17:02:28.484,16.360442197406947
2025-03-22 17:02:28.484,8.626094885150787
2025-03-22 17:02:28.484,-7.9667638063550354
2025-03-22 17:02:28.485,-14.145399369180046
2025-03-22 17:02:28.494,-4.012670908082274
2025-03-22 17:02:28.494,9.020227268882728
2025-03-22 17:02:28.494,9.900896664568307
2025-03-22 17:02:28.495,-0.42267264620030165
2025-03-22 17:02:28.495,-8.432571251616322
2025-03-22 17:02:28.504,-5.46356465765852
2025-03-22 17:02:28.504,3.2661332160577605
2025-03-22 17:02:28.504,6.779520071931691
2025-03-22 17:02:28.504,1.5749222026950183
2025-03-22 17:02:28.505,-5.31790326683294
2025-03-22 17:02:28.514,-5.323571546112298
2025-03-22 17:02:28.514,1.6134938142370163
2025-03-22 17:02:28.514,7.11331183408465
2025-03-22 17:02:28.514,4.442335083138968
2025-03-22 17:02:28.515,-3.3019667097651486
2025-03-22 17:02:28.524,-7.182826849098929
2025-03-22 17:02:28.524,-3.6221879315734657
2025-03-22 17:02:28.524,1.9914844680206092
2025-03-22 17:02:28.525,3.6112566720431296
2025-03-22 17:02:28.525,2.2546961119134874
2025-03-22 17:02:28.534,2.3362973602515495
2025-03-22 17:02:28.534,3.397522057278332
2025-03-22 17:02:28.534,0.6005247158999242
2025-03-22 17:02:28.534,-6.58944470237714
2025-03-22 17:02:28.535,-10.943704456263607
2025-03-22 17:02:28.544,-5.519790951628476
2025-03-22 17:02:28.544,6.771476406265089
2025-03-22 17:02:28.544,14.782858785782617
2025-03-22 17:02:28.544,10.708200834351254
2025-03-22 17:02:28.545,-1.7723978141092074
2025-03-22 17:02:28.552,-11.810142463414383
2025-03-22 17:02:28.553,-12.44496328538109
2025-03-22 17:02:28.553,-5.65980891603285
2025-03-22 17:02:28.553,2.5886015912867375
2025-03-22 17:02:28.562,8.782445264618515
2025-03-22 17:02:28.562,11.507673118661998
2025-03-22 17:02:28.562,8.245383067341205
2025-03-22 17:02:28.562,-2.1038539359515305
2025-03-22 17:02:28.563,-13.398807492073294
2025-03-22 17:02:28.570,-14.780508039962934
2025-03-22 17:02:28.570,-2.914365337245824
2025-03-22 17:02:28.570,11.416633523285602
2025-03-22 17:02:28.571,13.895917633701323
2025-03-22 17:02:28.571,3.2137354523066746
2025-03-22 17:02:28.580,-7.549853596135272
2025-03-22 17:02:28.580,-7.055918764960723
2025-03-22 17:02:28.580,1.070683319503775
2025-03-22 17:02:28.581,4.39639480192435
2025-03-22 17:02:28.590,-1.4658845005977732
2025-03-22 17:02:28.590,-7.298239943326531
2025-03-22 17:02:28.590,-3.0138751315170316
2025-03-22 17:02:28.591,7.976002057422006
2025-03-22 17:02:28.591,11.866971542506198
2025-03-22 17:02:28.600,1.9988530163939993
2025-03-22 17:02:28.600,-11.383087983117262
2025-03-22 17:02:28.600,-12.56975846286256
2025-03-22 17:02:28.600,0.36434939821589396
2025-03-22 17:02:28.601,12.634614136270109
2025-03-22 17:02:28.608,10.241786051265578
2025-03-22 17:02:28.608,-3.582423238540668
2025-03-22 17:02:28.608,-12.792413271642175
2025-03-22 17:02:28.609,-7.50772922673877
2025-03-22 17:02:28.609,5.530599990268032
2025-03-22 17:02:28.618,11.961003360849645
2025-03-22 17:02:28.618,5.921698056816376
2025-03-22 17:02:28.619,-5.045090452943988
2025-03-22 17:02:28.619,-9.68895020763728
2025-03-22 17:02:28.628,-4.899750964254426
2025-03-22 17:02:28.628,2.7804019436885707
2025-03-22 17:02:28.628,5.727046087452133
2025-03-22 17:02:28.629,3.191412757419302
2025-03-22 17:02:28.629,0.13821660099136063
2025-03-22 17:02:28.629,-0.273808021041172
2025-03-22 17:02:28.638,-0.4010458212633994
2025-03-22 17:02:28.638,-3.2065673579120846
2025-03-22 17:02:28.639,-5.987952425520853
2025-03-22 17:02:28.639,-2.8264971063658666
2025-03-22 17:02:28.648,6.1039457958472205
2025-03-22 17:02:28.648,11.588446238838598
2025-03-22 17:02:28.648,5.397192016097489
2025-03-22 17:02:28.648,-8.055163065109062
2025-03-22 17:02:28.649,-14.54761448617507
2025-03-22 17:02:28.658,-6.208096302866725
2025-03-22 17:02:28.658,8.35750740482069
2025-03-22 17:02:28.658,13.478458454754719
2025-03-22 17:02:28.658,4.618682341987447
2025-03-22 17:02:28.658,-7.011013119620659
2025-03-22 17:02:28.666,-8.739568007726728
2025-03-22 17:02:28.667,-1.12661090176339
2025-03-22 17:02:28.667,4.804717795306868
2025-03-22 17:02:28.667,2.477566301148973
2025-03-22 17:02:28.667,-2.943779105180807
2025-03-22 17:02:28.676,-2.9182735257007972
2025-03-22 17:02:28.676,2.7675729333154337
2025-03-22 17:02:28.677,6.137774452495419
2025-03-22 17:02:28.677,1.9530689047309318
2025-03-22 17:02:28.677,-5.245274572295251
2025-03-22 17:02:28.686,-6.959661692707864
2025-03-22 17:02:28.687,-1.4938123683539009
2025-03-22 17:02:28.687,4.398699568385967
2025-03-22 17:02:28.687,4.552037622322068
2025-03-22 17:02:28.687,0.6622820135548946
2025-03-22 17:02:28.696,-1.3442713543414067
2025-03-22 17:02:28.696,0.23286575444819085
2025-03-22 17:02:28.697,1.3214978577877428
2025-03-22 17:02:28.697,-1.3703114679453279
2025-03-22 17:02:28.697,-5.2395697256338805
2025-03-22 17:02:28.706,-4.7085945990834706
2025-03-22 17:02:28.706,1.7350765900080705
2025-03-22 17:02:28.707,8.699635866281819
2025-03-22 17:02:28.707,8.644986443915474
2025-03-22 17:02:28.707,-0.109623256423934
2025-03-22 17:02:28.716,-10.224381506825665
2025-03-22 17:02:28.716,-11.49610832227554
2025-03-22 17:02:28.717,-1.5099469591360095
2025-03-22 17:02:28.717,10.446805316380486
2025-03-22 17:02:28.726,12.12096929560197
2025-03-22 17:02:28.726,1.605932297671441
2025-03-22 17:02:28.726,-9.891351201863268
2025-03-22 17:02:28.726,-10.26913651206781
2025-03-22 17:02:28.726,-0.18542395616459495
2025-03-22 17:02:28.736,8.236613876154609
2025-03-22 17:02:28.736,6.1682748492297215
2025-03-22 17:02:28.736,-1.9511549401373425
2025-03-22 17:02:28.736,-5.228186362135715
2025-03-22 17:02:28.737,-0.4962588057387323
2025-03-22 17:02:28.746,4.408406130779786
2025-03-22 17:02:28.746,1.8206907493175448
2025-03-22 17:02:28.746,-5.2599490605913015
2025-03-22 17:02:28.746,-7.007846698056528
2025-03-22 17:02:28.746,0.35929697673805233
2025-03-22 17:02:28.754,9.261312667505965
2025-03-22 17:02:28.755,9.35301010724324
2025-03-22 17:02:28.755,-0.6317832908432777
2025-03-22 17:02:28.755,-11.123939603130973
2025-03-22 17:02:28.764,-11.268308805166441
2025-03-22 17:02:28.764,0.12260879442112615
2025-03-22 17:02:28.764,12.495700995867216
2025-03-22 17:02:28.764,12.87164842651877
2025-03-22 17:02:28.765,-0.7878242047290374
2025-03-22 17:02:28.772,-15.22754201108322
2025-03-22 17:02:28.773,-13.994172401470472
2025-03-22 17:02:28.773,3.72268171937793
2025-03-22 17:02:28.773,19.187336600223645
2025-03-22 17:02:28.782,13.864680617670878
2025-03-22 17:02:28.782,-7.850696493739424
2025-03-22 17:02:28.782,-21.832330618864205
2025-03-22 17:02:28.782,-12.095600495707174
2025-03-22 17:02:28.783,10.301392961707787
2025-03-22 17:02:28.790,20.74390097407527
2025-03-22 17:02:28.790,9.517067931221137
2025-03-22 17:02:28.791,-9.300236651681612
2025-03-22 17:02:28.791,-16.16264590293276
2025-03-22 17:02:28.800,-6.964444276449524
2025-03-22 17:02:28.800,6.179146001644144
2025-03-22 17:02:28.800,10.342020799324597
2025-03-22 17:02:28.801,4.094133224379233
2025-03-22 17:02:28.801,-3.9692439202165124
2025-03-22 17:02:28.810,-5.494112022517465
2025-03-22 17:02:28.810,-0.3696598561797466
2025-03-22 17:02:28.810,4.324497531117416
2025-03-22 17:02:28.810,2.6539393037091363
2025-03-22 17:02:28.811,-3.3163573923635568
2025-03-22 17:02:28.820,-5.95952236812802
2025-03-22 17:02:28.820,-1.470830958243355
2025-03-22 17:02:28.820,5.103587987023765
2025-03-22 17:02:28.820,6.000699233278179
2025-03-22 17:02:28.821,0.620283226159075
2025-03-22 17:02:28.830,-3.9077930609707225
2025-03-22 17:02:28.830,-2.537859891701173
2025-03-22 17:02:28.830,0.9544050958785201
2025-03-22 17:02:28.830,0.08361297334838107
2025-03-22 17:02:28.831,-3.91231577990164
2025-03-22 17:02:28.840,-3.0541518467138857
2025-03-22 17:02:28.840,5.005074989433983
2025-03-22 17:02:28.840,10.850675924346195
2025-03-22 17:02:28.840,4.438763245430731
2025-03-22 17:02:28.840,-9.70691181180842
2025-03-22 17:02:28.848,-15.109398460393605
2025-03-22 17:02:28.848,-3.627127869082132
2025-03-22 17:02:28.848,12.345511699039587
2025-03-22 17:02:28.849,14.028351804213719
2025-03-22 17:02:28.858,0.14780073660685655
2025-03-22 17:02:28.858,-11.37999803679591
2025-03-22 17:02:28.858,-7.178608721069081
2025-03-22 17:02:28.858,4.495642037806335
2025-03-22 17:02:28.859,6.630284057449947
2025-03-22 17:02:28.868,-2.370700803766664
2025-03-22 17:02:28.868,-7.528471336412251
2025-03-22 17:02:28.868,-0.00975631610180322
2025-03-22 17:02:28.868,9.650518602355639
2025-03-22 17:02:28.869,6.850663064059222
2025-03-22 17:02:28.878,-5.726740013641683
2025-03-22 17:02:28.878,-11.47731342591546
2025-03-22 17:02:28.878,-2.8094452128576846
2025-03-22 17:02:28.878,8.799189928588286
2025-03-22 17:02:28.878,8.718807632001273
2025-03-22 17:02:28.886,-1.9040246651499708
2025-03-22 17:02:28.887,-9.14646704430219
2025-03-22 17:02:28.887,-4.886254115053642
2025-03-22 17:02:28.887,4.403714296594376
2025-03-22 17:02:28.887,7.727093173387829
2025-03-22 17:02:28.896,2.7984609565918714
2025-03-22 17:02:28.896,-3.6536198864823692
2025-03-22 17:02:28.896,-5.423418531729368
2025-03-22 17:02:28.897,-2.676314084466089
2025-03-22 17:02:28.906,0.8441798034147934
2025-03-22 17:02:28.906,2.7238847250793885
2025-03-22 17:02:28.906,2.814112161813906
2025-03-22 17:02:28.907,1.6111066349692176
2025-03-22 17:02:28.907,-0.2163047165997079
2025-03-22 17:02:28.916,-1.468564777066787
2025-03-22 17:02:28.916,-1.4163398314701574
2025-03-22 17:02:28.916,-1.0588666030083929
2025-03-22 17:02:28.917,-1.7465327148445902
2025-03-22 17:02:28.917,-2.349628173713294
2025-03-22 17:02:28.926,0.13279947604244388
2025-03-22 17:02:28.926,5.663315272703844
2025-03-22 17:02:28.926,8.524825144960168
2025-03-22 17:02:28.927,2.8179123621012825
2025-03-22 17:02:28.927,-8.663830746626576
2025-03-22 17:02:28.936,-14.275608612256223
2025-03-22 17:02:28.936,-5.784904383033745
2025-03-22 17:02:28.936,10.060077034141408
2025-03-22 17:02:28.936,16.651789620065234
2025-03-22 17:02:28.936,6.11786883825778
2025-03-22 17:02:28.944,-10.505478247327945
2025-03-22 17:02:28.944,-15.1352442200414
2025-03-22 17:02:28.945,-3.2037529278376713
2025-03-22 17:02:28.945,11.398151665012504
2025-03-22 17:02:28.954,12.38370298706713
2025-03-22 17:02:28.954,-0.8559599416782885
2025-03-22 17:02:28.954,-13.213959427688003
2025-03-22 17:02:28.954,-10.933861284387834
2025-03-22 17:02:28.954,3.44099486352195
2025-03-22 17:02:28.962,14.304611204122429
2025-03-22 17:02:28.962,10.340285020362563
2025-03-22 17:02:28.962,-3.501983191148945
2025-03-22 17:02:28.963,-12.456014095565157
2025-03-22 17:02:28.972,-8.555700127115404
2025-03-22 17:02:28.972,1.9538830236447353
2025-03-22 17:02:28.972,7.588540682620619
2025-03-22 17:02:28.972,4.6480834297771345
2025-03-22 17:02:28.973,-0.8265089160187402
2025-03-22 17:02:28.982,-2.175246318535629
2025-03-22 17:02:28.982,0.2328683678787798
2025-03-22 17:02:28.982,1.3317646352003376
2025-03-22 17:02:28.982,-1.0224737616018678
2025-03-22 17:02:28.983,-3.5064352350315193
2025-03-22 17:02:28.992,-2.467895652915322
2025-03-22 17:02:28.992,1.0264204958118424
2025-03-22 17:02:28.992,3.1302262800003327
2025-03-22 17:02:28.993,2.560243819089963
2025-03-22 17:02:28.993,1.2883937243484458
2025-03-22 17:02:29.002,0.44909815374471257
2025-03-22 17:02:29.002,-1.276321684311188
2025-03-22 17:02:29.002,-4.185486981020736
2025-03-22 17:02:29.002,-5.096673887844045
2025-03-22 17:02:29.003,-0.8957266155761392
2025-03-22 17:02:29.012,6.116284325799965
2025-03-22 17:02:29.012,8.966517117041937
2025-03-22 17:02:29.012,3.4557585933970665
2025-03-22 17:02:29.012,-6.114779904700954
2025-03-22 17:02:29.013,-10.526770623679152
2025-03-22 17:02:29.022,-5.442832335950722
2025-03-22 17:02:29.022,3.8137507286164922
2025-03-22 17:02:29.022,8.408957164915185
2025-03-22 17:02:29.022,5.605026176577651
2025-03-22 17:02:29.022,0.16177376664904952
2025-03-22 17:02:29.030,-2.944386477407798
2025-03-22 17:02:29.031,-3.7348165858941123
2025-03-22 17:02:29.031,-4.1349010934371355
2025-03-22 17:02:29.031,-3.189511282802798
2025-03-22 17:02:29.031,1.1199253747169249
2025-03-22 17:02:29.040,6.53693193852889
2025-03-22 17:02:29.041,7.100497473282346
2025-03-22 17:02:29.041,0.5420957427812785
2025-03-22 17:02:29.041,-7.268905170784406
2025-03-22 17:02:29.041,-7.8985944052417105
2025-03-22 17:02:29.050,-0.23039569198103105
2025-03-22 17:02:29.050,7.384657841847172
2025-03-22 17:02:29.050,6.321682079106454
2025-03-22 17:02:29.051,-1.9740331462755671
2025-03-22 17:02:29.060,-7.313705133353826
2025-03-22 17:02:29.060,-3.1709485899410668
2025-03-22 17:02:29.060,4.90033091650328
2025-03-22 17:02:29.061,6.1967547008208195
2025-03-22 17:02:29.061,-1.0486828526037544
2025-03-22 17:02:29.070,-6.993249943412594
2025-03-22 17:02:29.070,-3.2068201805721848
2025-03-22 17:02:29.070,5.572836156110006
2025-03-22 17:02:29.071,7.186732365043804
2025-03-22 17:02:29.071,-1.4816285335628945
2025-03-22 17:02:29.080,-9.268105657960463
2025-03-22 17:02:29.080,-4.924668752542486
2025-03-22 17:02:29.080,7.087355179220692
2025-03-22 17:02:29.080,11.006451530782476
2025-03-22 17:02:29.080,0.38665244556040623
2025-03-22 17:02:29.088,-12.095534843590201
2025-03-22 17:02:29.088,-10.220308177611184
2025-03-22 17:02:29.089,4.378946727727769
2025-03-22 17:02:29.089,13.879733731659966
2025-03-22 17:02:29.089,7.2443083001836985
2025-03-22 17:02:29.098,-6.298967439549313
2025-03-22 17:02:29.099,-10.558300241463611
2025-03-22 17:02:29.099,-3.0294761274217823
2025-03-22 17:02:29.099,4.585913318396235
2025-03-22 17:02:29.108,3.7417480784509856
2025-03-22 17:02:29.108,-1.1505110805775511
2025-03-22 17:02:29.108,-1.7272692824663434
2025-03-22 17:02:29.109,2.1977309787094885
2025-03-22 17:02:29.109,4.0489107328907075
2025-03-22 17:02:29.118,0.6025403241576416
2025-03-22 17:02:29.118,-4.29647001947796
2025-03-22 17:02:29.118,-5.408631458397583
2025-03-22 17:02:29.118,-1.8044112229985942
2025-03-22 17:02:29.119,3.3362957559983384
2025-03-22 17:02:29.128,6.002569861660465
2025-03-22 17:02:29.128,3.977027251641845
2025-03-22 17:02:29.128,-1.6237235416512967
2025-03-22 17:02:29.129,-6.41860792264934
2025-03-22 17:02:29.129,-5.85565880934459
2025-03-22 17:02:29.138,0.253912942087341
2025-03-22 17:02:29.138,6.6140787368449665
2025-03-22 17:02:29.138,7.073764492268664
2025-03-22 17:02:29.138,0.832036939730433
2025-03-22 17:02:29.139,-6.407326686920782
2025-03-22 17:02:29.148,-7.780691363494455
2025-03-22 17:02:29.148,-1.7755115722493315
2025-03-22 17:02:29.148,6.2120946576073734
2025-03-22 17:02:29.148,8.52267715705248
2025-03-22 17:02:29.149,2.3101201837447642
2025-03-22 17:02:29.158,-6.9439583369885165
2025-03-22 17:02:29.158,-9.762610952219935
2025-03-22 17:02:29.158,-2.300163191357493
2025-03-22 17:02:29.158,8.495646716666979
2025-03-22 17:02:29.158,11.28302772127139
2025-03-22 17:02:29.166,2.4905042512699866
2025-03-22 17:02:29.166,-9.367855888041188
2025-03-22 17:02:29.167,-12.39324441611549
2025-03-22 17:02:29.167,-3.4843713668605885
2025-03-22 17:02:29.176,8.744620904323167
2025-03-22 17:02:29.176,12.585550499511164
2025-03-22 17:02:29.176,4.465319236107796
2025-03-22 17:02:29.176,-7.724460567506721
2025-03-22 17:02:29.177,-12.148071823948737
2025-03-22 17:02:29.186,-4.505658040860546
2025-03-22 17:02:29.186,7.549340677696565
2025-03-22 17:02:29.186,11.905842158748715
2025-03-22 17:02:29.187,4.276176533377288
2025-03-22 17:02:29.187,-7.491859948036953
2025-03-22 17:02:29.196,-11.781642275012045
2025-03-22 17:02:29.196,-5.09889097832059
2025-03-22 17:02:29.196,5.395450187334099
2025-03-22 17:02:29.196,10.365810572040145
2025-03-22 17:02:29.196,7.088548288916894
2025-03-22 17:02:29.204,-0.3819159295663561
2025-03-22 17:02:29.204,-6.729263966216677
2025-03-22 17:02:29.205,-8.748277904841418
2025-03-22 17:02:29.205,-5.362555082685512
2025-03-22 17:02:29.214,1.880975186190662
2025-03-22 17:02:29.214,8.129161133082173
2025-03-22 17:02:29.214,8.208067605658739
2025-03-22 17:02:29.215,1.9384837063382885
2025-03-22 17:02:29.215,-4.974685682227868
2025-03-22 17:02:29.224,-6.625328916253993
2025-03-22 17:02:29.224,-2.7404129251837865
2025-03-22 17:02:29.224,1.8389551834891515
2025-03-22 17:02:29.224,2.6984352214899654
2025-03-22 17:02:29.225,0.08937374916955365
2025-03-22 17:02:29.234,-1.9721001918103602
2025-03-22 17:02:29.234,-0.27197839934014767
2025-03-22 17:02:29.234,3.9124592533881106
2025-03-22 17:02:29.235,5.7460876006713075
2025-03-22 17:02:29.235,1.8652817857700996
2025-03-22 17:02:29.244,-5.49643740654374
2025-03-22 17:02:29.244,-9.924196393907652
2025-03-22 17:02:29.244,-6.757478134030208
2025-03-22 17:02:29.245,2.3169269389160365
2025-03-22 17:02:29.245,10.489809836930457
2025-03-22 17:02:29.252,11.499232171232629
2025-03-22 17:02:29.252,4.423777699889768
2025-03-22 17:02:29.253,-6.043590808682132
2025-03-22 17:02:29.253,-12.919583199382991
2025-03-22 17:02:29.253,-11.054905326921482
2025-03-22 17:02:29.262,-0.6791029658414363
2025-03-22 17:02:29.262,11.104760911881165
2025-03-22 17:02:29.263,14.19761537390265
2025-03-22 17:02:29.263,4.744092907700666
2025-03-22 17:02:29.270,-8.923704924202811
2025-03-22 17:02:29.271,-13.089146250442832
2025-03-22 17:02:29.271,-3.580045499621985
2025-03-22 17:02:29.271,8.602449598581227
2025-03-22 17:02:29.271,9.64420972746413
2025-03-22 17:02:29.280,-0.7044943394145567
2025-03-22 17:02:29.280,-9.270219916178867
2025-03-22 17:02:29.281,-6.052329816039413
2025-03-22 17:02:29.281,4.033825222460718
2025-03-22 17:02:29.281,8.56465065533379
2025-03-22 17:02:29.290,3.144523569687536
2025-03-22 17:02:29.290,-4.794728565811915
2025-03-22 17:02:29.291,-6.3675660714004785
2025-03-22 17:02:29.291,-1.009900484184716
2025-03-22 17:02:29.291,4.721724539772251
2025-03-22 17:02:29.300,4.965122699935188
2025-03-22 17:02:29.300,-0.18559213432829424
2025-03-22 17:02:29.301,-5.478897135077571
2025-03-22 17:02:29.301,-5.511596393610826
2025-03-22 17:02:29.310,0.09687400351806014
2025-03-22 17:02:29.310,6.043624610181693
2025-03-22 17:02:29.310,6.578409985925864
2025-03-22 17:02:29.310,1.4360350647101612
2025-03-22 17:02:29.311,-4.295439627918458
2025-03-22 17:02:29.320,-5.996391284873191
2025-03-22 17:02:29.320,-3.7443300115494376
2025-03-22 17:02:29.321,-0.36724960460857503
2025-03-22 17:02:29.321,2.738366179090088
2025-03-22 17:02:29.321,5.629427788759656
2025-03-22 17:02:29.321,6.508007694811207
2025-03-22 17:02:29.330,2.1503272112354566
2025-03-22 17:02:29.330,-6.352104064725479
2025-03-22 17:02:29.331,-11.280478558275238
2025-03-22 17:02:29.331,-5.965353786457435
2025-03-22 17:02:29.340,5.750060334561053
2025-03-22 17:02:29.340,12.011304256607641
2025-03-22 17:02:29.340,6.357119256232663
2025-03-22 17:02:29.340,-4.509469607450408
2025-03-22 17:02:29.341,-8.665791126257488
2025-03-22 17:02:29.350,-2.805633754642254
2025-03-22 17:02:29.350,4.644783806706813
2025-03-22 17:02:29.350,4.155227828119756
2025-03-22 17:02:29.350,-3.371421148987068
2025-03-22 17:02:29.351,-7.562707875038256
2025-03-22 17:02:29.358,-1.3367768555348207
2025-03-22 17:02:29.358,9.288739072311467
2025-03-22 17:02:29.359,11.228075608412084
2025-03-22 17:02:29.359,0.48429491655036583
2025-03-22 17:02:29.368,-11.637620441866746
2025-03-22 17:02:29.368,-11.550202952202339
2025-03-22 17:02:29.368,0.0702601480888192
2025-03-22 17:02:29.368,9.478865248389729
2025-03-22 17:02:29.369,7.027451179733321
2025-03-22 17:02:29.378,-1.988661631947608
2025-03-22 17:02:29.378,-5.58000122877329
2025-03-22 17:02:29.378,-0.27929314441774256
2025-03-22 17:02:29.379,5.739809399957187
2025-03-22 17:02:29.379,3.738326344057599
2025-03-22 17:02:29.388,-4.89510391383664
2025-03-22 17:02:29.388,-10.347666775729657
2025-03-22 17:02:29.388,-5.409887187486553
2025-03-22 17:02:29.388,6.497411525744618
2025-03-22 17:02:29.389,14.191366523344792
2025-03-22 17:02:29.396,9.37211359116514
2025-03-22 17:02:29.396,-4.922019485575189
2025-03-22 17:02:29.397,-16.082663319890443
2025-03-22 17:02:29.397,-13.229978920118098
2025-03-22 17:02:29.404,1.8916511718246594
2025-03-22 17:02:29.405,15.558107137421647
2025-03-22 17:02:29.405,14.949722986731697
2025-03-22 17:02:29.405,0.8831318497363148
2025-03-22 17:02:29.405,-12.972378044960537
2025-03-22 17:02:29.414,-13.9041771963188
2025-03-22 17:02:29.414,-2.5038862320268422
2025-03-22 17:02:29.414,9.22288235129766
2025-03-22 17:02:29.415,10.942667345348006
2025-03-22 17:02:29.424,3.3963064838291457
2025-03-22 17:02:29.424,-4.942987759325725
2025-03-22 17:02:29.424,-7.610342490557027
2025-03-22 17:02:29.424,-4.63459692651155
2025-03-22 17:02:29.425,0.4912236358635613
2025-03-22 17:02:29.434,4.726428374670891
2025-03-22 17:02:29.434,6.15628083474701
2025-03-22 17:02:29.434,3.699445106148615
2025-03-22 17:02:29.434,-1.8101898045350902
2025-03-22 17:02:29.435,-6.850449590696968
2025-03-22 17:02:29.444,-7.154025490784516
2025-03-22 17:02:29.444,-1.5144506722340265
2025-03-22 17:02:29.444,6.156186621044377
2025-03-22 17:02:29.444,9.317460615583304
2025-03-22 17:02:29.444,4.583675313615673
2025-03-22 17:02:29.452,-4.424300637694723
2025-03-22 17:02:29.452,-9.71094375081882
2025-03-22 17:02:29.453,-6.402470155005666
2025-03-22 17:02:29.453,2.2934703763827553
2025-03-22 17:02:29.453,8.22419588222782
2025-03-22 17:02:29.462,6.459263291263576
2025-03-22 17:02:29.462,-0.2837199031230583
2025-03-22 17:02:29.463,-5.341186520470463
2025-03-22 17:02:29.463,-5.034492265282004
2025-03-22 17:02:29.472,-1.172466328318908
2025-03-22 17:02:29.472,2.2080543279159
2025-03-22 17:02:29.473,2.91003628743138
2025-03-22 17:02:29.473,1.531658401299858
2025-03-22 17:02:29.473,-0.023221296334210162
2025-03-22 17:02:29.473,-0.3997801864507453
2025-03-22 17:02:29.482,-0.05073728012498828
2025-03-22 17:02:29.482,-0.8151465750086909
2025-03-22 17:02:29.483,-3.1456621596386283
2025-03-22 17:02:29.483,-3.945034205245058
2025-03-22 17:02:29.492,0.4471418256087605
2025-03-22 17:02:29.492,7.96192376802734
2025-03-22 17:02:29.492,10.183698603134934
2025-03-22 17:02:29.492,1.4128428118254863
2025-03-22 17:02:29.493,-12.256296117356223
2025-03-22 17:02:29.500,-16.75739923333605
2025-03-22 17:02:29.501,-5.054425775866799
2025-03-22 17:02:29.501,13.405064465056896
2025-03-22 17:02:29.501,20.886733247293247
2025-03-22 17:02:29.501,9.44194733596903
2025-03-22 17:02:29.510,-10.571076780808559
2025-03-22 17:02:29.510,-20.75034504593695
2025-03-22 17:02:29.511,-12.67003007219754
2025-03-22 17:02:29.511,5.038553480395858
2025-03-22 17:02:29.518,16.553778665681207
2025-03-22 17:02:29.519,13.793968662613123
2025-03-22 17:02:29.519,1.4151221948313593
2025-03-22 17:02:29.519,-10.057095966490026
2025-03-22 17:02:29.528,-13.171848184374504
2025-03-22 17:02:29.528,-7.0350813927511995
2025-03-22 17:02:29.528,3.641291744722107
2025-03-22 17:02:29.529,11.168499952041127
2025-03-22 17:02:29.529,9.64857853247852
2025-03-22 17:02:29.538,0.42979363458537373
2025-03-22 17:02:29.538,-7.962806281461572
2025-03-22 17:02:29.538,-7.949975276814669
2025-03-22 17:02:29.539,-0.9937074505143609
2025-03-22 17:02:29.539,4.448905487758808
2025-03-22 17:02:29.548,3.177440133853522
2025-03-22 17:02:29.548,-1.0862514796941094
2025-03-22 17:02:29.548,-1.6567757232131397
2025-03-22 17:02:29.548,1.8741168381534512
2025-03-22 17:02:29.549,3.5894545773272646
2025-03-22 17:02:29.558,-0.045220403027095096
2025-03-22 17:02:29.558,-5.0467852821032775
2025-03-22 17:02:29.558,-5.125506459219827
2025-03-22 17:02:29.559,0.2942883363509181
2025-03-22 17:02:29.559,5.6264763739808625
2025-03-22 17:02:29.566,5.7500362584975395
2025-03-22 17:02:29.566,1.0199794525703159
2025-03-22 17:02:29.567,-4.068829857020178
2025-03-22 17:02:29.567,-5.467714174241876
2025-03-22 17:02:29.567,-2.6269276902152816
2025-03-22 17:02:29.578,1.6600951758310982
2025-03-22 17:02:29.578,3.874955259029564
2025-03-22 17:02:29.578,2.819679593579467
2025-03-22 17:02:29.578,0.2889688783869968
2025-03-22 17:02:29.579,-1.3657986526784052
2025-03-22 17:02:29.586,-1.6369206082413559
2025-03-22 17:02:29.587,-1.299009102253781
2025-03-22 17:02:29.587,-0.6178267426544785
2025-03-22 17:02:29.587,0.5127251308291593
2025-03-22 17:02:29.596,1.4045153465606972
2025-03-22 17:02:29.596,1.1315948637928803
2025-03-22 17:02:29.597,-0.017373415343399673
2025-03-22 17:02:29.597,-0.8657643708805212
2025-03-22 17:02:29.597,-0.8494578843707598
2025-03-22 17:02:29.606,-0.2521514424336997
2025-03-22 17:02:29.606,0.5164017897476598
2025-03-22 17:02:29.606,0.9113743158220713
2025-03-22 17:02:29.606,0.2261649215888012
2025-03-22 17:02:29.607,-1.2444191346755131
2025-03-22 17:02:29.616,-1.6368842903532042
2025-03-22 17:02:29.616,0.41302085182782244
2025-03-22 17:02:29.616,3.2416681783079824
2025-03-22 17:02:29.616,3.1607173796350247
2025-03-22 17:02:29.617,-1.2146552314647558
2025-03-22 17:02:29.626,-6.197155131840971
2025-03-22 17:02:29.626,-5.847427652419365
2025-03-22 17:02:29.626,1.3646177218344966
2025-03-22 17:02:29.626,9.149560459730363
2025-03-22 17:02:29.627,8.83537916553213
2025-03-22 17:02:29.636,-0.5855162924771214
2025-03-22 17:02:29.636,-9.913996114304815
2025-03-22 17:02:29.636,-9.629890287178233
2025-03-22 17:02:29.636,-0.8290297032974174
2025-03-22 17:02:29.637,6.781916176303462
2025-03-22 17:02:29.644,6.8071938112150185
2025-03-22 17:02:29.644,2.093691123006809
2025-03-22 17:02:29.645,-1.4307610947047587
2025-03-22 17:02:29.645,-2.2652952432652436
2025-03-22 17:02:29.645,-2.341590430095115
2025-03-22 17:02:29.656,-2.085690078038967
2025-03-22 17:02:29.656,-0.42140801495919183
2025-03-22 17:02:29.656,1.6900560218361331
2025-03-22 17:02:29.656,1.6659330089231115
2025-03-22 17:02:29.656,-0.4424036068967978
2025-03-22 17:02:29.664,-1.2925267508150626
2025-03-22 17:02:29.665,0.9109872108717282
2025-03-22 17:02:29.665,3.337534196865307
2025-03-22 17:02:29.665,2.228807564967597
2025-03-22 17:02:29.665,-1.8486968459810484
2025-03-22 17:02:29.674,-4.8152335948048925
2025-03-22 17:02:29.675,-4.427209616125485
2025-03-22 17:02:29.675,-1.9964764330426559
2025-03-22 17:02:29.675,1.3372038675998967
2025-03-22 17:02:29.675,6.227552295106721
2025-03-22 17:02:29.684,10.753347849238965
2025-03-22 17:02:29.684,8.25045082818746
2025-03-22 17:02:29.685,-4.926165699906391
2025-03-22 17:02:29.685,-20.046231434751377
2025-03-22 17:02:29.692,-20.797972062963662
2025-03-22 17:02:29.693,-1.34326502965868
2025-03-22 17:02:29.693,23.3366632046004
2025-03-22 17:02:29.693,30.017344825858824
2025-03-22 17:02:29.693,10.973657949255546
2025-03-22 17:02:29.702,-17.310156192101708
2025-03-22 17:02:29.702,-30.27096440179787
2025-03-22 17:02:29.702,-18.656983068628584
2025-03-22 17:02:29.703,4.93870850413942
2025-03-22 17:02:29.710,20.622683390045157
2025-03-22 17:02:29.711,19.293373252360553
2025-03-22 17:02:29.711,6.715570651438762
2025-03-22 17:02:29.711,-6.06503358796352
2025-03-22 17:02:29.720,-12.5308871993307
2025-03-22 17:02:29.720,-11.94942511252409
2025-03-22 17:02:29.721,-5.788785137467239
2025-03-22 17:02:29.721,3.3744132825290616
2025-03-22 17:02:29.721,10.48475393475877
2025-03-22 17:02:29.730,9.935231383295335
2025-03-22 17:02:29.730,1.6153194146273153
2025-03-22 17:02:29.731,-6.6938500467238375
2025-03-22 17:02:29.731,-6.619520691320936
2025-03-22 17:02:29.731,0.6198570912625209
2025-03-22 17:02:29.740,4.83015275396334
2025-03-22 17:02:29.740,-0.1723653096929298
2025-03-22 17:02:29.741,-7.4172185798255015
2025-03-22 17:02:29.741,-5.251174327698292
2025-03-22 17:02:29.741,6.172197734722804
2025-03-22 17:02:29.750,13.074396824543586
2025-03-22 17:02:29.750,5.388035560564153
2025-03-22 17:02:29.750,-9.099531066603541
2025-03-22 17:02:29.750,-13.614876905252212
2025-03-22 17:02:29.751,-3.467226718466172
2025-03-22 17:02:29.758,8.506625528980999
2025-03-22 17:02:29.759,9.008742167357946
2025-03-22 17:02:29.759,0.4465263615446723
2025-03-22 17:02:29.759,-4.802789708597268
2025-03-22 17:02:29.768,-2.0373079149285553
2025-03-22 17:02:29.768,1.423154560548612
2025-03-22 17:02:29.768,-0.6855868256224802
2025-03-22 17:02:29.769,-4.004963837109026
2025-03-22 17:02:29.769,-1.236215966002516
2025-03-22 17:02:29.778,5.673777390604859
2025-03-22 17:02:29.778,7.390724734576247
2025-03-22 17:02:29.778,0.20378054030437048
2025-03-22 17:02:29.779,-8.35234124511171
2025-03-22 17:02:29.779,-8.589977138441592
2025-03-22 17:02:29.788,-0.11700623022990042
2025-03-22 17:02:29.788,8.257327278232019
2025-03-22 17:02:29.788,8.643889454534168
2025-03-22 17:02:29.788,1.7381066717394422
2025-03-22 17:02:29.789,-5.5043073772304325
2025-03-22 17:02:29.798,-7.602493304468925
2025-03-22 17:02:29.798,-4.506441348716564
2025-03-22 17:02:29.798,0.781132138821445
2025-03-22 17:02:29.799,5.503030347992414
2025-03-22 17:02:29.799,7.231873367468745
2025-03-22 17:02:29.808,3.764639487070419
2025-03-22 17:02:29.808,-3.7703537755646095
2025-03-22 17:02:29.808,-8.958965771162978
2025-03-22 17:02:29.809,-5.516687575477798
2025-03-22 17:02:29.809,4.193460474431212
2025-03-22 17:02:29.816,9.60260097154116
2025-03-22 17:02:29.816,3.7874550700223732
2025-03-22 17:02:29.817,-7.066249491079972
2025-03-22 17:02:29.817,-9.860845364332237
2025-03-22 17:02:29.826,-0.40601102193443805
2025-03-22 17:02:29.826,10.657562501971475
2025-03-22 17:02:29.826,10.114191481638372
2025-03-22 17:02:29.827,-1.9347847323713026
2025-03-22 17:02:29.827,-12.142568213931527
2025-03-22 17:02:29.836,-9.69559115989239
2025-03-22 17:02:29.836,1.7786988071345449
2025-03-22 17:02:29.836,9.83039877248659
2025-03-22 17:02:29.837,7.711579872586173
2025-03-22 17:02:29.837,-0.008838577096530797
2025-03-22 17:02:29.846,-4.986938700532103
2025-03-22 17:02:29.846,-4.265190667135082
2025-03-22 17:02:29.846,-1.010237387934307
2025-03-22 17:02:29.846,0.8666367224140226
2025-03-22 17:02:29.847,0.518517118974588
2025-03-22 17:02:29.856,-0.3347954062288988
2025-03-22 17:02:29.856,0.17661629670274537
2025-03-22 17:02:29.856,2.1351353826314172
2025-03-22 17:02:29.857,3.457366308999341
2025-03-22 17:02:29.857,1.7378634054694257
2025-03-22 17:02:29.866,-2.753853887906113
2025-03-22 17:02:29.866,-6.268881491775287
2025-03-22 17:02:29.866,-4.847321282767937
2025-03-22 17:02:29.867,1.2799476665111638
2025-03-22 17:02:29.867,7.110292981862469
2025-03-22 17:02:29.874,7.266904498096272
2025-03-22 17:02:29.874,1.2518252200386821
2025-03-22 17:02:29.875,-5.726409115267662
2025-03-22 17:02:29.875,-7.58517910546004
2025-03-22 17:02:29.875,-3.285027943340168
2025-03-22 17:02:29.884,2.5283347722514664
2025-03-22 17:02:29.885,4.967151469839256
2025-03-22 17:02:29.885,3.7896970003040864
2025-03-22 17:02:29.885,1.8512613788814183
2025-03-22 17:02:29.885,0.21675563809142426
2025-03-22 17:02:29.894,-2.4711143368451762
2025-03-22 17:02:29.895,-5.793566144394573
2025-03-22 17:02:29.895,-5.949658655469227
2025-03-22 17:02:29.895,-0.5183247673925255
2025-03-22 17:02:29.904,6.832063990283058
2025-03-22 17:02:29.904,9.23015399173844
2025-03-22 17:02:29.904,4.251217281388549
2025-03-22 17:02:29.905,-3.4657798905938386
2025-03-22 17:02:29.905,-7.739140927150518
2025-03-22 17:02:29.914,-6.903988097600279
2025-03-22 17:02:29.914,-3.227023682023864
2025-03-22 17:02:29.914,1.4888754199651073
2025-03-22 17:02:29.915,6.735252118265642
2025-03-22 17:02:29.915,10.131956067507025
2025-03-22 17:02:29.922,7.111239655817152
2025-03-22 17:02:29.923,-3.4286674488366877
2025-03-22 17:02:29.923,-14.324296811708546
2025-03-22 17:02:29.923,-14.721168239335974
2025-03-22 17:02:29.923,-1.6084336143965627
2025-03-22 17:02:29.932,14.611913629851093
2025-03-22 17:02:29.933,18.80382625224753
2025-03-22 17:02:29.933,6.251603310969352
2025-03-22 17:02:29.933,-11.82149068734534
2025-03-22 17:02:29.942,-18.75518694793939
2025-03-22 17:02:29.942,-8.599908190488849
2025-03-22 17:02:29.942,8.243505928215594
2025-03-22 17:02:29.943,15.565863081294962
2025-03-22 17:02:29.943,7.567516151006414
2025-03-22 17:02:29.952,-5.903668108079714
2025-03-22 17:02:29.952,-10.683352314009515
2025-03-22 17:02:29.952,-3.660547146991073
2025-03-22 17:02:29.953,5.168922868042051
2025-03-22 17:02:29.953,5.612912495497115
2025-03-22 17:02:29.962,-1.0618579974026128
2025-03-22 17:02:29.962,-5.339424441644992
2025-03-22 17:02:29.962,-1.9175264534790903
2025-03-22 17:02:29.962,4.53216740414403
2025-03-22 17:02:29.963,5.9604139790950645
2025-03-22 17:02:29.970,0.4695712470165759
2025-03-22 17:02:29.971,-6.0506244020426765
2025-03-22 17:02:29.971,-6.68847259909171
2025-03-22 17:02:29.971,-0.7916879492250068
2025-03-22 17:02:29.971,5.601364577215302
2025-03-22 17:02:29.980,6.380373505993098
2025-03-22 17:02:29.980,1.7734025135519573
2025-03-22 17:02:29.981,-2.7972018945323525
2025-03-22 17:02:29.981,-3.7072509017348168
2025-03-22 17:02:29.990,-2.6189783326084233
2025-03-22 17:02:29.990,-2.1784860823718963
2025-03-22 17:02:29.991,-1.1806823816507825
2025-03-22 17:02:29.991,2.8050087912014634
2025-03-22 17:02:29.991,7.377604539806258
2025-03-22 17:02:30.000,6.322423359706529
2025-03-22 17:02:30.000,-1.8968718461166705
2025-03-22 17:02:30.000,-9.992100832092977
2025-03-22 17:02:30.001,-9.258215231764801
2025-03-22 17:02:30.001,0.05086457260676608
2025-03-22 17:02:30.010,8.609404352327367
2025-03-22 17:02:30.010,8.456832553694287
2025-03-22 17:02:30.010,1.331907352697426
2025-03-22 17:02:30.011,-4.464438583216238
2025-03-22 17:02:30.011,-3.9795735227296807
2025-03-22 17:02:30.020,-0.3419363888891164
2025-03-22 17:02:30.020,0.4592337259047353
2025-03-22 17:02:30.020,-2.400858332854968
2025-03-22 17:02:30.020,-3.6236077858441362
2025-03-22 17:02:30.021,0.9929228445275587
2025-03-22 17:02:30.028,7.945099484857539
2025-03-22 17:02:30.029,8.803951202167038
2025-03-22 17:02:30.029,0.3620730361993086
2025-03-22 17:02:30.029,-9.987376804140442
2025-03-22 17:02:30.029,-11.62968205532489
2025-03-22 17:02:30.038,-2.9331089515586033
2025-03-22 17:02:30.038,6.990724088150658
2025-03-22 17:02:30.039,9.271744191886135
2025-03-22 17:02:30.039,4.658492803675533
2025-03-22 17:02:30.048,-0.14113347947826765
2025-03-22 17:02:30.048,-2.249239359231938
2025-03-22 17:02:30.048,-4.170640567415548
2025-03-22 17:02:30.049,-6.503406281482824
2025-03-22 17:02:30.049,-5.076787261197275
2025-03-22 17:02:30.058,1.8738655213647324
2025-03-22 17:02:30.058,8.34336690925222
2025-03-22 17:02:30.058,7.367206170409356
2025-03-22 17:02:30.059,0.7039028079469811
2025-03-22 17:02:30.059,-3.80794172433192
2025-03-22 17:02:30.068,-3.3970018389328898
2025-03-22 17:02:30.068,-2.645329057826956
2025-03-22 17:02:30.068,-4.03263372820318
2025-03-22 17:02:30.069,-2.9640030360814342
2025-03-22 17:02:30.069,3.9276033006498565
2025-03-22 17:02:30.076,10.460675910851888
2025-03-22 17:02:30.076,7.230710808562481
2025-03-22 17:02:30.077,-4.7605983106813845
2025-03-22 17:02:30.077,-12.863866791952752
2025-03-22 17:02:30.086,-7.5766792123996884
2025-03-22 17:02:30.086,5.262269939048438
2025-03-22 17:02:30.086,11.15217873101186
2025-03-22 17:02:30.087,4.438127109152677
2025-03-22 17:02:30.087,-5.510130184489576
2025-03-22 17:02:30.096,-6.826784396205121
2025-03-22 17:02:30.096,0.3204578532644694
2025-03-22 17:02:30.097,5.5255445546749495
2025-03-22 17:02:30.097,2.4352046320907292
2025-03-22 17:02:30.097,-3.874747213146344
2025-03-22 17:02:30.106,-4.911544724808499
2025-03-22 17:02:30.106,0.05018647768403128
2025-03-22 17:02:30.106,4.193612926157231
2025-03-22 17:02:30.107,2.774726880505352
2025-03-22 17:02:30.107,-1.2865515628769426
2025-03-22 17:02:30.116,-2.0711507058486434
2025-03-22 17:02:30.116,1.4296567330583803
2025-03-22 17:02:30.117,3.8640071536067726
2025-03-22 17:02:30.117,0.15303675719823753
2025-03-22 17:02:30.117,-7.068402146150828
2025-03-22 17:02:30.126,-8.57197439131172
2025-03-22 17:02:30.126,0.5360483100568905
2025-03-22 17:02:30.126,12.15034385901197
2025-03-22 17:02:30.126,12.329381125499012
2025-03-22 17:02:30.127,-1.2210252918658626
2025-03-22 17:02:30.134,-14.025899222616726
2025-03-22 17:02:30.134,-11.560680643481248
2025-03-22 17:02:30.135,2.669436432861449
2025-03-22 17:02:30.135,11.72210103065676
2025-03-22 17:02:30.144,6.3847069959241285
2025-03-22 17:02:30.144,-4.6722026120576325
2025-03-22 17:02:30.144,-7.320033293656245
2025-03-22 17:02:30.145,0.4900421744110083
2025-03-22 17:02:30.145,7.498940264654836
2025-03-22 17:02:30.154,3.8535150739623663
2025-03-22 17:02:30.154,-6.74627455858234
2025-03-22 17:02:30.154,-11.30533019235505
2025-03-22 17:02:30.155,-2.8675024687864554
2025-03-22 17:02:30.155,10.66464942215105
2025-03-22 17:02:30.162,14.624262625730934
2025-03-22 17:02:30.162,3.953240629513304
2025-03-22 17:02:30.163,-10.781664975753312
2025-03-22 17:02:30.163,-14.942779093955913
2025-03-22 17:02:30.172,-5.5547016177935165
2025-03-22 17:02:30.172,6.922036451980844
2025-03-22 17:02:30.173,11.347031312833046
2025-03-22 17:02:30.173,6.6198538342968885
2025-03-22 17:02:30.173,-0.8523372833142567
2025-03-22 17:02:30.182,-5.885310796052399
2025-03-22 17:02:30.182,-7.326260678497387
2025-03-22 17:02:30.182,-4.916987286453475
2025-03-22 17:02:30.183,1.4034218066535036
2025-03-22 17:02:30.183,8.243133112491565
2025-03-22 17:02:30.192,8.989236687205505
2025-03-22 17:02:30.192,0.8457897038708877
2025-03-22 17:02:30.192,-9.527741974634809
2025-03-22 17:02:30.193,-11.218042546835575
2025-03-22 17:02:30.193,-1.317197822224387
2025-03-22 17:02:30.200,10.414269603960069
2025-03-22 17:02:30.200,11.616794825104103
2025-03-22 17:02:30.201,1.1846129860936025
2025-03-22 17:02:30.201,-9.545350119637895
2025-03-22 17:02:30.210,-9.772277918115291
2025-03-22 17:02:30.210,-0.907477281784929
2025-03-22 17:02:30.211,6.446258474471813
2025-03-22 17:02:30.211,5.446034374765231
2025-03-22 17:02:30.211,-0.2096956006978099
2025-03-22 17:02:30.220,-2.692716379105423
2025-03-22 17:02:30.220,-0.005880500256284782
2025-03-22 17:02:30.221,2.8717564936411386
2025-03-22 17:02:30.221,1.2630378021974753
2025-03-22 17:02:30.221,-3.6861433018431486
2025-03-22 17:02:30.230,-6.835518002233957
2025-03-22 17:02:30.230,-4.2633629520929315
2025-03-22 17:02:30.230,3.5211238223677976
2025-03-22 17:02:30.231,11.200966475428455
2025-03-22 17:02:30.231,11.131926610554485
2025-03-22 17:02:30.238,-0.04262739542038024
2025-03-22 17:02:30.239,-14.75712096582263
2025-03-22 17:02:30.239,-18.258662276255794
2025-03-22 17:02:30.239,-4.160290639969626
2025-03-22 17:02:30.248,15.306268250533218
2025-03-22 17:02:30.248,20.561905363439
2025-03-22 17:02:30.248,6.781085149358942
2025-03-22 17:02:30.249,-10.788254183749803
2025-03-22 17:02:30.249,-15.323783566210349
2025-03-22 17:02:30.258,-6.664722575325873
2025-03-22 17:02:30.258,2.683615023478511
2025-03-22 17:02:30.259,4.914579968641428
2025-03-22 17:02:30.259,3.5730007092935088
2025-03-22 17:02:30.259,4.049229659071551
2025-03-22 17:02:30.268,4.740514723531004
2025-03-22 17:02:30.268,1.1056904936097625
2025-03-22 17:02:30.268,-5.613138600318102
2025-03-22 17:02:30.269,-8.72337456259851
2025-03-22 17:02:30.269,-4.626712633250797
2025-03-22 17:02:30.278,2.6647414828722877
2025-03-22 17:02:30.278,6.54781335317385
2025-03-22 17:02:30.278,4.980654416041464
2025-03-22 17:02:30.279,1.123688383734023
2025-03-22 17:02:30.279,-1.5217409337646286
2025-03-22 17:02:30.286,-2.37802664400125
2025-03-22 17:02:30.287,-2.4999442993533654
2025-03-22 17:02:30.287,-2.226623025701145
2025-03-22 17:02:30.287,-1.1794853986428506
2025-03-22 17:02:30.287,0.5040761606656851
2025-03-22 17:02:30.298,2.152466594628691
2025-03-22 17:02:30.298,3.35387532451833
2025-03-22 17:02:30.298,3.699989619686127
2025-03-22 17:02:30.299,1.984406368437677
2025-03-22 17:02:30.299,-2.7211085752364887
2025-03-22 17:02:30.306,-8.225899312871492
2025-03-22 17:02:30.307,-8.850945143144482
2025-03-22 17:02:30.307,-0.696928260821495
2025-03-22 17:02:30.307,11.67521045035276
2025-03-22 17:02:30.314,16.358720751783473
2025-03-22 17:02:30.315,5.6095905326349795
2025-03-22 17:02:30.315,-13.249865361895266
2025-03-22 17:02:30.315,-21.997127672899293
2025-03-22 17:02:30.315,-9.945986178422228
2025-03-22 17:02:30.324,12.699928121893864
2025-03-22 17:02:30.325,23.59118518841399
2025-03-22 17:02:30.325,11.693533360098057
2025-03-22 17:02:30.325,-10.488510533531764
2025-03-22 17:02:30.334,-20.48623930461612
2025-03-22 17:02:30.334,-10.083748658372047
2025-03-22 17:02:30.334,7.400053275898689
2025-03-22 17:02:30.334,13.86816825184364
2025-03-22 17:02:30.335,6.112540416897896
2025-03-22 17:02:30.342,-4.047401449289957
2025-03-22 17:02:30.343,-6.059475864223976
2025-03-22 17:02:30.343,-1.6056038701937128
2025-03-22 17:02:30.343,1.207157207850822
2025-03-22 17:02:30.352,-0.4553864449677279
2025-03-22 17:02:30.353,-2.1400627649725945
2025-03-22 17:02:30.353,0.06007466679730257
2025-03-22 17:02:30.353,3.9259900604508062
2025-03-22 17:02:30.353,4.501565561553172
2025-03-22 17:02:30.353,0.6358101142226562
2025-03-22 17:02:30.362,-3.8898948068347288
2025-03-22 17:02:30.363,-5.011605109810612
2025-03-22 17:02:30.363,-2.3727878714464734
2025-03-22 17:02:30.363,1.372377411354336
2025-03-22 17:02:30.372,3.6407479673118517
2025-03-22 17:02:30.372,3.529671346344945
2025-03-22 17:02:30.373,1.481331275708563
2025-03-22 17:02:30.373,-1.2888169858991991
2025-03-22 17:02:30.373,-3.127720376724455
2025-03-22 17:02:30.382,-2.781339163930728
2025-03-22 17:02:30.382,-0.5190171030802639
2025-03-22 17:02:30.383,1.7805465064441224
2025-03-22 17:02:30.383,2.1737942109928174
2025-03-22 17:02:30.383,0.5774704170104247
2025-03-22 17:02:30.392,-1.0261288287821448
2025-03-22 17:02:30.392,-0.7179641104138569
2025-03-22 17:02:30.393,1.0449373117452407
2025-03-22 17:02:30.393,1.7802671276916195
2025-03-22 17:02:30.393,-0.10168935765930612
2025-03-22 17:02:30.402,-3.115469651876614
2025-03-22 17:02:30.402,-3.869516939649042
2025-03-22 17:02:30.403,-0.5784149690319956
2025-03-22 17:02:30.403,4.505665025115512
2025-03-22 17:02:30.403,6.46148256629576
2025-03-22 17:02:30.412,2.403051046510163
2025-03-22 17:02:30.412,-4.763328384710747
2025-03-22 17:02:30.413,-8.285709365489687
2025-03-22 17:02:30.413,-4.35869391770684
2025-03-22 17:02:30.413,3.5313411132460786
2025-03-22 17:02:30.422,8.102147394197223
2025-03-22 17:02:30.422,5.714283471708916
2025-03-22 17:02:30.422,-0.7241821520242844
2025-03-22 17:02:30.423,-5.669535683949117
2025-03-22 17:02:30.423,-6.060038183198415
2025-03-22 17:02:30.432,-2.585760355890905
2025-03-22 17:02:30.432,2.06336333073871
2025-03-22 17:02:30.433,5.032359930939702
2025-03-22 17:02:30.433,4.60130013385923
2025-03-22 17:02:30.433,1.2509700794095902
2025-03-22 17:02:30.440,-2.555551608178939
2025-03-22 17:02:30.441,-4.354803809661779
2025-03-22 17:02:30.441,-3.4559528148195833
2025-03-22 17:02:30.441,-0.7260890541423601
2025-03-22 17:02:30.441,2.467260311344868
2025-03-22 17:02:30.450,4.442379253908081
2025-03-22 17:02:30.451,3.45809149250708
2025-03-22 17:02:30.451,-0.5142982624812562
2025-03-22 17:02:30.451,-4.438041506722074
2025-03-22 17:02:30.451,-4.454067059594602
2025-03-22 17:02:30.461,-0.2743844382519801
2025-03-22 17:02:30.461,3.8848507020693055
2025-03-22 17:02:30.461,3.8232269820548734
2025-03-22 17:02:30.461,0.023322818694327174
2025-03-22 17:02:30.461,-3.2859443241914246
2025-03-22 17:02:30.470,-3.057797689273144
2025-03-22 17:02:30.471,-0.05921133043251428
2025-03-22 17:02:30.471,2.9555115426911676
2025-03-22 17:02:30.471,3.852038049558046
2025-03-22 17:02:30.471,1.73309385358907
2025-03-22 17:02:30.480,-2.8236749839050796
2025-03-22 17:02:30.481,-6.748635140176052
2025-03-22 17:02:30.481,-5.499384517866453
2025-03-22 17:02:30.481,2.1842961704591213
2025-03-22 17:02:30.490,10.604405529777827
2025-03-22 17:02:30.490,10.895155227305182
2025-03-22 17:02:30.490,0.35846183732125114
2025-03-22 17:02:30.491,-12.888088768215539
2025-03-22 17:02:30.491,-16.518598179568276
2025-03-22 17:02:30.498,-5.914155523574105
2025-03-22 17:02:30.499,10.845519873427806
2025-03-22 17:02:30.499,19.854470969773256
2025-03-22 17:02:30.499,13.332826836894993
2025-03-22 17:02:30.508,-3.8922127592512217
2025-03-22 17:02:30.508,-18.306298216646958
2025-03-22 17:02:30.509,-18.624444694957962
2025-03-22 17:02:30.509,-4.9805041872191005
2025-03-22 17:02:30.509,11.387231873284739
2025-03-22 17:02:30.516,17.92753593653836
2025-03-22 17:02:30.517,11.164559843440102
2025-03-22 17:02:30.517,-1.7955639899608484
2025-03-22 17:02:30.517,-10.971816960898197
2025-03-22 17:02:30.526,-11.798112257753138
2025-03-22 17:02:30.526,-6.381263618448019
2025-03-22 17:02:30.527,1.0410475804556818
2025-03-22 17:02:30.527,7.530774520175278
2025-03-22 17:02:30.527,10.648246698304348
2025-03-22 17:02:30.536,7.56202329618823
2025-03-22 17:02:30.536,-1.7680342793223112
2025-03-22 17:02:30.537,-11.104525814183273
2025-03-22 17:02:30.537,-11.684946789063618
2025-03-22 17:02:30.537,-1.9419917211132653
2025-03-22 17:02:30.546,8.865946827866926
2025-03-22 17:02:30.546,10.199016549767624
2025-03-22 17:02:30.546,2.404784857104624
2025-03-22 17:02:30.546,-4.538594428463005
2025-03-22 17:02:30.547,-4.274852503221982
2025-03-22 17:02:30.556,-1.022996817188576
2025-03-22 17:02:30.556,-1.1758972309657532
2025-03-22 17:02:30.557,-3.0325929292306153
2025-03-22 17:02:30.557,-0.2806484777332756
2025-03-22 17:02:30.557,6.538273561712465
2025-03-22 17:02:30.564,8.67740597189146
2025-03-22 17:02:30.564,0.9962070596232249
2025-03-22 17:02:30.565,-9.613932388042844
2025-03-22 17:02:30.565,-11.429340918633685
2025-03-22 17:02:30.574,-1.7956492312858021
2025-03-22 17:02:30.574,9.629952840233607
2025-03-22 17:02:30.574,11.637095854963043
2025-03-22 17:02:30.575,3.058538005439627
2025-03-22 17:02:30.575,-7.196645973593347
2025-03-22 17:02:30.584,-9.986809727603626
2025-03-22 17:02:30.584,-4.292862261860929
2025-03-22 17:02:30.584,3.5668162416869826
2025-03-22 17:02:30.585,7.089336353390404
2025-03-22 17:02:30.585,4.949067020118028
2025-03-22 17:02:30.594,0.2383176227112243
2025-03-22 17:02:30.594,-3.6088830978814874
2025-03-22 17:02:30.595,-5.083059457245424
2025-03-22 17:02:30.595,-3.840608308542412
2025-03-22 17:02:30.595,0.0541548976916619
2025-03-22 17:02:30.602,4.936952384679969
2025-03-22 17:02:30.603,6.945963914686847
2025-03-22 17:02:30.603,3.109702251994374
2025-03-22 17:02:30.603,-4.344335429599715
2025-03-22 17:02:30.603,-8.654322177066405
2025-03-22 17:02:30.614,-5.185620190960306
2025-03-22 17:02:30.614,3.113113535721145
2025-03-22 17:02:30.614,8.309045026199632
2025-03-22 17:02:30.614,5.662385819813044
2025-03-22 17:02:30.615,-1.6795799209731321
2025-03-22 17:02:30.622,-6.422344679279511
2025-03-22 17:02:30.623,-4.732131548514424
2025-03-22 17:02:30.623,0.6375767343780689
2025-03-22 17:02:30.623,4.219910512623331
2025-03-22 17:02:30.623,3.375807852322385
2025-03-22 17:02:30.632,-0.24776620677656142
2025-03-22 17:02:30.633,-3.1528774479304
2025-03-22 17:02:30.633,-2.8196895338156116
2025-03-22 17:02:30.633,0.6093164134972878
2025-03-22 17:02:30.642,4.000195126224974
2025-03-22 17:02:30.642,3.4992233935391788
2025-03-22 17:02:30.643,-1.1979564505639297
2025-03-22 17:02:30.643,-5.474507454377499
2025-03-22 17:02:30.643,-4.533929339791655
2025-03-22 17:02:30.652,0.7857031474362564
2025-03-22 17:02:30.653,4.898595204899006
2025-03-22 17:02:30.653,4.205952697864609
2025-03-22 17:02:30.653,0.8112281271831573
2025-03-22 17:02:30.653,-1.1838023696819846
2025-03-22 17:02:30.662,-1.0793826558737194
2025-03-22 17:02:30.662,-1.5011885385646515
2025-03-22 17:02:30.662,-3.6306042326285817
2025-03-22 17:02:30.663,-4.558462501831192
2025-03-22 17:02:30.663,-0.736305013474282
2025-03-22 17:02:30.672,6.332506641430769
2025-03-22 17:02:30.672,9.821425589148609
2025-03-22 17:02:30.672,4.72135475758022
2025-03-22 17:02:30.673,-5.413871199834131
2025-03-22 17:02:30.673,-11.113938518556047
2025-03-22 17:02:30.682,-7.029602428812679
2025-03-22 17:02:30.682,2.3235654772487035
2025-03-22 17:02:30.683,7.847113464728531
2025-03-22 17:02:30.683,5.543356532656416
2025-03-22 17:02:30.683,-0.4434787958659208
2025-03-22 17:02:30.692,-3.506981641206141
2025-03-22 17:02:30.692,-1.457728166999004
2025-03-22 17:02:30.692,2.2572331532973817
2025-03-22 17:02:30.693,2.6990318709373984
2025-03-22 17:02:30.693,-1.6215031745331205
2025-03-22 17:02:30.702,-6.90984086611378
2025-03-22 17:02:30.702,-7.002576782206752
2025-03-22 17:02:30.702,0.49971896602421434
2025-03-22 17:02:30.703,10.361744491139994
2025-03-22 17:02:30.703,13.368011563723082
2025-03-22 17:02:30.710,5.262064271150601
2025-03-22 17:02:30.711,-8.30435855287273
2025-03-22 17:02:30.711,-16.523037550273663
2025-03-22 17:02:30.711,-12.902232503967596
2025-03-22 17:02:30.720,-0.09361694507454155
2025-03-22 17:02:30.720,13.041319602710058
2025-03-22 17:02:30.721,17.81688641379814
2025-03-22 17:02:30.721,10.79763062219393
2025-03-22 17:02:30.721,-3.986275348858393
2025-03-22 17:02:30.728,-16.589921710366536
2025-03-22 17:02:30.729,-17.508869389760942
2025-03-22 17:02:30.729,-5.700496887370733
2025-03-22 17:02:30.729,9.545399539876872
2025-03-22 17:02:30.738,16.511510996220537
2025-03-22 17:02:30.738,11.301422591539339
2025-03-22 17:02:30.738,-0.2578249368087454
2025-03-22 17:02:30.739,-9.566527696488745
2025-03-22 17:02:30.739,-11.87662968869902
2025-03-22 17:02:30.748,-7.068281495698237
2025-03-22 17:02:30.748,1.8741086485210259
2025-03-22 17:02:30.748,9.352481832306955
2025-03-22 17:02:30.749,9.613337246220551
2025-03-22 17:02:30.749,2.3814852562841806
2025-03-22 17:02:30.756,-5.363515907700963
2025-03-22 17:02:30.757,-6.584556576099687
2025-03-22 17:02:30.757,-2.354681341354488
2025-03-22 17:02:30.757,0.5654489137594882
2025-03-22 17:02:30.766,-0.32219595972756643
2025-03-22 17:02:30.767,-0.3800910470625067
2025-03-22 17:02:30.767,3.7114000651932213
2025-03-22 17:02:30.767,7.273776047199077
2025-03-22 17:02:30.767,3.571512450447516
2025-03-22 17:02:30.776,-5.674237565091527
2025-03-22 17:02:30.776,-10.660949788654607
2025-03-22 17:02:30.777,-5.25262216439152
2025-03-22 17:02:30.777,5.153745351884712
2025-03-22 17:02:30.777,9.756456816483455
2025-03-22 17:02:30.786,4.614376603737875
2025-03-22 17:02:30.786,-3.7296502657609905
2025-03-22 17:02:30.786,-6.573182595887288
2025-03-22 17:02:30.787,-2.5196941171296494
2025-03-22 17:02:30.787,2.595834263587795
2025-03-22 17:02:30.796,3.5008087400530092
2025-03-22 17:02:30.796,0.7174479964143967
2025-03-22 17:02:30.797,-1.8405418968499838
2025-03-22 17:02:30.797,-1.9164561045872794
2025-03-22 17:02:30.797,-0.26844342559071255
2025-03-22 17:02:30.806,1.3710407758749645
2025-03-22 17:02:30.806,1.9203085120591132
2025-03-22 17:02:30.806,1.0948275189113261
2025-03-22 17:02:30.807,-0.6654950379585156
2025-03-22 17:02:30.807,-2.3032458205702486
2025-03-22 17:02:30.816,-2.7396545521939215
2025-03-22 17:02:30.816,-1.41963446596789
2025-03-22 17:02:30.817,1.4887094843472333
2025-03-22 17:02:30.817,4.560380967946442
2025-03-22 17:02:30.817,4.936966907683806
2025-03-22 17:02:30.826,0.6603927304858124
2025-03-22 17:02:30.826,-5.676247628171122
2025-03-22 17:02:30.827,-7.67658117862221
2025-03-22 17:02:30.827,-2.1899757126593835
2025-03-22 17:02:30.827,5.471062943635877
2025-03-22 17:02:30.836,6.831745662284635
2025-03-22 17:02:30.836,0.9459688327285405
2025-03-22 17:02:30.837,-4.041153279096114
2025-03-22 17:02:30.837,-1.7877446673291835
2025-03-22 17:02:30.837,3.3523052292733384
2025-03-22 17:02:30.844,2.2848200996275327
2025-03-22 17:02:30.845,-5.433965794711396
2025-03-22 17:02:30.845,-9.319905122766944
2025-03-22 17:02:30.845,-1.3187181513928925
2025-03-22 17:02:30.845,11.922946516059685
2025-03-22 17:02:30.854,14.845627105983308
2025-03-22 17:02:30.854,1.5367350344740776
2025-03-22 17:02:30.855,-15.36578082272512
2025-03-22 17:02:30.855,-17.63516626185917
2025-03-22 17:02:30.863,-2.1961199666442237
2025-03-22 17:02:30.863,14.866337906285645
2025-03-22 17:02:30.863,16.259936650735426
2025-03-22 17:02:30.863,2.3281772002414813
2025-03-22 17:02:30.863,-11.026206918594927
2025-03-22 17:02:30.872,-11.334440386030517
2025-03-22 17:02:30.873,-1.940726736686702
2025-03-22 17:02:30.873,5.2479732860795725
2025-03-22 17:02:30.873,4.789323491729958
2025-03-22 17:02:30.882,1.5087415543902227
2025-03-22 17:02:30.882,1.0031396843235016
2025-03-22 17:02:30.883,1.6707481690026278
2025-03-22 17:02:30.883,-1.1494614990834549
2025-03-22 17:02:30.883,-6.161431485103718
2025-03-22 17:02:30.892,-6.32458772703306
2025-03-22 17:02:30.893,0.9882246864701474
2025-03-22 17:02:30.893,8.410643893546727
2025-03-22 17:02:30.893,7.047711681265692
2025-03-22 17:02:30.893,-1.478551228744087
2025-03-22 17:02:30.902,-6.56584980293113
2025-03-22 17:02:30.902,-2.776740024837435
2025-03-22 17:02:30.902,2.8854707748826174
2025-03-22 17:02:30.903,1.3465823938906576
2025-03-22 17:02:30.903,-4.895921067462014
2025-03-22 17:02:30.912,-4.807293883095035
2025-03-22 17:02:30.912,4.776660702982158
2025-03-22 17:02:30.912,12.464184199528482
2025-03-22 17:02:30.913,6.258103783781113
2025-03-22 17:02:30.913,-9.378957389664148
2025-03-22 17:02:30.920,-16.774198765388775
2025-03-22 17:02:30.921,-6.244537123938822
2025-03-22 17:02:30.921,11.217446432157725
2025-03-22 17:02:30.921,16.417170137261465
2025-03-22 17:02:30.921,4.500157492748422
2025-03-22 17:02:30.930,-10.134289265604421
2025-03-22 17:02:30.931,-11.770677360995485
2025-03-22 17:02:30.931,-1.3296716977930365
2025-03-22 17:02:30.931,6.991343126159505
2025-03-22 17:02:30.940,4.369321883997386
2025-03-22 17:02:30.940,-2.8109480020986206
2025-03-22 17:02:30.941,-3.322001736891494
2025-03-22 17:02:30.941,3.2584838832855056
2025-03-22 17:02:30.941,6.6220667343406205
2025-03-22 17:02:30.950,0.714136174334894
2025-03-22 17:02:30.950,-7.539767259593407
2025-03-22 17:02:30.951,-7.7751006683515325
2025-03-22 17:02:30.951,-0.17716937361302143
2025-03-22 17:02:30.951,5.664959229677452
2025-03-22 17:02:30.960,4.484704011584967
2025-03-22 17:02:30.960,1.4023086861517056
2025-03-22 17:02:30.961,2.1172671251632975
2025-03-22 17:02:30.961,2.891351239391586
2025-03-22 17:02:30.961,-3.3095628004128677
2025-03-22 17:02:30.968,-12.740461732763663
2025-03-22 17:02:30.969,-11.598085334535126
2025-03-22 17:02:30.969,5.152158143031482
2025-03-22 17:02:30.969,21.956615838359994
2025-03-22 17:02:30.978,18.010280001361586
2025-03-22 17:02:30.978,-6.2650264319167315
2025-03-22 17:02:30.979,-26.100769882312658
2025-03-22 17:02:30.979,-19.69787463306381
2025-03-22 17:02:30.979,6.16467957573718
2025-03-22 17:02:30.986,23.76238365053994
2025-03-22 17:02:30.987,16.197462105013102
2025-03-22 17:02:30.987,-5.033457162994408
2025-03-22 17:02:30.987,-16.28048690918547
2025-03-22 17:02:30.996,-9.396973021115915
2025-03-22 17:02:30.997,3.055437184252714
2025-03-22 17:02:30.997,7.184631043991359
2025-03-22 17:02:30.997,3.330691057916832
2025-03-22 17:02:30.997,-0.13691625847685773
2025-03-22 17:02:31.006,-0.5942096769965173
2025-03-22 17:02:31.006,-1.6331817584469905
2025-03-22 17:02:31.007,-3.48703477951555
2025-03-22 17:02:31.007,-1.5823729627659406
2025-03-22 17:02:31.007,4.366180506539685
2025-03-22 17:02:31.016,6.976935111086206
2025-03-22 17:02:31.016,1.0489606198536936
2025-03-22 17:02:31.017,-7.632288392865121
2025-03-22 17:02:31.017,-8.749893834418195
2025-03-22 17:02:31.017,-0.9240742185958906
2025-03-22 17:02:31.026,6.797283424761238
2025-03-22 17:02:31.026,7.102687312774605
2025-03-22 17:02:31.026,2.563221775830117
2025-03-22 17:02:31.027,-0.6694234604314123
2025-03-22 17:02:31.027,-2.149256115254869
2025-03-22 17:02:31.036,-5.006980980649074
2025-03-22 17:02:31.036,-7.475652981026789
2025-03-22 17:02:31.036,-3.6056622919916146
2025-03-22 17:02:31.037,6.460540310672757
2025-03-22 17:02:31.037,12.95888811157852
2025-03-22 17:02:31.044,7.432013459769624
2025-03-22 17:02:31.045,-5.755843843613401
2025-03-22 17:02:31.045,-13.402859432354017
2025-03-22 17:02:31.045,-8.350730215922104
2025-03-22 17:02:31.054,3.287041403932122
2025-03-22 17:02:31.054,10.008789342479538
2025-03-22 17:02:31.055,6.900383807903685
2025-03-22 17:02:31.055,-1.1446212931821043
2025-03-22 17:02:31.055,-5.767991405576529
2025-03-22 17:02:31.064,-3.4716553319117556
2025-03-22 17:02:31.065,1.4006481502064536
2025-03-22 17:02:31.065,2.002165153870224
2025-03-22 17:02:31.065,-2.099870246117633
2025-03-22 17:02:31.065,-3.5661126495912554
2025-03-22 17:02:31.074,2.386387745921128
2025-03-22 17:02:31.074,8.939539414954748
2025-03-22 17:02:31.074,5.008517445576627
2025-03-22 17:02:31.075,-8.151367788716717
2025-03-22 17:02:31.075,-14.885560839013435
2025-03-22 17:02:31.083,-4.226330960259401
2025-03-22 17:02:31.083,13.848698913289931
2025-03-22 17:02:31.083,18.36165704176092
2025-03-22 17:02:31.083,2.7103391195284945
2025-03-22 17:02:31.092,-16.642633042094054
2025-03-22 17:02:31.092,-19.175332447212565
2025-03-22 17:02:31.093,-3.168040745920114
2025-03-22 17:02:31.093,14.316940585794118
2025-03-22 17:02:31.093,17.361437477878884
2025-03-22 17:02:31.100,6.16816229694842
2025-03-22 17:02:31.101,-7.210351036440727
2025-03-22 17:02:31.101,-12.726029861237942
2025-03-22 17:02:31.101,-9.30508563306196
2025-03-22 17:02:31.110,-1.4598211750639205
2025-03-22 17:02:31.111,6.145717698126894
2025-03-22 17:02:31.111,10.110684196721468
2025-03-22 17:02:31.111,7.926427789522926
2025-03-22 17:02:31.111,-0.22013168651196052
2025-03-22 17:02:31.120,-9.079022549923298
2025-03-22 17:02:31.120,-10.70843997942204
2025-03-22 17:02:31.121,-2.2144959501629256
2025-03-22 17:02:31.121,9.006844480638668
2025-03-22 17:02:31.121,10.96884440300025
2025-03-22 17:02:31.130,0.35639387653616494
2025-03-22 17:02:31.130,-11.718051058188111
2025-03-22 17:02:31.131,-10.862962165795798
2025-03-22 17:02:31.131,3.467263496690929
2025-03-22 17:02:31.131,15.778565087354396
2025-03-22 17:02:31.138,11.757687073246275
2025-03-22 17:02:31.139,-5.0264308957574855
2025-03-22 17:02:31.139,-17.195349646524004
2025-03-22 17:02:31.139,-13.126759710869534
2025-03-22 17:02:31.148,1.6257345960286138
2025-03-22 17:02:31.148,12.778080617347442
2025-03-22 17:02:31.149,12.775346488477695
2025-03-22 17:02:31.149,5.154843938822739
2025-03-22 17:02:31.149,-3.1936119985929676
2025-03-22 17:02:31.157,-8.906572366250717
2025-03-22 17:02:31.157,-10.908838278260257
2025-03-22 17:02:31.157,-7.249794178410284
2025-03-22 17:02:31.157,2.450324062263459
2025-03-22 17:02:31.157,12.455808983696658
2025-03-22 17:02:31.166,13.618632087794301
2025-03-22 17:02:31.167,3.287404168609018
2025-03-22 17:02:31.167,-9.729917821017402
2025-03-22 17:02:31.167,-13.473205367292763
2025-03-22 17:02:31.176,-5.679834795781311
2025-03-22 17:02:31.176,4.583816627405883
2025-03-22 17:02:31.177,8.123393774794026
2025-03-22 17:02:31.177,4.902255752958444
2025-03-22 17:02:31.177,0.7544337921039961
2025-03-22 17:02:31.186,-1.4039327186705153
2025-03-22 17:02:31.186,-3.10309237163075
2025-03-22 17:02:31.187,-4.641423901421041
2025-03-22 17:02:31.187,-3.02174734740481
2025-03-22 17:02:31.187,2.565762357278723
2025-03-22 17:02:31.195,6.782427355635576
2025-03-22 17:02:31.195,3.6935881458328566
2025-03-22 17:02:31.195,-4.417052175825258
2025-03-22 17:02:31.195,-7.948508924833976
2025-03-22 17:02:31.195,-1.6112323089578826
2025-03-22 17:02:31.204,7.732178484570856
2025-03-22 17:02:31.204,8.509277521523895
2025-03-22 17:02:31.205,-1.0319844228303379
2025-03-22 17:02:31.205,-9.922433531494418
2025-03-22 17:02:31.214,-7.736544467693843
2025-03-22 17:02:31.214,2.639344925666735
2025-03-22 17:02:31.215,9.046103967208515
2025-03-22 17:02:31.215,5.1912977905731745
2025-03-22 17:02:31.215,-2.8374187441837684
2025-03-22 17:02:31.224,-5.766916258302153
2025-03-22 17:02:31.224,-2.2929819004496736
2025-03-22 17:02:31.225,1.8205735938869068
2025-03-22 17:02:31.225,2.5635632147875813
2025-03-22 17:02:31.225,1.207885969221562
2025-03-22 17:02:31.234,0.020456377491393563
2025-03-22 17:02:31.234,-1.0575683122978399
2025-03-22 17:02:31.234,-2.3151694370018774
2025-03-22 17:02:31.235,-2.1687367124376946
2025-03-22 17:02:31.235,0.5407137766290675
2025-03-22 17:02:31.243,3.7922166499387773
2025-03-22 17:02:31.243,4.168105810041338
2025-03-22 17:02:31.243,0.86816609879772
2025-03-22 17:02:31.243,-3.543275810726154
2025-03-22 17:02:31.243,-5.790185794519097
2025-03-22 17:02:31.254,-4.004255209977581
2025-03-22 17:02:31.254,1.4894344499655825
2025-03-22 17:02:31.255,7.189819595133291
2025-03-22 17:02:31.255,7.448708114866304
2025-03-22 17:02:31.255,0.18087210397671144
2025-03-22 17:02:31.263,-8.366600141763776
2025-03-22 17:02:31.263,-8.703039931745943
2025-03-22 17:02:31.263,0.3475405171916189
2025-03-22 17:02:31.263,8.742356071898358
2025-03-22 17:02:31.263,6.80545400602226
2025-03-22 17:02:31.273,-2.6975058137738417
2025-03-22 17:02:31.273,-7.927414998382575
2025-03-22 17:02:31.273,-2.847901089799046
2025-03-22 17:02:31.273,5.389967293582212
2025-03-22 17:02:31.282,5.939071228276186
2025-03-22 17:02:31.282,-1.6669540147084814
2025-03-22 17:02:31.283,-7.067552572729477
2025-03-22 17:02:31.283,-2.872639139181542
2025-03-22 17:02:31.283,5.450423486084132
2025-03-22 17:02:31.292,6.853832392331585
2025-03-22 17:02:31.292,-0.5329122217981709
2025-03-22 17:02:31.293,-7.1080267772712045
2025-03-22 17:02:31.293,-4.811028302542767
2025-03-22 17:02:31.293,2.69073482252272
2025-03-22 17:02:31.302,5.98089662459724
2025-03-22 17:02:31.302,2.3426970673243925
2025-03-22 17:02:31.303,-2.501935106121054
2025-03-22 17:02:31.303,-3.4076354100104274
2025-03-22 17:02:31.303,-1.3681436945233534
2025-03-22 17:02:31.312,0.40879252855695447
2025-03-22 17:02:31.312,1.4271376073847164
2025-03-22 17:02:31.313,2.505776441117071
2025-03-22 17:02:31.313,2.3764723065386915
2025-03-22 17:02:31.313,-0.7099578035156292
2025-03-22 17:02:31.322,-4.588323520312155
2025-03-22 17:02:31.322,-4.1464238810838925
2025-03-22 17:02:31.323,1.5504600639382384
2025-03-22 17:02:31.323,5.959840946877823
2025-03-22 17:02:31.323,2.641388874367325
2025-03-22 17:02:31.332,-4.912426234718337
2025-03-22 17:02:31.332,-6.0816551525996285
2025-03-22 17:02:31.333,2.530903387558884
2025-03-22 17:02:31.333,10.424801960109376
2025-03-22 17:02:31.333,5.6774540664725
2025-03-22 17:02:31.340,-8.350140075255322
2025-03-22 17:02:31.341,-15.17754019131462
2025-03-22 17:02:31.341,-5.308592839072805
2025-03-22 17:02:31.341,11.196059617951379
2025-03-22 17:02:31.350,16.207822144427148
2025-03-22 17:02:31.350,4.793230533799316
2025-03-22 17:02:31.351,-9.906608542367286
2025-03-22 17:02:31.351,-12.914600180381505
2025-03-22 17:02:31.351,-3.844890843966875
2025-03-22 17:02:31.360,5.439619720090215
2025-03-22 17:02:31.360,6.42206467557324
2025-03-22 17:02:31.360,2.3003746881411624
2025-03-22 17:02:31.361,0.45235370210318127
2025-03-22 17:02:31.361,1.466240293418545
2025-03-22 17:02:31.369,-0.0728897168485507
2025-03-22 17:02:31.369,-5.527370104988708
2025-03-22 17:02:31.369,-8.337958445235273
2025-03-22 17:02:31.369,-2.575816253013357
2025-03-22 17:02:31.369,7.756798059743816
2025-03-22 17:02:31.378,11.955721128876956
2025-03-22 17:02:31.379,4.990760059071873
2025-03-22 17:02:31.379,-6.452893434275206
2025-03-22 17:02:31.379,-11.49955404662464
2025-03-22 17:02:31.388,-6.557310007620898
2025-03-22 17:02:31.389,2.4721117636639165
2025-03-22 17:02:31.389,7.858399097326931
2025-03-22 17:02:31.389,7.064070260581272
2025-03-22 17:02:31.389,2.324072052984414
2025-03-22 17:02:31.398,-3.1939652213348584
2025-03-22 17:02:31.398,-6.640866295012663
2025-03-22 17:02:31.399,-5.477745867490755
2025-03-22 17:02:31.399,0.069524382696276
2025-03-22 17:02:31.399,5.210637917981079
2025-03-22 17:02:31.408,4.858150585712921
2025-03-22 17:02:31.408,0.10851167560437164
2025-03-22 17:02:31.409,-2.762345663744926
2025-03-22 17:02:31.409,-0.6756762994558727
2025-03-22 17:02:31.409,2.161051467573203
2025-03-22 17:02:31.418,0.5330022505578645
2025-03-22 17:02:31.418,-4.073766412032759
2025-03-22 17:02:31.419,-5.22523592531827
2025-03-22 17:02:31.419,-0.1861317217833606
2025-03-22 17:02:31.419,6.196696201054276
2025-03-22 17:02:31.428,7.113083546511506
2025-03-22 17:02:31.428,1.5536676930944187
2025-03-22 17:02:31.429,-4.915518808588482
2025-03-22 17:02:31.429,-6.480709793815073
2025-03-22 17:02:31.429,-2.7734863859074985
2025-03-22 17:02:31.438,1.9171206556750484
2025-03-22 17:02:31.438,3.767869137359351
2025-03-22 17:02:31.439,2.586370738975282
2025-03-22 17:02:31.439,0.4662729023662645
2025-03-22 17:02:31.439,-0.9837817153170124
2025-03-22 17:02:31.447,-1.440088058895125
2025-03-22 17:02:31.447,-1.0799391907192906
2025-03-22 17:02:31.447,-0.17937174326883093
2025-03-22 17:02:31.447,0.7129458035632175
2025-03-22 17:02:31.447,0.8673369104133958
2025-03-22 17:02:31.458,-0.14989182427771747
2025-03-22 17:02:31.458,-1.778977782420209
2025-03-22 17:02:31.459,-2.0900550909947753
2025-03-22 17:02:31.459,0.6842811456339464
2025-03-22 17:02:31.459,4.949195491288325
2025-03-22 17:02:31.467,5.505326949209775
2025-03-22 17:02:31.467,-0.6467710508318879
2025-03-22 17:02:31.467,-8.547169188849423
2025-03-22 17:02:31.467,-8.957164609107398
2025-03-22 17:02:31.476,0.4549348606313073
2025-03-22 17:02:31.476,10.396716854025641
2025-03-22 17:02:31.477,9.688988037964704
2025-03-22 17:02:31.477,-1.1904759705840098
2025-03-22 17:02:31.477,-9.975470803802917
2025-03-22 17:02:31.486,-7.085137435815866
2025-03-22 17:02:31.486,3.048729054859042
2025-03-22 17:02:31.487,8.082033672460815
2025-03-22 17:02:31.487,3.1410260924762787
2025-03-22 17:02:31.487,-4.401842606454286
2025-03-22 17:02:31.496,-5.706495528600303
2025-03-22 17:02:31.497,-1.027450897745413
2025-03-22 17:02:31.497,3.2762554097904473
2025-03-22 17:02:31.497,4.09110900026841
2025-03-22 17:02:31.497,2.8808985581230986
2025-03-22 17:02:31.506,0.16835341072799992
2025-03-22 17:02:31.507,-4.628273197373705
2025-03-22 17:02:31.507,-7.852529205092752
2025-03-22 17:02:31.507,-3.41973117426217
2025-03-22 17:02:31.507,7.051355431274099
2025-03-22 17:02:31.515,12.19055003114387
2025-03-22 17:02:31.515,4.349406097036195
2025-03-22 17:02:31.515,-8.76020028433188
2025-03-22 17:02:31.515,-12.284042249951245
2025-03-22 17:02:31.524,-2.8125274505245215
2025-03-22 17:02:31.525,7.61613239515399
2025-03-22 17:02:31.525,7.385422760560719
2025-03-22 17:02:31.525,-0.4669052841451742
2025-03-22 17:02:31.525,-4.041426422229579
2025-03-22 17:02:31.534,0.6110709560194423
2025-03-22 17:02:31.535,4.680826800439165
2025-03-22 17:02:31.535,-0.18289967710397562
2025-03-22 17:02:31.535,-8.984535555154162
2025-03-22 17:02:31.535,-8.856186525297636
2025-03-22 17:02:31.544,3.492719522533468
2025-03-22 17:02:31.544,15.326316398414235
2025-03-22 17:02:31.544,12.078281315313173
2025-03-22 17:02:31.545,-4.664693301981952
2025-03-22 17:02:31.545,-17.748292469403818
2025-03-22 17:02:31.553,-13.442896326901693
2025-03-22 17:02:31.553,3.4127527669898963
2025-03-22 17:02:31.553,15.367181502661486
2025-03-22 17:02:31.553,11.72443075712462
2025-03-22 17:02:31.562,-1.171392664055616
2025-03-22 17:02:31.562,-9.231359318574789
2025-03-22 17:02:31.563,-6.699787340265484
2025-03-22 17:02:31.563,-0.022715615448263282
2025-03-22 17:02:31.563,2.5228397234922886
2025-03-22 17:02:31.573,0.5186368100417325
2025-03-22 17:02:31.573,-0.6904562272922805
2025-03-22 17:02:31.573,1.4495376763768029
2025-03-22 17:02:31.573,3.6756394716902623
2025-03-22 17:02:31.573,2.2294452010593315
2025-03-22 17:02:31.582,-1.6448184156206127
2025-03-22 17:02:31.582,-3.543639850761429
2025-03-22 17:02:31.582,-2.2024072359339337
2025-03-22 17:02:31.583,-0.9212329495543229
2025-03-22 17:02:31.583,-1.6787797577986971
2025-03-22 17:02:31.592,-1.0504888958367171
2025-03-22 17:02:31.592,4.379814934509297
2025-03-22 17:02:31.593,10.129415804602418
2025-03-22 17:02:31.593,6.855147646814204
2025-03-22 17:02:31.593,-6.616660516349026
2025-03-22 17:02:31.601,-17.68230476943389
2025-03-22 17:02:31.601,-12.528347223802282
2025-03-22 17:02:31.601,6.363596531842734
2025-03-22 17:02:31.601,20.384858845476657
2025-03-22 17:02:31.609,14.95239960365743
2025-03-22 17:02:31.609,-3.770273450251537
2025-03-22 17:02:31.609,-16.302864313064482
2025-03-22 17:02:31.609,-12.34720551540946
2025-03-22 17:02:31.609,-0.3202336115096005
2025-03-22 17:02:31.620,6.343589326740214
2025-03-22 17:02:31.620,5.596530696530733
2025-03-22 17:02:31.621,4.421515956351775
2025-03-22 17:02:31.621,5.083607709133413
2025-03-22 17:02:31.621,2.3001370323456833
2025-03-22 17:02:31.629,-5.902296225891863
2025-03-22 17:02:31.629,-12.211490598291793
2025-03-22 17:02:31.629,-8.600461585205883
2025-03-22 17:02:31.629,3.0564587218419943
2025-03-22 17:02:31.638,12.516716155255853
2025-03-22 17:02:31.638,11.779235233976653
2025-03-22 17:02:31.639,2.1294598014041632
2025-03-22 17:02:31.639,-8.070210662024225
2025-03-22 17:02:31.639,-10.919257060768238
2025-03-22 17:02:31.648,-5.302037546154223
2025-03-22 17:02:31.649,2.7420597785060212
2025-03-22 17:02:31.649,6.158261505698038
2025-03-22 17:02:31.649,3.7915689196252513
2025-03-22 17:02:31.649,0.4336874499815351
2025-03-22 17:02:31.658,0.11909422382652776
2025-03-22 17:02:31.659,1.3994969179265921
2025-03-22 17:02:31.659,0.2664364703371595
2025-03-22 17:02:31.659,-3.974737718818543
2025-03-22 17:02:31.659,-7.326776691648318
2025-03-22 17:02:31.668,-5.022470833389545
2025-03-22 17:02:31.668,3.4427525381302186
2025-03-22 17:02:31.668,12.03150592088943
2025-03-22 17:02:31.669,11.606598494901496
2025-03-22 17:02:31.669,-0.877629552995739
2025-03-22 17:02:31.677,-15.55153164574264
2025-03-22 17:02:31.677,-16.445630014451755
2025-03-22 17:02:31.677,0.49605856199479137
2025-03-22 17:02:31.677,18.766502102824912
2025-03-22 17:02:31.686,17.23452797900074
2025-03-22 17:02:31.686,-4.202551912429647
2025-03-22 17:02:31.687,-21.529343281295425
2025-03-22 17:02:31.687,-14.01549015443416
2025-03-22 17:02:31.687,9.938776763225656
2025-03-22 17:02:31.694,22.124268118303885
2025-03-22 17:02:31.695,8.745711043711395
2025-03-22 17:02:31.695,-13.447453182409527
2025-03-22 17:02:31.695,-18.852104598811184
2025-03-22 17:02:31.704,-3.752305121784878
2025-03-22 17:02:31.704,12.057555242141488
2025-03-22 17:02:31.704,11.575538646098225
2025-03-22 17:02:31.705,-0.3074592849784241
2025-03-22 17:02:31.705,-6.807878654337812
2025-03-22 17:02:31.713,-1.898867322461676
2025-03-22 17:02:31.713,4.123646928157177
2025-03-22 17:02:31.713,0.8946773026370911
2025-03-22 17:02:31.713,-7.308139348922125
2025-03-22 17:02:31.713,-7.696905305508232
2025-03-22 17:02:31.723,3.069270278338504
2025-03-22 17:02:31.723,13.18628413444942
2025-03-22 17:02:31.723,9.934311189035895
2025-03-22 17:02:31.723,-4.212193157532358
2025-03-22 17:02:31.732,-14.056693610682512
2025-03-22 17:02:31.733,-9.695629011754345
2025-03-22 17:02:31.733,2.5749643848461967
2025-03-22 17:02:31.733,9.531844149750995
2025-03-22 17:02:31.733,7.019689422071647
2025-03-22 17:02:31.742,1.624845420067809
2025-03-22 17:02:31.742,-1.2777394614180488
2025-03-22 17:02:31.742,-3.5729462160405308
2025-03-22 17:02:31.743,-6.9244171753168064
2025-03-22 17:02:31.743,-6.690753419726567
2025-03-22 17:02:31.751,1.0302530472704958
2025-03-22 17:02:31.751,10.410040253311218
2025-03-22 17:02:31.751,10.857292512944202
2025-03-22 17:02:31.751,0.6093178114879365
2025-03-22 17:02:31.751,-10.083310027375822
2025-03-22 17:02:31.761,-10.810974212779238
2025-03-22 17:02:31.761,-2.2844942810958533
2025-03-22 17:02:31.761,6.292797802278791
2025-03-22 17:02:31.761,8.199562146839217
2025-03-22 17:02:31.761,4.391377918223939
2025-03-22 17:02:31.770,-0.7358148885708888
2025-03-22 17:02:31.771,-4.614250637004799
2025-03-22 17:02:31.771,-6.396270436498572
2025-03-22 17:02:31.771,-4.750434549081779
2025-03-22 17:02:31.780,0.9350682051873078
2025-03-22 17:02:31.781,7.416875249138995
2025-03-22 17:02:31.781,8.638948840622106
2025-03-22 17:02:31.781,2.046471260028129
2025-03-22 17:02:31.781,-7.007123582343792
2025-03-22 17:02:31.790,-9.67955457456018
2025-03-22 17:02:31.791,-3.293444218189462
2025-03-22 17:02:31.791,5.287031710170873
2025-03-22 17:02:31.791,7.432083534371685
2025-03-22 17:02:31.791,2.427291763559333
2025-03-22 17:02:31.800,-2.8467755690636642
2025-03-22 17:02:31.800,-3.0795025925477755
2025-03-22 17:02:31.801,-0.265759815867336
2025-03-22 17:02:31.801,0.5987418771778589
2025-03-22 17:02:31.801,-1.2303256171829517
2025-03-22 17:02:31.810,-1.960583933138367
2025-03-22 17:02:31.811,0.6588042884953672
2025-03-22 17:02:31.811,3.8392103839729415
2025-03-22 17:02:31.811,3.379341404028609
2025-03-22 17:02:31.811,-0.7584392374750067
2025-03-22 17:02:31.820,-4.18500842055519
2025-03-22 17:02:31.820,-3.319315610648604
2025-03-22 17:02:31.821,0.42763628565732037
2025-03-22 17:02:31.821,2.612787751042243
2025-03-22 17:02:31.821,1.3602545865170206
2025-03-22 17:02:31.830,-0.5615338025700509
2025-03-22 17:02:31.830,0.03414734255489619
2025-03-22 17:02:31.831,1.9428545932105112
2025-03-22 17:02:31.831,1.153203215684666
2025-03-22 17:02:31.831,-2.9036211068321043
2025-03-22 17:02:31.840,-5.302510209587845
2025-03-22 17:02:31.840,-1.5731841047858346
2025-03-22 17:02:31.841,5.6042317891189635
2025-03-22 17:02:31.841,8.121334547115303
2025-03-22 17:02:31.841,1.5988321761167172
2025-03-22 17:02:31.848,-8.394199261582008
2025-03-22 17:02:31.849,-10.93554613420196
2025-03-22 17:02:31.849,-1.524327766364559
2025-03-22 17:02:31.849,11.38019037315938
2025-03-22 17:02:31.857,13.846104120473232
2025-03-22 17:02:31.857,1.8143680783085527
2025-03-22 17:02:31.857,-13.005276437216311
2025-03-22 17:02:31.857,-15.26795436185765
2025-03-22 17:02:31.866,-2.9958591624045896
2025-03-22 17:02:31.867,10.816785437185537
2025-03-22 17:02:31.867,13.354462293083023
2025-03-22 17:02:31.867,4.858158478091487
2025-03-22 17:02:31.867,-4.756974872569124
2025-03-22 17:02:31.877,-8.133884144012422
2025-03-22 17:02:31.877,-5.932057594069655
2025-03-22 17:02:31.877,-2.14428128409352
2025-03-22 17:02:31.877,1.4869087134551298
2025-03-22 17:02:31.877,5.019912742766695
2025-03-22 17:02:31.886,6.950515830032735
2025-03-22 17:02:31.887,4.404618001940165
2025-03-22 17:02:31.887,-2.650870688052967
2025-03-22 17:02:31.887,-9.036288851784313
2025-03-22 17:02:31.887,-8.269955770774708
2025-03-22 17:02:31.896,0.3125729648577673
2025-03-22 17:02:31.896,9.280756671491973
2025-03-22 17:02:31.897,9.733795201760971
2025-03-22 17:02:31.897,0.8785393968009123
2025-03-22 17:02:31.897,-8.348820915570293
2025-03-22 17:02:31.905,-8.670363027457652
2025-03-22 17:02:31.905,-0.6654659942182735
2025-03-22 17:02:31.905,6.334962579242003
2025-03-22 17:02:31.905,5.3489571593426
2025-03-22 17:02:31.905,-0.6888315862923913
2025-03-22 17:02:31.915,-3.660562128501931
2025-03-22 17:02:31.915,-0.6865828402276692
2025-03-22 17:02:31.915,2.87720143175118
2025-03-22 17:02:31.915,1.1452075079165684
2025-03-22 17:02:31.915,-4.1076703186033585
2025-03-22 17:02:31.925,-5.476768223666667
2025-03-22 17:02:31.925,0.31552780516954637
2025-03-22 17:02:31.925,7.566451804111794
2025-03-22 17:02:31.925,7.986849398450488
2025-03-22 17:02:31.934,0.3211808896042333
2025-03-22 17:02:31.935,-8.287734449453769
2025-03-22 17:02:31.935,-9.897294793670078
2025-03-22 17:02:31.935,-3.2170323609715683
2025-03-22 17:02:31.935,6.042438183420199
2025-03-22 17:02:31.943,10.521360071736863
2025-03-22 17:02:31.943,6.831575830031322
2025-03-22 17:02:31.943,-2.195059241004741
2025-03-22 17:02:31.943,-9.511399674378016
2025-03-22 17:02:31.944,-9.1170086900467
2025-03-22 17:02:31.953,-1.2230573163915621
2025-03-22 17:02:31.953,7.373692297768008
2025-03-22 17:02:31.953,9.121354197770602
2025-03-22 17:02:31.953,2.813233909319341
2025-03-22 17:02:31.962,-5.221388233036039
2025-03-22 17:02:31.963,-7.418867525877434
2025-03-22 17:02:31.963,-2.421390685934317
2025-03-22 17:02:31.963,4.042436703301865
2025-03-22 17:02:31.963,5.461233781560312
2025-03-22 17:02:31.972,1.0692167611683963
2025-03-22 17:02:31.973,-4.003560242069426
2025-03-22 17:02:31.973,-4.391473052679069
2025-03-22 17:02:31.973,0.13234882435512751
2025-03-22 17:02:31.973,4.5997431814126095
2025-03-22 17:02:31.982,3.979401324058231
2025-03-22 17:02:31.983,-1.3110817624188678
2025-03-22 17:02:31.983,-5.3290695579818825
2025-03-22 17:02:31.983,-3.0766198378919123
2025-03-22 17:02:31.983,3.1673005556043075
2025-03-22 17:02:31.992,5.90157906643842
2025-03-22 17:02:31.993,1.4745340575493564
2025-03-22 17:02:31.993,-5.0784941651882685
2025-03-22 17:02:31.993,-6.090290521647727
2025-03-22 17:02:31.993,-0.5305999718194603
2025-03-22 17:02:32.002,5.302893461591554
2025-03-22 17:02:32.002,5.670094158160114
2025-03-22 17:02:32.003,1.263359435966292
2025-03-22 17:02:32.003,-3.125784886413522
2025-03-22 17:02:32.003,-4.336506483341231
2025-03-22 17:02:32.012,-2.7836706007135534
2025-03-22 17:02:32.013,-0.24428494846749932
2025-03-22 17:02:32.013,2.084073855369081
2025-03-22 17:02:32.013,3.357372426223531
2025-03-22 17:02:32.013,2.7716064854874287
2025-03-22 17:02:32.022,0.46669446037240375
2025-03-22 17:02:32.022,-2.051440186991196
2025-03-22 17:02:32.023,-3.2105222105441684
2025-03-22 17:02:32.023,-2.6811061586987037
2025-03-22 17:02:32.023,-0.9553152470961618
2025-03-22 17:02:32.032,1.5755349575850357
2025-03-22 17:02:32.032,4.152303427463126
2025-03-22 17:02:32.033,4.813827835529168
2025-03-22 17:02:32.033,1.6705418950153492
2025-03-22 17:02:32.033,-4.240126201533968
2025-03-22 17:02:32.042,-8.308120787077906
2025-03-22 17:02:32.042,-5.987708387659376
2025-03-22 17:02:32.042,2.325247669896685
2025-03-22 17:02:32.043,10.322970890930021
2025-03-22 17:02:32.043,10.487427855270129
2025-03-22 17:02:32.050,1.0838948317647867
2025-03-22 17:02:32.051,-10.682106547941103
2025-03-22 17:02:32.051,-13.774103518928573
2025-03-22 17:02:32.051,-4.050666749182286
2025-03-22 17:02:32.059,9.933379493766934
2025-03-22 17:02:32.059,14.393796436917516
2025-03-22 17:02:32.059,4.8904318258516595
2025-03-22 17:02:32.059,-8.455190546097857
2025-03-22 17:02:32.059,-12.037038239253278
2025-03-22 17:02:32.069,-3.6053402355392716
2025-03-22 17:02:32.069,6.385865511375869
2025-03-22 17:02:32.069,7.735298249332914
2025-03-22 17:02:32.069,1.5089750997231892
2025-03-22 17:02:32.069,-3.5937355249950165
2025-03-22 17:02:32.079,-3.051796128429326
2025-03-22 17:02:32.079,-0.4528411556595642
2025-03-22 17:02:32.079,0.00989891779223763
2025-03-22 17:02:32.079,-0.2577858071420007
2025-03-22 17:02:32.088,1.6033547194052518
2025-03-22 17:02:32.089,3.4932439683758947
2025-03-22 17:02:32.089,1.1088670510931484
2025-03-22 17:02:32.089,-4.202047403877847
2025-03-22 17:02:32.089,-5.661617928870446
2025-03-22 17:02:32.098,-0.29898411025234756
2025-03-22 17:02:32.099,6.166624105647826
2025-03-22 17:02:32.099,6.237962128342158
2025-03-22 17:02:32.099,-0.08077460458792213
2025-03-22 17:02:32.099,-5.848164068667427
2025-03-22 17:02:32.109,-5.792418864486486
2025-03-22 17:02:32.109,-1.3137942356293337
2025-03-22 17:02:32.109,3.038356478274765
2025-03-22 17:02:32.109,4.901538259917955
2025-03-22 17:02:32.109,4.293538917182483
2025-03-22 17:02:32.118,1.051235736143866
2025-03-22 17:02:32.119,-4.381723297629219
2025-03-22 17:02:32.119,-8.06897716261537
2025-03-22 17:02:32.119,-4.703403106201145
2025-03-22 17:02:32.119,5.003363424819107
2025-03-22 17:02:32.128,11.81987869188282
2025-03-22 17:02:32.128,7.009263187996718
2025-03-22 17:02:32.129,-6.258535031278714
2025-03-22 17:02:32.129,-14.344474337056926
2025-03-22 17:02:32.129,-7.979088970096985
2025-03-22 17:02:32.137,6.657790603674362
2025-03-22 17:02:32.137,14.4153605610729
2025-03-22 17:02:32.137,7.801630342596503
2025-03-22 17:02:32.137,-5.562759453965126
2025-03-22 17:02:32.147,-12.151080742556793
2025-03-22 17:02:32.147,-6.6812674185610845
2025-03-22 17:02:32.147,3.9371025452560775
2025-03-22 17:02:32.147,9.019844904523493
2025-03-22 17:02:32.147,4.78248210767675
2025-03-22 17:02:32.156,-3.063734812435133
2025-03-22 17:02:32.157,-6.1825985309558
2025-03-22 17:02:32.157,-2.3083503636676155
2025-03-22 17:02:32.157,3.1957069797433735
2025-03-22 17:02:32.157,4.016707891022876
2025-03-22 17:02:32.166,-0.11867161026456252
2025-03-22 17:02:32.167,-3.8705614010312783
2025-03-22 17:02:32.167,-2.8163556404682843
2025-03-22 17:02:32.167,1.791180997690109
2025-03-22 17:02:32.167,4.802398022400206
2025-03-22 17:02:32.176,2.7475001259919756
2025-03-22 17:02:32.177,-2.631823086070882
2025-03-22 17:02:32.177,-5.95702689966219
2025-03-22 17:02:32.177,-3.410939564096442
2025-03-22 17:02:32.177,3.057585958609468
2025-03-22 17:02:32.186,7.014938045994188
2025-03-22 17:02:32.187,4.020594245033759
2025-03-22 17:02:32.187,-3.2010222496591054
2025-03-22 17:02:32.187,-7.235819967149606
2025-03-22 17:02:32.187,-4.005513087150204
2025-03-22 17:02:32.196,2.784151241670949
2025-03-22 17:02:32.197,6.021322011636775
2025-03-22 17:02:32.197,3.148855504597233
2025-03-22 17:02:32.197,-1.6571207556167449
2025-03-22 17:02:32.197,-3.205470891348183
2025-03-22 17:02:32.206,-1.3806225074344158
2025-03-22 17:02:32.206,-0.023389190846802382
2025-03-22 17:02:32.207,-0.783629326659344
2025-03-22 17:02:32.207,-0.9322615599988077
2025-03-22 17:02:32.207,1.7324594939168503
2025-03-22 17:02:32.215,4.4269933163973265
2025-03-22 17:02:32.215,2.693895149125214
2025-03-22 17:02:32.215,-2.7345139578578235
2025-03-22 17:02:32.215,-5.755944217274818
2025-03-22 17:02:32.216,-2.6001973962198983
2025-03-22 17:02:32.225,2.925131817552703
2025-03-22 17:02:32.225,4.18376773283473
2025-03-22 17:02:32.225,0.3001492681447883
2025-03-22 17:02:32.225,-2.9870159879949543
2025-03-22 17:02:32.235,-1.2364460854908228
2025-03-22 17:02:32.235,2.851985182412733
2025-03-22 17:02:32.235,3.377296575303667
2025-03-22 17:02:32.235,-0.7461975476353726
2025-03-22 17:02:32.235,-4.540722839098125
2025-03-22 17:02:32.244,-3.641579789948685
2025-03-22 17:02:32.245,0.49193012093933397
2025-03-22 17:02:32.245,3.289371177029584
2025-03-22 17:02:32.245,2.9280055795550424
2025-03-22 17:02:32.245,1.2847139860238477
2025-03-22 17:02:32.254,0.1128945861361886
2025-03-22 17:02:32.255,-0.9729983105217033
2025-03-22 17:02:32.255,-2.387875405150177
2025-03-22 17:02:32.255,-2.897216800488653
2025-03-22 17:02:32.255,-1.4234482416228729
2025-03-22 17:02:32.264,0.9750814297148886
2025-03-22 17:02:32.265,2.471834738227306
2025-03-22 17:02:32.265,2.8000175933577127
2025-03-22 17:02:32.265,2.5852459105896717
2025-03-22 17:02:32.265,1.235501945967984
2025-03-22 17:02:32.274,-2.178503292273681
2025-03-22 17:02:32.275,-5.859978971845679
2025-03-22 17:02:32.275,-5.6455045382393365
2025-03-22 17:02:32.275,-0.010531059371368362
2025-03-22 17:02:32.275,6.673099241124066
2025-03-22 17:02:32.284,7.940978175703366
2025-03-22 17:02:32.285,2.2782595170626303
2025-03-22 17:02:32.285,-5.015133458446398
2025-03-22 17:02:32.285,-7.346888088098324
2025-03-22 17:02:32.285,-3.3343964639238415
2025-03-22 17:02:32.294,2.5479709551047875
2025-03-22 17:02:32.294,4.983545934946231
2025-03-22 17:02:32.295,2.7736862739380834
2025-03-22 17:02:32.295,-0.8617477692548621
2025-03-22 17:02:32.295,-2.2025110533466354
2025-03-22 17:02:32.303,-0.877403085938953
2025-03-22 17:02:32.303,0.3474092293801658
2025-03-22 17:02:32.303,-0.47845389017638623
2025-03-22 17:02:32.303,-1.6579381120772607
2025-03-22 17:02:32.303,-0.18207070409169748
2025-03-22 17:02:32.313,3.3419725586293416
2025-03-22 17:02:32.313,4.182115371051059
2025-03-22 17:02:32.313,-0.5522130116611821
2025-03-22 17:02:32.313,-6.706380426222832
2025-03-22 17:02:32.313,-6.621830206379363
2025-03-22 17:02:32.323,1.4304913799449246
2025-03-22 17:02:32.323,9.701877193268668
2025-03-22 17:02:32.323,8.962244574229505
2025-03-22 17:02:32.323,-0.8820046994448492
2025-03-22 17:02:32.332,-10.321907726418697
2025-03-22 17:02:32.333,-10.386634311744608
2025-03-22 17:02:32.333,-1.5443441767563668
2025-03-22 17:02:32.333,7.745453357201493
2025-03-22 17:02:32.333,9.727624450355489
2025-03-22 17:02:32.342,3.9058892314752587
2025-03-22 17:02:32.342,-3.749634755978153
2025-03-22 17:02:32.343,-6.827213576028393
2025-03-22 17:02:32.343,-3.93495041058963
2025-03-22 17:02:32.343,0.9478952833531353
2025-03-22 17:02:32.352,3.055948669939772
2025-03-22 17:02:32.353,1.5355818469744784
2025-03-22 17:02:32.353,-0.5136083478191494
2025-03-22 17:02:32.353,-0.22485555971354912
2025-03-22 17:02:32.353,1.6467490581745419
2025-03-22 17:02:32.362,1.901372565507132
2025-03-22 17:02:32.363,-0.9177196634608389
2025-03-22 17:02:32.363,-4.198839366106617
2025-03-22 17:02:32.363,-3.749629807397374
2025-03-22 17:02:32.363,1.1301704176248744
2025-03-22 17:02:32.371,5.756495628792586
2025-03-22 17:02:32.371,4.631046465461528
2025-03-22 17:02:32.371,-1.7822872574985718
2025-03-22 17:02:32.371,-6.509985114054495
2025-03-22 17:02:32.371,-3.82255395368814
2025-03-22 17:02:32.381,3.4765310256051114
2025-03-22 17:02:32.381,6.790824455212794
2025-03-22 17:02:32.381,1.945809211696058
2025-03-22 17:02:32.381,-5.564009101488925
2025-03-22 17:02:32.381,-6.953991800340608
2025-03-22 17:02:32.391,-0.44035129072681867
2025-03-22 17:02:32.391,6.841547736369827
2025-03-22 17:02:32.391,7.067845186305229
2025-03-22 17:02:32.391,0.14864228938871543
2025-03-22 17:02:32.392,-6.720079367763067
2025-03-22 17:02:32.401,-6.854771657468647
2025-03-22 17:02:32.401,-0.557419360717095
2025-03-22 17:02:32.401,5.763630264225826
2025-03-22 17:02:32.401,6.153333184362975
2025-03-22 17:02:32.411,0.7032432980713412
2025-03-22 17:02:32.411,-4.9596356863215645
2025-03-22 17:02:32.411,-5.373753573507662
2025-03-22 17:02:32.411,-0.426673963517444
2025-03-22 17:02:32.411,4.798300193358315
2025-03-22 17:02:32.420,5.097580170318896
2025-03-22 17:02:32.421,0.22143534806589893
2025-03-22 17:02:32.421,-4.942501713910059
2025-03-22 17:02:32.421,-5.300297196079746
2025-03-22 17:02:32.421,-0.5871907549047877
2025-03-22 17:02:32.430,4.63336432842283
2025-03-22 17:02:32.431,5.603464226814501
2025-03-22 17:02:32.431,1.6160577653676613
2025-03-22 17:02:32.431,-3.7600107460658756
2025-03-22 17:02:32.431,-5.845835210889661
2025-03-22 17:02:32.440,-2.706706860587395
2025-03-22 17:02:32.441,2.9767358978005607
2025-03-22 17:02:32.441,5.9174826692624
2025-03-22 17:02:32.441,3.192068864051921
2025-03-22 17:02:32.441,-2.531342795729866
2025-03-22 17:02:32.450,-5.5393461073533015
2025-03-22 17:02:32.451,-3.0927623463486573
2025-03-22 17:02:32.451,1.8700177904091273
2025-03-22 17:02:32.451,4.3525104520537035
2025-03-22 17:02:32.451,2.694694813625616
2025-03-22 17:02:32.460,-0.4885904704433135
2025-03-22 17:02:32.461,-2.1190230236639227
2025-03-22 17:02:32.461,-1.9137533800673838
2025-03-22 17:02:32.461,-1.3853780149852049
2025-03-22 17:02:32.461,-0.9156939849956095
2025-03-22 17:02:32.470,0.5308231530961729
2025-03-22 17:02:32.471,2.8532826754208975
2025-03-22 17:02:32.471,3.733266718185142
2025-03-22 17:02:32.471,1.2919844982688347
2025-03-22 17:02:32.471,-2.949310801317497
2025-03-22 17:02:32.480,-5.123089758103954
2025-03-22 17:02:32.481,-3.070360110573667
2025-03-22 17:02:32.481,1.4907987431816945
2025-03-22 17:02:32.481,4.850165354274509
2025-03-22 17:02:32.481,4.557895120314871
2025-03-22 17:02:32.489,0.8748429096627708
2025-03-22 17:02:32.489,-3.7284208227935163
2025-03-22 17:02:32.489,-5.898651571973201
2025-03-22 17:02:32.489,-3.46590817582175
2025-03-22 17:02:32.489,2.308893720304816
2025-03-22 17:02:32.499,6.7968114682520175
2025-03-22 17:02:32.499,5.7489977531729854
2025-03-22 17:02:32.499,-0.36940725558716414
2025-03-22 17:02:32.499,-6.322323166301821
2025-03-22 17:02:32.500,-6.897709165713026
2025-03-22 17:02:32.509,-1.751512961462221
2025-03-22 17:02:32.509,4.455915068423552
2025-03-22 17:02:32.509,6.398659812637335
2025-03-22 17:02:32.509,2.6877766419339673
2025-03-22 17:02:32.510,-3.0286919522405182
2025-03-22 17:02:32.519,-5.222896314426512
2025-03-22 17:02:32.519,-1.6460636466596037
2025-03-22 17:02:32.519,3.9167014362247463
2025-03-22 17:02:32.519,4.947849451332139
2025-03-22 17:02:32.529,-0.5094850300742071
2025-03-22 17:02:32.529,-6.628204476841573
2025-03-22 17:02:32.529,-5.817003445164234
2025-03-22 17:02:32.529,2.0473640596345586
2025-03-22 17:02:32.529,8.659641573002824
2025-03-22 17:02:32.538,6.66048244577161
2025-03-22 17:02:32.538,-1.818189334131536
2025-03-22 17:02:32.539,-7.886521538049706
2025-03-22 17:02:32.539,-6.177149056449452
2025-03-22 17:02:32.539,0.051582978834156246
2025-03-22 17:02:32.549,4.177493621050485
2025-03-22 17:02:32.549,3.8875228356403175
2025-03-22 17:02:32.549,1.869485971931736
2025-03-22 17:02:32.549,0.6263320935878923
2025-03-22 17:02:32.549,-0.43216494119253057
2025-03-22 17:02:32.559,-2.4289657753979945
2025-03-22 17:02:32.559,-4.010994601962017
2025-03-22 17:02:32.559,-2.74082552193273
2025-03-22 17:02:32.559,1.2139512206599736
2025-03-22 17:02:32.559,4.501296562237714
2025-03-22 17:02:32.568,4.149821614802348
2025-03-22 17:02:32.569,0.7809774613161838
2025-03-22 17:02:32.569,-2.4172204773644315
2025-03-22 17:02:32.569,-3.285379921875058
2025-03-22 17:02:32.569,-2.2516896373223427
2025-03-22 17:02:32.578,-0.6230447000125476
2025-03-22 17:02:32.579,1.130043732961942
2025-03-22 17:02:32.579,2.69720585576844
2025-03-22 17:02:32.579,2.8415081557912383
2025-03-22 17:02:32.579,0.6283555831671793
2025-03-22 17:02:32.588,-2.4673996524134143
2025-03-22 17:02:32.589,-3.3660213966561816
2025-03-22 17:02:32.589,-1.0199683983252172
2025-03-22 17:02:32.589,1.9687123982145323
2025-03-22 17:02:32.589,2.485823941297096
2025-03-22 17:02:32.598,0.6973200789138065
2025-03-22 17:02:32.599,-0.8398890060934738
2025-03-22 17:02:32.599,-1.107347403921623
2025-03-22 17:02:32.599,-1.3472936308185908
2025-03-22 17:02:32.599,-1.752434683830939
2025-03-22 17:02:32.608,-0.275485249391433
2025-03-22 17:02:32.609,3.5458612819435182
2025-03-22 17:02:32.609,5.766035606419836
2025-03-22 17:02:32.609,2.1029565456387846
2025-03-22 17:02:32.609,-5.518968182831038
2025-03-22 17:02:32.618,-9.465734388982453
2025-03-22 17:02:32.619,-4.72934456552269
2025-03-22 17:02:32.619,4.874129563789381
2025-03-22 17:02:32.619,10.428127712255376
2025-03-22 17:02:32.619,7.172193474306266
2025-03-22 17:02:32.627,-1.2887643352230862
2025-03-22 17:02:32.627,-7.597080745322969
2025-03-22 17:02:32.627,-7.746915538974818
2025-03-22 17:02:32.627,-3.1662937410550756
2025-03-22 17:02:32.627,2.3960901483528247
2025-03-22 17:02:32.637,5.989354336424171
2025-03-22 17:02:32.637,5.966315291259747
2025-03-22 17:02:32.637,2.09049791927768
2025-03-22 17:02:32.637,-3.3088286391703945
2025-03-22 17:02:32.637,-5.873862972089295
2025-03-22 17:02:32.647,-3.2648345705856205
2025-03-22 17:02:32.647,1.5781365817105062
2025-03-22 17:02:32.647,3.3425916276057794
2025-03-22 17:02:32.647,0.8428017069365035
2025-03-22 17:02:32.657,-1.5429398073795753
2025-03-22 17:02:32.657,-0.028448377782011522
2025-03-22 17:02:32.657,3.0936648000529376
2025-03-22 17:02:32.657,2.549155131585659
2025-03-22 17:02:32.657,-2.2417470226375285
2025-03-22 17:02:32.667,-5.686375548226707
2025-03-22 17:02:32.667,-3.182143276136512
2025-03-22 17:02:32.667,2.6648764019458975
2025-03-22 17:02:32.667,5.251241640369826
2025-03-22 17:02:32.667,2.297589489551297
2025-03-22 17:02:32.677,-1.827696560254992
2025-03-22 17:02:32.677,-2.373376927791281
2025-03-22 17:02:32.677,-0.047449336599338754
2025-03-22 17:02:32.677,1.049226943390186
2025-03-22 17:02:32.677,-0.5918142791629263
2025-03-22 17:02:32.687,-2.3916909275258234
2025-03-22 17:02:32.687,-1.5504490581105097
2025-03-22 17:02:32.687,1.6315568728259566
2025-03-22 17:02:32.687,4.2925854970758595
2025-03-22 17:02:32.687,3.598207624282647
2025-03-22 17:02:32.697,-0.8231430000664088
2025-03-22 17:02:32.697,-5.720210411986712
2025-03-22 17:02:32.697,-6.140517187335913
2025-03-22 17:02:32.697,-0.4633666546828777
2025-03-22 17:02:32.697,6.522322146160181
2025-03-22 17:02:32.706,7.66864355150029
2025-03-22 17:02:32.706,1.3940907589775915
2025-03-22 17:02:32.707,-6.037651301579219
2025-03-22 17:02:32.707,-7.304734752988758
2025-03-22 17:02:32.707,-1.9262323073234493
2025-03-22 17:02:32.716,3.9951732736713215
2025-03-22 17:02:32.717,5.101604473915178
2025-03-22 17:02:32.717,1.9714159478165194
2025-03-22 17:02:32.717,-1.156528730727339
2025-03-22 17:02:32.717,-1.9015863542268858
2025-03-22 17:02:32.726,-1.3949958614130074
2025-03-22 17:02:32.727,-1.204126708076414
2025-03-22 17:02:32.727,-0.8615300698613939
2025-03-22 17:02:32.727,0.5973184037850547
2025-03-22 17:02:32.727,2.173547258298217
2025-03-22 17:02:32.737,1.8722593657845992
2025-03-22 17:02:32.737,-0.19839156279173206
2025-03-22 17:02:32.737,-1.5754430047300354
2025-03-22 17:02:32.737,-0.8390371448804587
2025-03-22 17:02:32.737,0.33643286349987966
2025-03-22 17:02:32.747,-0.18121399872345736
2025-03-22 17:02:32.747,-1.4465773337188539
2025-03-22 17:02:32.747,-0.6510213132985265
2025-03-22 17:02:32.747,2.2521931273609925
2025-03-22 17:02:32.747,3.591939359083139
2025-03-22 17:02:32.756,0.8609260182718677
2025-03-22 17:02:32.757,-3.3496347580829156
2025-03-22 17:02:32.757,-4.3307361916631955
2025-03-22 17:02:32.757,-1.1795178415820833
2025-03-22 17:02:32.757,2.4657245754726302
2025-03-22 17:02:32.766,3.3330390394416054
2025-03-22 17:02:32.767,1.8692894328835519
2025-03-22 17:02:32.767,0.15321409340719883
2025-03-22 17:02:32.767,-1.2796120201924825
2025-03-22 17:02:32.767,-2.757139216173307
2025-03-22 17:02:32.776,-3.083849611558111
2025-03-22 17:02:32.777,-0.596624181211895
2025-03-22 17:02:32.777,3.3253686122856503
2025-03-22 17:02:32.777,4.539178682943379
2025-03-22 17:02:32.777,1.2982602928722242
2025-03-22 17:02:32.785,-2.8759143846997133
2025-03-22 17:02:32.785,-3.4701894566378693
2025-03-22 17:02:32.785,-0.7702657735443514
2025-03-22 17:02:32.785,1.0915694611242028
2025-03-22 17:02:32.795,0.29170736116694385
2025-03-22 17:02:32.795,-0.44979943607424167
2025-03-22 17:02:32.795,1.3419935864774237
2025-03-22 17:02:32.795,3.4801719313861184
2025-03-22 17:02:32.795,1.8997897864047577
2025-03-22 17:02:32.796,-3.1126498623118715
2025-03-22 17:02:32.805,-6.191023474646823
2025-03-22 17:02:32.805,-3.2033976309130807
2025-03-22 17:02:32.805,3.3685643761818436
2025-03-22 17:02:32.805,6.8643413861630185
2025-03-22 17:02:32.806,3.8100967499345053
2025-03-22 17:02:32.815,-2.4293904478802
2025-03-22 17:02:32.815,-5.577409247704917
2025-03-22 17:02:32.815,-3.1121516062353867
2025-03-22 17:02:32.815,1.5990271326377137
2025-03-22 17:02:32.825,3.4200319387847635
2025-03-22 17:02:32.825,0.9914260960019057
2025-03-22 17:02:32.825,-2.1194012978999353
2025-03-22 17:02:32.825,-1.7476479231877622
2025-03-22 17:02:32.825,1.777318299375691
2025-03-22 17:02:32.835,3.7766075858107166
2025-03-22 17:02:32.835,1.0099401243225317
2025-03-22 17:02:32.835,-3.763427621938851
2025-03-22 17:02:32.835,-4.760100308113478
2025-03-22 17:02:32.835,-0.5155102022016673
2025-03-22 17:02:32.844,3.957313609660115
2025-03-22 17:02:32.845,3.439628289511833
2025-03-22 17:02:32.845,-0.7990256389571258
2025-03-22 17:02:32.845,-2.7812496921514858
2025-03-22 17:02:32.845,0.09184392236387737
2025-03-22 17:02:32.855,3.3530527771329908
2025-03-22 17:02:32.855,1.451528630358277
2025-03-22 17:02:32.855,-4.188807352879277
2025-03-22 17:02:32.855,-6.138835275998632
2025-03-22 17:02:32.855,-0.5911385640279816
2025-03-22 17:02:32.864,6.823333493752271
2025-03-22 17:02:32.865,7.38136412609883
2025-03-22 17:02:32.865,0.09989748513556357
2025-03-22 17:02:32.865,-6.962084134065425
2025-03-22 17:02:32.865,-6.450799713772933
2025-03-22 17:02:32.875,0.13629199080460014
2025-03-22 17:02:32.875,5.332280778569654
2025-03-22 17:02:32.875,4.505665941165728
2025-03-22 17:02:32.875,-0.18081488341109297
2025-03-22 17:02:32.875,-3.4904359526350195
2025-03-22 17:02:32.884,-2.79235273140845
2025-03-22 17:02:32.885,0.13591771308793948
2025-03-22 17:02:32.885,1.9255292363180674
2025-03-22 17:02:32.885,1.4104238157796383
2025-03-22 17:02:32.885,0.20846604322283635
2025-03-22 17:02:32.895,-0.12359144404810016
2025-03-22 17:02:32.895,-0.15576352988117512
2025-03-22 17:02:32.895,-0.9921984479907417
2025-03-22 17:02:32.895,-1.8128792151643962
2025-03-22 17:02:32.895,-0.7745472629933717
2025-03-22 17:02:32.904,1.809677802831688
2025-03-22 17:02:32.905,3.0385893740628327
2025-03-22 17:02:32.905,1.042332490628403
2025-03-22 17:02:32.905,-2.1898563204488823
2025-03-22 17:02:32.905,-3.0123443543991697
2025-03-22 17:02:32.914,-0.6715139831507083
2025-03-22 17:02:32.915,1.908821401906924
2025-03-22 17:02:32.915,2.0315833364412534
2025-03-22 17:02:32.915,0.3321726327286794
2025-03-22 17:02:32.915,-0.8466279058773227
2025-03-22 17:02:32.923,-0.8266327486227549
2025-03-22 17:02:32.923,-0.7494399625359371
2025-03-22 17:02:32.923,-0.955261610960897
2025-03-22 17:02:32.923,-0.21318298072606987
2025-03-22 17:02:32.923,1.8324367239192307
2025-03-22 17:02:32.933,3.0350224533937666
2025-03-22 17:02:32.933,1.112736198374136
2025-03-22 17:02:32.933,-2.796608195229766
2025-03-22 17:02:32.933,-4.555170431465272
2025-03-22 17:02:32.943,-1.6988196201180883
2025-03-22 17:02:32.943,3.146547679082998
2025-03-22 17:02:32.943,4.732489119845395
2025-03-22 17:02:32.943,1.2574175512922068
2025-03-22 17:02:32.943,-3.1512185110218107
2025-03-22 17:02:32.953,-3.203101633986569
2025-03-22 17:02:32.953,0.8330182996387984
2025-03-22 17:02:32.953,3.2335962970055108
2025-03-22 17:02:32.953,0.3998270144953352
2025-03-22 17:02:32.953,-3.934784300138413
2025-03-22 17:02:32.962,-3.448171434791793
2025-03-22 17:02:32.963,2.1241643787493487
2025-03-22 17:02:32.963,6.311160281349607
2025-03-22 17:02:32.963,4.010320709138203
2025-03-22 17:02:32.963,-2.598456336200707
2025-03-22 17:02:32.973,-7.08693777541072
2025-03-22 17:02:32.973,-5.472060477659675
2025-03-22 17:02:32.973,0.9352445730675828
2025-03-22 17:02:32.973,7.12712009147941
2025-03-22 17:02:32.973,7.7485347748231534
2025-03-22 17:02:32.982,1.181378393997298
2025-03-22 17:02:32.983,-7.649776594323578
2025-03-22 17:02:32.983,-10.0839808784025
2025-03-22 17:02:32.983,-2.2329374010557617
2025-03-22 17:02:32.983,9.143515937818536
2025-03-22 17:02:32.991,11.958474292072184
2025-03-22 17:02:32.991,1.8784709550376149
2025-03-22 17:02:32.991,-11.31298587952812
2025-03-22 17:02:32.991,-13.171275366050548
2025-03-22 17:02:32.992,-0.7418590900336989
2025-03-22 17:02:33.001,13.191117211439709
2025-03-22 17:02:33.001,13.671301126030626
2025-03-22 17:02:33.001,-0.017876333619050833
2025-03-22 17:02:33.001,-13.65748921282989
2025-03-22 17:02:33.009,-13.480288841264827
2025-03-22 17:02:33.009,-0.25330913547613
2025-03-22 17:02:33.009,12.447363738162618
2025-03-22 17:02:33.009,12.467496776035489
2025-03-22 17:02:33.010,0.692974243958038
2025-03-22 17:02:33.019,-10.654760519853468
2025-03-22 17:02:33.019,-10.48365017291255
2025-03-22 17:02:33.019,0.16490609901408737
2025-03-22 17:02:33.019,9.488469534594156
2025-03-22 17:02:33.020,7.7032064832014555
2025-03-22 17:02:33.029,-2.283738509228317
2025-03-22 17:02:33.029,-8.649319477806317
2025-03-22 17:02:33.029,-4.6931853759606845
2025-03-22 17:02:33.029,3.8852425180771144
2025-03-22 17:02:33.038,6.986348208200996
2025-03-22 17:02:33.039,2.303596981843324
2025-03-22 17:02:33.039,-3.5831649583155265
2025-03-22 17:02:33.039,-4.503528867830415
2025-03-22 17:02:33.039,-1.060868345039276
2025-03-22 17:02:33.048,2.272368533921577
2025-03-22 17:02:33.049,2.683547611205761
2025-03-22 17:02:33.049,0.41845354325700324
2025-03-22 17:02:33.049,-2.4344914026750684
2025-03-22 17:02:33.049,-2.9048045242654648
2025-03-22 17:02:33.058,0.6561389884427392
2025-03-22 17:02:33.059,5.331673352678331
2025-03-22 17:02:33.059,4.946203025910206
2025-03-22 17:02:33.059,-2.371515297089891
2025-03-22 17:02:33.059,-9.432430945948036
2025-03-22 17:02:33.067,-6.904296804818028
2025-03-22 17:02:33.067,4.42132100844194
2025-03-22 17:02:33.067,12.23291266124276
2025-03-22 17:02:33.067,6.55287672600925
2025-03-22 17:02:33.068,-7.141194447806804
2025-03-22 17:02:33.077,-12.965237594506577
2025-03-22 17:02:33.077,-3.4231815050504713
2025-03-22 17:02:33.077,10.751434658054254
2025-03-22 17:02:33.077,12.69935884901554
2025-03-22 17:02:33.085,-0.4335771993216706
2025-03-22 17:02:33.085,-13.764116255145359
2025-03-22 17:02:33.085,-12.100517040574028
2025-03-22 17:02:33.085,2.4639240275229506
2025-03-22 17:02:33.094,13.71151632810381
2025-03-22 17:02:33.095,10.481146385499587
2025-03-22 17:02:33.095,-1.8073128403001135
2025-03-22 17:02:33.095,-9.777358371667344
2025-03-22 17:02:33.095,-7.734121403758362
2025-03-22 17:02:33.105,-0.9059810446611506
2025-03-22 17:02:33.105,4.005751460689734
2025-03-22 17:02:33.105,5.531498529059973
2025-03-22 17:02:33.105,4.449615248367505
2025-03-22 17:02:33.105,0.3033146727259246
2025-03-22 17:02:33.114,-5.488473593671639
2025-03-22 17:02:33.115,-7.250616313156919
2025-03-22 17:02:33.115,-1.2200265036800881
2025-03-22 17:02:33.115,7.293766203617018
2025-03-22 17:02:33.115,8.303337171019182
2025-03-22 17:02:33.124,-0.38895644663716383
2025-03-22 17:02:33.125,-9.31084970497003
2025-03-22 17:02:33.125,-8.155042359411695
2025-03-22 17:02:33.125,2.0561967715108835
2025-03-22 17:02:33.125,10.256571068066203
2025-03-22 17:02:33.133,7.821100407749052
2025-03-22 17:02:33.133,-2.423143610393513
2025-03-22 17:02:33.133,-9.84267380682979
2025-03-22 17:02:33.133,-7.310829920451931
2025-03-22 17:02:33.134,1.9018198900769656
2025-03-22 17:02:33.143,8.239935817093055
2025-03-22 17:02:33.143,6.050662541932147
2025-03-22 17:02:33.143,-1.1225827254313705
2025-03-22 17:02:33.143,-5.423587653903875
2025-03-22 17:02:33.154,-3.5714542115600447
2025-03-22 17:02:33.155,0.5338205260113151
2025-03-22 17:02:33.155,1.671306208355201
2025-03-22 17:02:33.155,-0.30516702291555975
2025-03-22 17:02:33.155,-1.18878227214152
2025-03-22 17:02:33.155,1.4597884957555989
2025-03-22 17:02:33.163,4.7787046249860445
2025-03-22 17:02:33.163,3.864917963429372
2025-03-22 17:02:33.163,-2.139344058343499
2025-03-22 17:02:33.163,-8.101678904151317
2025-03-22 17:02:33.173,-7.517534974131938
2025-03-22 17:02:33.173,0.5705200903969119
2025-03-22 17:02:33.173,9.32052987900297
2025-03-22 17:02:33.173,9.898650663347603
2025-03-22 17:02:33.173,0.8255046029906906
2025-03-22 17:02:33.183,-9.133175000124929
2025-03-22 17:02:33.183,-9.54946716018107
2025-03-22 17:02:33.183,-0.12708657298951154
2025-03-22 17:02:33.183,8.465750685835017
2025-03-22 17:02:33.183,6.906596651189785
2025-03-22 17:02:33.193,-1.9430543771115305
2025-03-22 17:02:33.193,-7.214833853766861
2025-03-22 17:02:33.193,-3.639352105069258
2025-03-22 17:02:33.193,3.0180253072058845
2025-03-22 17:02:33.193,4.766764912598165
2025-03-22 17:02:33.202,1.4210136966823148
2025-03-22 17:02:33.203,-1.3698382842987558
2025-03-22 17:02:33.203,-1.2704526294700358
2025-03-22 17:02:33.203,-1.2942270199991153
2025-03-22 17:02:33.203,-2.8161342243797667
2025-03-22 17:02:33.212,-2.0801131104964696
2025-03-22 17:02:33.213,3.2128953180930493
2025-03-22 17:02:33.213,7.640354732054429
2025-03-22 17:02:33.213,3.8074955077047434
2025-03-22 17:02:33.213,-6.1575252474371736
2025-03-22 17:02:33.221,-10.629434695116636
2025-03-22 17:02:33.221,-2.922948480580067
2025-03-22 17:02:33.221,8.562292532857919
2025-03-22 17:02:33.221,9.985828093908216
2025-03-22 17:02:33.222,0.014771836488410406
2025-03-22 17:02:33.231,-8.527390439267611
2025-03-22 17:02:33.231,-5.923182214999857
2025-03-22 17:02:33.231,2.438055495303115
2025-03-22 17:02:33.231,5.3238199240405955
2025-03-22 17:02:33.240,1.1633711989979472
2025-03-22 17:02:33.241,-2.343410599661352
2025-03-22 17:02:33.241,-1.0119135110530963
2025-03-22 17:02:33.241,1.1987692961883207
2025-03-22 17:02:33.241,0.4365731391133244
2025-03-22 17:02:33.251,-1.2124451918775503
2025-03-22 17:02:33.251,-0.680113552126831
2025-03-22 17:02:33.251,0.6163540809140385
2025-03-22 17:02:33.251,0.09384564626766931
2025-03-22 17:02:33.251,-0.7617996893234302
2025-03-22 17:02:33.261,0.9482177922612249
2025-03-22 17:02:33.261,3.368426107705631
2025-03-22 17:02:33.261,1.4191125980006356
2025-03-22 17:02:33.261,-4.8016287383863805
2025-03-22 17:02:33.261,-7.628883977574399
2025-03-22 17:02:33.271,-1.1656887033048569
2025-03-22 17:02:33.271,9.227553139130688
2025-03-22 17:02:33.271,11.400818153180555
2025-03-22 17:02:33.271,1.1161532382202561
2025-03-22 17:02:33.271,-11.631406580112564
2025-03-22 17:02:33.279,-13.618496554810282
2025-03-22 17:02:33.279,-3.170243469260091
2025-03-22 17:02:33.279,9.300694032431142
2025-03-22 17:02:33.279,13.584204343262902
2025-03-22 17:02:33.280,8.273641182774998
2025-03-22 17:02:33.289,-1.8199844360313253
2025-03-22 17:02:33.289,-11.05579932077455
2025-03-22 17:02:33.289,-14.1634154102621
2025-03-22 17:02:33.289,-7.521724201627412
2025-03-22 17:02:33.297,6.2086656948663
2025-03-22 17:02:33.297,16.93777995807905
2025-03-22 17:02:33.297,14.922223464539073
2025-03-22 17:02:33.298,0.381449975050121
2025-03-22 17:02:33.298,-15.668418330258564
2025-03-22 17:02:33.307,-20.0296599112393
2025-03-22 17:02:33.307,-7.765216732981773
2025-03-22 17:02:33.307,12.735176726493021
2025-03-22 17:02:33.307,24.316299386586135
2025-03-22 17:02:33.315,14.862187672266565
2025-03-22 17:02:33.315,-9.539372180502351
2025-03-22 17:02:33.315,-27.01478768203177
2025-03-22 17:02:33.315,-20.13999216915707
2025-03-22 17:02:33.325,5.322386900869993
2025-03-22 17:02:33.325,25.08793896725839
2025-03-22 17:02:33.325,21.234512629288275
2025-03-22 17:02:33.325,-0.028979597311891814
2025-03-22 17:02:33.325,-17.068545550780605
2025-03-22 17:02:33.335,-16.394102421550514
2025-03-22 17:02:33.335,-3.979873200151305
2025-03-22 17:02:33.335,5.613752690621204
2025-03-22 17:02:33.335,6.3088019828122714
2025-03-22 17:02:33.335,3.868579303049171
2025-03-22 17:02:33.343,4.6170351924542645
2025-03-22 17:02:33.343,5.797778828958594
2025-03-22 17:02:33.343,0.2551923064888928
2025-03-22 17:02:33.343,-10.876714531954935
2025-03-22 17:02:33.352,-15.527729428495928
2025-03-22 17:02:33.353,-4.705426204568616
2025-03-22 17:02:33.353,13.280284544575954
2025-03-22 17:02:33.353,19.168437763634245
2025-03-22 17:02:33.353,5.455088874121472
2025-03-22 17:02:33.361,-12.820554744374814
2025-03-22 17:02:33.361,-15.343138535670745
2025-03-22 17:02:33.361,-1.3923291741470436
2025-03-22 17:02:33.362,10.064967995600192
2025-03-22 17:02:33.362,5.596855594933612
2025-03-22 17:02:33.371,-5.66902181774465
2025-03-22 17:02:33.371,-5.87583188951993
2025-03-22 17:02:33.371,6.112026846047609
2025-03-22 17:02:33.371,12.682230067575594
2025-03-22 17:02:33.380,1.9231363352004311
2025-03-22 17:02:33.381,-14.715424588158799
2025-03-22 17:02:33.381,-16.1603664946627
2025-03-22 17:02:33.381,0.7335260348077675
2025-03-22 17:02:33.381,16.42076264863255
2025-03-22 17:02:33.389,13.258923095371712
2025-03-22 17:02:33.389,-2.8344191145990694
2025-03-22 17:02:33.389,-11.474353337903619
2025-03-22 17:02:33.389,-4.40113156472095
2025-03-22 17:02:33.399,5.673259277577996
2025-03-22 17:02:33.399,4.007644427314627
2025-03-22 17:02:33.399,-6.163619363430066
2025-03-22 17:02:33.399,-8.944146267552046
2025-03-22 17:02:33.400,1.9010147775233068
2025-03-22 17:02:33.409,13.786535170776078
2025-03-22 17:02:33.409,11.051432496920551
2025-03-22 17:02:33.409,-5.0505705875234375
2025-03-22 17:02:33.409,-17.08528800387946
2025-03-22 17:02:33.409,-11.387143914844714
2025-03-22 17:02:33.417,6.483286602800292
2025-03-22 17:02:33.417,17.71945289695759
2025-03-22 17:02:33.417,10.452893017021168
2025-03-22 17:02:33.417,-7.594608933046809
2025-03-22 17:02:33.426,-17.317603811636847
2025-03-22 17:02:33.427,-8.638510376104707
2025-03-22 17:02:33.427,8.788196499117825
2025-03-22 17:02:33.427,16.275843036575548
2025-03-22 17:02:33.427,6.370335250049171
2025-03-22 17:02:33.435,-9.631750061876453
2025-03-22 17:02:33.435,-14.620918212956537
2025-03-22 17:02:33.435,-4.144380656602316
2025-03-22 17:02:33.436,9.709202317339349
2025-03-22 17:02:33.444,12.258550064214868
2025-03-22 17:02:33.445,1.9749968970153686
2025-03-22 17:02:33.445,-8.95005368660519
2025-03-22 17:02:33.445,-8.884811183770836
2025-03-22 17:02:33.445,0.5841825465923688
2025-03-22 17:02:33.455,7.590405670615103
2025-03-22 17:02:33.455,4.408808399717497
2025-03-22 17:02:33.455,-3.8555939090623066
2025-03-22 17:02:33.455,-6.278578004626674
2025-03-22 17:02:33.455,0.23935519304577563
2025-03-22 17:02:33.463,7.40533925942387
2025-03-22 17:02:33.463,5.920481978267852
2025-03-22 17:02:33.463,-3.196884814858762
2025-03-22 17:02:33.463,-9.80983564535525
2025-03-22 17:02:33.464,-6.474926657469189
2025-03-22 17:02:33.473,3.2257752277116984
2025-03-22 17:02:33.473,9.234704663418487
2025-03-22 17:02:33.473,6.490570044361821
2025-03-22 17:02:33.473,-0.5385217174543941
2025-03-22 17:02:33.474,-4.8698386908741345
2025-03-22 17:02:33.483,-5.141030539630779
2025-03-22 17:02:33.483,-4.042372895445944
2025-03-22 17:02:33.483,-1.6634048477598462
2025-03-22 17:02:33.484,3.828301013634506
2025-03-22 17:02:33.493,9.15578691233866
2025-03-22 17:02:33.493,6.685692302554653
2025-03-22 17:02:33.493,-4.2517679787627225
2025-03-22 17:02:33.493,-12.480518628782901
2025-03-22 17:02:33.493,-7.516684956748423
2025-03-22 17:02:33.502,5.8915402859152275
2025-03-22 17:02:33.503,12.467714100432465
2025-03-22 17:02:33.503,5.28417366789909
2025-03-22 17:02:33.503,-6.394472134875345
2025-03-22 17:02:33.503,-9.821757943116783
2025-03-22 17:02:33.512,-3.6855685987142977
2025-03-22 17:02:33.513,3.5320790292663666
2025-03-22 17:02:33.513,5.9533796949538385
2025-03-22 17:02:33.513,5.02522848564246
2025-03-22 17:02:33.513,2.9603090694391776
2025-03-22 17:02:33.521,-1.6191376500336438
2025-03-22 17:02:33.521,-8.389582904112173
2025-03-22 17:02:33.521,-10.655229466519081
2025-03-22 17:02:33.521,-2.238344221869721
2025-03-22 17:02:33.531,11.559607433703292
2025-03-22 17:02:33.531,16.1272644825641
2025-03-22 17:02:33.531,4.194985650372752
2025-03-22 17:02:33.531,-13.131205574650755
2025-03-22 17:02:33.531,-17.252184475064233
2025-03-22 17:02:33.539,-3.703344405864298
2025-03-22 17:02:33.539,12.263205116630852
2025-03-22 17:02:33.539,13.821942543699686
2025-03-22 17:02:33.540,1.8174236403494137
2025-03-22 17:02:33.549,-8.520573792088408
2025-03-22 17:02:33.549,-7.306528686824011
2025-03-22 17:02:33.549,-0.025802689037164983
2025-03-22 17:02:33.549,2.90903640992237
2025-03-22 17:02:33.550,0.32123689446794335
2025-03-22 17:02:33.559,-0.8225618378569377
2025-03-22 17:02:33.559,2.407037762561352
2025-03-22 17:02:33.559,4.446868181435623
2025-03-22 17:02:33.559,0.38279415148788015
2025-03-22 17:02:33.559,-5.63015002802725
2025-03-22 17:02:33.569,-5.4870669628997435
2025-03-22 17:02:33.569,1.3513005331062717
2025-03-22 17:02:33.569,6.406961057574113
2025-03-22 17:02:33.569,3.1659386279256547
2025-03-22 17:02:33.569,-4.22477833259695
2025-03-22 17:02:33.579,-6.057202140062558
2025-03-22 17:02:33.579,0.6461088938368578
2025-03-22 17:02:33.579,8.089069482223742
2025-03-22 17:02:33.579,6.719414620523041
2025-03-22 17:02:33.579,-3.4760265472219514
2025-03-22 17:02:33.588,-12.273331178625243
2025-03-22 17:02:33.589,-9.756731564247671
2025-03-22 17:02:33.589,3.1602123170356804
2025-03-22 17:02:33.589,15.012694096404074
2025-03-22 17:02:33.589,14.507154507346955
2025-03-22 17:02:33.597,1.170104813528654
2025-03-22 17:02:33.597,-14.089245765692027
2025-03-22 17:02:33.597,-18.507872116602375
2025-03-22 17:02:33.597,-8.138366525941224
2025-03-22 17:02:33.606,9.03193478137727
2025-03-22 17:02:33.607,19.288148803666985
2025-03-22 17:02:33.607,14.049679765330275
2025-03-22 17:02:33.607,-2.530460591022531
2025-03-22 17:02:33.607,-16.239893210715103
2025-03-22 17:02:33.615,-15.253163856354073
2025-03-22 17:02:33.615,-1.4682276940180552
2025-03-22 17:02:33.615,11.2906703661139
2025-03-22 17:02:33.615,11.334373664729188
2025-03-22 17:02:33.625,0.819071254565813
2025-03-22 17:02:33.625,-7.566363893779289
2025-03-22 17:02:33.625,-5.13417694087983
2025-03-22 17:02:33.625,3.487943156600484
2025-03-22 17:02:33.625,6.719192426388282
2025-03-22 17:02:33.635,0.1969325023947795
2025-03-22 17:02:33.635,-8.198257264417732
2025-03-22 17:02:33.635,-8.007755704633286
2025-03-22 17:02:33.635,1.5191650792853504
2025-03-22 17:02:33.635,10.6499228769056
2025-03-22 17:02:33.643,9.77076729176388
2025-03-22 17:02:33.643,-0.700743585331098
2025-03-22 17:02:33.643,-10.813746176095078
2025-03-22 17:02:33.643,-10.817037510032218
2025-03-22 17:02:33.653,-0.6366462224238488
2025-03-22 17:02:33.653,10.017932179836748
2025-03-22 17:02:33.653,11.131023555219222
2025-03-22 17:02:33.653,1.9222812593488345
2025-03-22 17:02:33.653,-8.962279348277224
2025-03-22 17:02:33.662,-11.865849381526443
2025-03-22 17:02:33.663,-4.367878948355932
2025-03-22 17:02:33.663,7.294592632734686
2025-03-22 17:02:33.663,13.429952881955735
2025-03-22 17:02:33.663,8.51073514591867
2025-03-22 17:02:33.671,-3.9870181774612767
2025-03-22 17:02:33.671,-13.82036078746755
2025-03-22 17:02:33.671,-12.63706076618125
2025-03-22 17:02:33.672,-1.5010424590967275
2025-03-22 17:02:33.680,10.364001033513377
2025-03-22 17:02:33.681,14.093036929263032
2025-03-22 17:02:33.681,7.948014838227901
2025-03-22 17:02:33.681,-3.0250400617129545
2025-03-22 17:02:33.681,-11.541559658216634
2025-03-22 17:02:33.689,-12.341824201375479
2025-03-22 17:02:33.689,-5.0519018969874905
2025-03-22 17:02:33.689,5.251209533842995
2025-03-22 17:02:33.690,11.553782431787779
2025-03-22 17:02:33.698,10.374907576266104
2025-03-22 17:02:33.699,3.513771674026371
2025-03-22 17:02:33.699,-5.0188968801064275
2025-03-22 17:02:33.699,-11.552980783127353
2025-03-22 17:02:33.699,-12.2672504862399
2025-03-22 17:02:33.707,-4.29723856067528
2025-03-22 17:02:33.707,9.27489503091447
2025-03-22 17:02:33.707,17.86327630298068
2025-03-22 17:02:33.707,11.990955046980527
2025-03-22 17:02:33.708,-5.2240353584847865
2025-03-22 17:02:33.717,-18.552246255959588
2025-03-22 17:02:33.717,-15.303606084020844
2025-03-22 17:02:33.717,1.3697168669873525
2025-03-22 17:02:33.717,15.475292759298734
2025-03-22 17:02:33.725,14.294086721278964
2025-03-22 17:02:33.725,0.5593798093598835
2025-03-22 17:02:33.725,-11.38621219080956
2025-03-22 17:02:33.725,-10.652614867114105
2025-03-22 17:02:33.735,-0.13613260660668358
2025-03-22 17:02:33.735,8.139505674852101
2025-03-22 17:02:33.735,6.461462242907908
2025-03-22 17:02:33.735,-1.4896210558410206
2025-03-22 17:02:33.735,-6.392274093243894
2025-03-22 17:02:33.745,-3.6635047460196324
2025-03-22 17:02:33.745,2.8627756331874656
2025-03-22 17:02:33.745,6.071945708067113
2025-03-22 17:02:33.745,2.9638171648272738
2025-03-22 17:02:33.745,-2.852957718758623
2025-03-22 17:02:33.755,-5.467535650444778
2025-03-22 17:02:33.755,-3.0828773745259093
2025-03-22 17:02:33.755,0.6963930010200804
2025-03-22 17:02:33.755,2.133984469594625
2025-03-22 17:02:33.756,1.9503467319784336
2025-03-22 17:02:33.764,2.8138163991316136
2025-03-22 17:02:33.765,3.8959746144318927
2025-03-22 17:02:33.765,1.3994172630984563
2025-03-22 17:02:33.765,-5.040019974483622
2025-03-22 17:02:33.765,-9.578868261799366
2025-03-22 17:02:33.774,-6.0923932246342805
2025-03-22 17:02:33.775,4.000359595935151
2025-03-22 17:02:33.775,11.82562292238824
2025-03-22 17:02:33.775,9.723473294271699
2025-03-22 17:02:33.775,-0.6630574722725401
2025-03-22 17:02:33.783,-9.753917363045199
2025-03-22 17:02:33.783,-9.738337171732487
2025-03-22 17:02:33.783,-2.176355371342675
2025-03-22 17:02:33.784,4.825813394436013
2025-03-22 17:02:33.784,5.933137237455369
2025-03-22 17:02:33.793,2.9246995152328013
2025-03-22 17:02:33.793,0.05558702322794609
2025-03-22 17:02:33.793,-1.4546665533571987
2025-03-22 17:02:33.794,-2.420994915972525
2025-03-22 17:02:33.794,-2.1925829290895775
2025-03-22 17:02:33.803,0.1294927860006001
2025-03-22 17:02:33.803,2.2788800001966583
2025-03-22 17:02:33.803,0.8697996991717567
2025-03-22 17:02:33.803,-2.7989485132935807
2025-03-22 17:02:33.813,-3.0384815368383187
2025-03-22 17:02:33.813,2.254447303023385
2025-03-22 17:02:33.813,7.124554817975569
2025-03-22 17:02:33.813,4.309410272031942
2025-03-22 17:02:33.814,-4.824135361005867
2025-03-22 17:02:33.823,-10.499348473512251
2025-03-22 17:02:33.823,-5.551710860908981
2025-03-22 17:02:33.823,5.749624117996114
2025-03-22 17:02:33.823,11.740862788719193
2025-03-22 17:02:33.823,6.061920075298227
2025-03-22 17:02:33.833,-5.26423757557056
2025-03-22 17:02:33.833,-10.537258018189467
2025-03-22 17:02:33.833,-5.229190357640118
2025-03-22 17:02:33.833,3.859042867249335
2025-03-22 17:02:33.833,7.3146090290486105
2025-03-22 17:02:33.842,3.396213815009798
2025-03-22 17:02:33.843,-1.985671360291395
2025-03-22 17:02:33.843,-3.481460556598419
2025-03-22 17:02:33.843,-1.5386513720759476
2025-03-22 17:02:33.843,0.26666491491411026
2025-03-22 17:02:33.853,0.32735395637102727
2025-03-22 17:02:33.853,0.017463610751954767
2025-03-22 17:02:33.853,0.7463088232870738
2025-03-22 17:02:33.853,1.6802263766037082
2025-03-22 17:02:33.853,1.020167406565146
2025-03-22 17:02:33.861,-1.042861808023162
2025-03-22 17:02:33.861,-1.9963571494644685
2025-03-22 17:02:33.861,-0.42643895605102233
2025-03-22 17:02:33.862,1.3639606036860392
2025-03-22 17:02:33.871,0.14971457634077667
2025-03-22 17:02:33.871,-2.9724039888359512
2025-03-22 17:02:33.871,-2.8498616486357458
2025-03-22 17:02:33.871,2.6780222416542694
2025-03-22 17:02:33.871,8.184261163570405
2025-03-22 17:02:33.880,6.104508763053703
2025-03-22 17:02:33.881,-3.6072078728504238
2025-03-22 17:02:33.881,-12.055046107993649
2025-03-22 17:02:33.881,-10.4991651546952
2025-03-22 17:02:33.881,0.6097150299814197
2025-03-22 17:02:33.889,12.0746758309121
2025-03-22 17:02:33.889,14.17918754288292
2025-03-22 17:02:33.889,4.76581470505391
2025-03-22 17:02:33.889,-8.740519001262578
2025-03-22 17:02:33.899,-14.949249526359186
2025-03-22 17:02:33.899,-8.377585504383976
2025-03-22 17:02:33.899,4.8627876477843035
2025-03-22 17:02:33.899,12.383593580638589
2025-03-22 17:02:33.899,7.737969676884536
2025-03-22 17:02:33.909,-3.215122818545301
2025-03-22 17:02:33.909,-8.880868237770915
2025-03-22 17:02:33.909,-4.222726542299558
2025-03-22 17:02:33.909,4.498228569177252
2025-03-22 17:02:33.909,7.171788015752455
2025-03-22 17:02:33.919,1.023225355483693
2025-03-22 17:02:33.919,-6.608783914287905
2025-03-22 17:02:33.919,-6.888573916709096
2025-03-22 17:02:33.919,0.2415214671594702
2025-03-22 17:02:33.919,6.302733464263851
2025-03-22 17:02:33.928,4.952948976718787
2025-03-22 17:02:33.929,-0.45589732713963754
2025-03-22 17:02:33.929,-2.365352180894806
2025-03-22 17:02:33.929,0.2742219817007582
2025-03-22 17:02:33.929,1.2470350496765739
2025-03-22 17:02:33.937,-2.9356939696676165
2025-03-22 17:02:33.937,-6.977409782201553
2025-03-22 17:02:33.937,-3.5327009210799667
2025-03-22 17:02:33.938,6.278660956704468
2025-03-22 17:02:33.938,12.459021150472026
2025-03-22 17:02:33.947,6.8777240445858
2025-03-22 17:02:33.947,-6.809877630254675
2025-03-22 17:02:33.947,-15.370777973598276
2025-03-22 17:02:33.947,-9.282878866019042
2025-03-22 17:02:33.956,6.231577078450348
2025-03-22 17:02:33.957,15.438716231665717
2025-03-22 17:02:33.957,8.841174797262715
2025-03-22 17:02:33.957,-6.020608763210754
2025-03-22 17:02:33.957,-13.08901136662399
2025-03-22 17:02:33.967,-6.023492581606012
2025-03-22 17:02:33.967,5.714355706536386
2025-03-22 17:02:33.967,9.354418082532108
2025-03-22 17:02:33.967,3.2559239260568136
2025-03-22 17:02:33.967,-3.8605315118082295
2025-03-22 17:02:33.977,-5.146540028595855
2025-03-22 17:02:33.977,-2.3231148700758792
2025-03-22 17:02:33.977,-0.1690966508615549
2025-03-22 17:02:33.977,0.8079001233272843
2025-03-22 17:02:33.977,2.9501325537234098
2025-03-22 17:02:33.985,5.247562077549815
2025-03-22 17:02:33.985,3.2984790987737425
2025-03-22 17:02:33.985,-3.646542613253753
2025-03-22 17:02:33.986,-9.121679728917131
2025-03-22 17:02:33.995,-6.068475822367803
2025-03-22 17:02:33.995,3.732471813204133
2025-03-22 17:02:33.995,10.089468065207965
2025-03-22 17:02:33.995,5.891398079768309
2025-03-22 17:02:33.996,-3.9184389691294914
2025-03-22 17:02:34.005,-7.963547852191011
2025-03-22 17:02:34.005,-2.4380973036938745
2025-03-22 17:02:34.005,4.553245185736786
2025-03-22 17:02:34.005,4.102184265970594
2025-03-22 17:02:34.005,-2.0528712338945416
2025-03-22 17:02:34.015,-4.90508732535781
2025-03-22 17:02:34.015,-0.7000526957541384
2025-03-22 17:02:34.015,4.751125701378486
2025-03-22 17:02:34.015,4.459145254087386
2025-03-22 17:02:34.015,-1.0606085979192508
2025-03-22 17:02:34.025,-5.265539128054211
2025-03-22 17:02:34.025,-3.531075160399447
2025-03-22 17:02:34.025,2.163698145874368
2025-03-22 17:02:34.025,5.639734300360608
2025-03-22 17:02:34.026,2.762117454565983
2025-03-22 17:02:34.035,-4.077222797793885
2025-03-22 17:02:34.035,-7.599064524555883
2025-03-22 17:02:34.035,-2.9562784504615447
2025-03-22 17:02:34.035,6.239825754379222
2025-03-22 17:02:34.035,10.626088193157454
2025-03-22 17:02:34.043,4.825843967332495
2025-03-22 17:02:34.043,-6.359625546952967
2025-03-22 17:02:34.043,-12.536846756801369
2025-03-22 17:02:34.044,-8.042563913029191
2025-03-22 17:02:34.044,3.079513053961633
2025-03-22 17:02:34.053,11.581777774501388
2025-03-22 17:02:34.053,11.059692022483057
2025-03-22 17:02:34.053,2.227358749671169
2025-03-22 17:02:34.053,-8.216687709986362
2025-03-22 17:02:34.063,-12.205757567010362
2025-03-22 17:02:34.063,-6.335031259765529
2025-03-22 17:02:34.063,4.4832774296906965
2025-03-22 17:02:34.063,10.589000554361915
2025-03-22 17:02:34.063,6.924925759798015
2025-03-22 17:02:34.073,-1.7193184729288902
2025-03-22 17:02:34.073,-6.4196919960563505
2025-03-22 17:02:34.073,-4.165662940592009
2025-03-22 17:02:34.073,0.0703281820948195
2025-03-22 17:02:34.073,0.9405247431525753
2025-03-22 17:02:34.083,-0.5838931222358391
2025-03-22 17:02:34.083,0.24792579621733155
2025-03-22 17:02:34.083,4.338610344408734
2025-03-22 17:02:34.083,6.356502515064918
2025-03-22 17:02:34.084,1.1635203068485205
2025-03-22 17:02:34.091,-8.368224911508158
2025-03-22 17:02:34.091,-12.26853626527844
2025-03-22 17:02:34.091,-3.972869571801605
2025-03-22 17:02:34.092,10.596173516085777
2025-03-22 17:02:34.092,16.937098332634022
2025-03-22 17:02:34.101,6.867149208584759
2025-03-22 17:02:34.101,-11.16497929603575
2025-03-22 17:02:34.101,-19.091958434648156
2025-03-22 17:02:34.101,-8.024798177642706
2025-03-22 17:02:34.109,11.130803186280449
2025-03-22 17:02:34.109,18.324965937144114
2025-03-22 17:02:34.109,6.14628816280491
2025-03-22 17:02:34.110,-11.588806915048803
2025-03-22 17:02:34.110,-15.264662073849395
2025-03-22 17:02:34.119,-1.721437057754548
2025-03-22 17:02:34.119,12.705543313319353
2025-03-22 17:02:34.119,11.6253606264514
2025-03-22 17:02:34.119,-2.957859987438408
2025-03-22 17:02:34.129,-14.137491801047705
2025-03-22 17:02:34.129,-9.59064017595324
2025-03-22 17:02:34.129,5.737511472040547
2025-03-22 17:02:34.129,15.865033797505102
2025-03-22 17:02:34.129,10.190739120155998
2025-03-22 17:02:34.137,-6.34806907462566
2025-03-22 17:02:34.137,-17.847752674121693
2025-03-22 17:02:34.137,-12.429910297697464
2025-03-22 17:02:34.137,5.617621470900012
2025-03-22 17:02:34.145,18.93693247028352
2025-03-22 17:02:34.145,14.217985309604785
2025-03-22 17:02:34.145,-3.7723343647703937
2025-03-22 17:02:34.146,-17.132674211375996
2025-03-22 17:02:34.155,-13.79370065359011
2025-03-22 17:02:34.155,0.8253753454127677
2025-03-22 17:02:34.155,11.68402403917396
2025-03-22 17:02:34.155,10.571150714351486
2025-03-22 17:02:34.155,2.140987898927013
2025-03-22 17:02:34.164,-4.44942235617851
2025-03-22 17:02:34.165,-5.552352161977808
2025-03-22 17:02:34.165,-3.6034478669851815
2025-03-22 17:02:34.165,-1.3123898859778036
2025-03-22 17:02:34.165,1.0077460563070413
2025-03-22 17:02:34.175,3.043049282413162
2025-03-22 17:02:34.175,3.179675450396912
2025-03-22 17:02:34.175,1.0883510251535575
2025-03-22 17:02:34.175,-0.856587422706958
2025-03-22 17:02:34.175,-0.8418534858812065
2025-03-22 17:02:34.185,-0.5508222734561348
2025-03-22 17:02:34.185,-2.237593849270181
2025-03-22 17:02:34.185,-4.017823244691341
2025-03-22 17:02:34.185,-1.5509730721249495
2025-03-22 17:02:34.185,5.014632145945601
2025-03-22 17:02:34.195,8.949096619621148
2025-03-22 17:02:34.195,4.2468725559320175
2025-03-22 17:02:34.195,-6.11295297997674
2025-03-22 17:02:34.195,-11.903716017707579
2025-03-22 17:02:34.195,-6.568640226773534
2025-03-22 17:02:34.203,5.0412474195957
2025-03-22 17:02:34.203,11.510669515526006
2025-03-22 17:02:34.203,7.139774455065308
2025-03-22 17:02:34.204,-2.454393753472735
2025-03-22 17:02:34.204,-7.55316433706811
2025-03-22 17:02:34.215,-5.064857381472753
2025-03-22 17:02:34.215,-0.08475698750422689
2025-03-22 17:02:34.215,1.8805963201024012
2025-03-22 17:02:34.215,1.0061060448504988
2025-03-22 17:02:34.215,0.7953964536125041
2025-03-22 17:02:34.223,2.3386030896202326
2025-03-22 17:02:34.223,3.1328233706816557
2025-03-22 17:02:34.224,0.8405771730153296
2025-03-22 17:02:34.224,-3.4763362731773517
2025-03-22 17:02:34.224,-5.970267531559751
2025-03-22 17:02:34.233,-3.4140271738395773
2025-03-22 17:02:34.233,3.207863679717341
2025-03-22 17:02:34.233,8.021860515854131
2025-03-22 17:02:34.234,5.043956194054913
2025-03-22 17:02:34.234,-4.393787330951053
2025-03-22 17:02:34.243,-10.580396645056776
2025-03-22 17:02:34.243,-5.266705081279071
2025-03-22 17:02:34.243,7.370760638288374
2025-03-22 17:02:34.243,13.409747041723847
2025-03-22 17:02:34.251,4.910631495310449
2025-03-22 17:02:34.251,-9.73412956593779
2025-03-22 17:02:34.252,-14.580292303867296
2025-03-22 17:02:34.252,-4.411236321251209
2025-03-22 17:02:34.252,9.446899436250051
2025-03-22 17:02:34.261,12.585344137319687
2025-03-22 17:02:34.261,3.5164235492528944
2025-03-22 17:02:34.261,-6.5789903494329405
2025-03-22 17:02:34.262,-8.054354727757874
2025-03-22 17:02:34.271,-2.4103597696271817
2025-03-22 17:02:34.271,2.645481364739958
2025-03-22 17:02:34.271,3.277529440565817
2025-03-22 17:02:34.272,1.6100532528092242
2025-03-22 17:02:34.272,0.3815620984731559
2025-03-22 17:02:34.272,-0.25004873039283765
2025-03-22 17:02:34.281,-0.8007931125033293
2025-03-22 17:02:34.281,-0.9042920551792544
2025-03-22 17:02:34.281,-0.6427502078362686
2025-03-22 17:02:34.281,-0.937850777207145
2025-03-22 17:02:34.291,-1.4187490179661948
2025-03-22 17:02:34.291,-0.03763652443449679
2025-03-22 17:02:34.291,3.4639487611642235
2025-03-22 17:02:34.291,5.3571842935902
2025-03-22 17:02:34.291,1.7844480414403405
2025-03-22 17:02:34.301,-5.342957346372566
2025-03-22 17:02:34.301,-8.77946084044476
2025-03-22 17:02:34.301,-3.728491709586387
2025-03-22 17:02:34.301,5.8254121836286545
2025-03-22 17:02:34.301,10.32283699044832
2025-03-22 17:02:34.311,4.655852728541961
2025-03-22 17:02:34.311,-5.847214327377229
2025-03-22 17:02:34.311,-10.458607440359694
2025-03-22 17:02:34.311,-4.2905328602524975
2025-03-22 17:02:34.312,6.242451242973003
2025-03-22 17:02:34.319,10.093288954232749
2025-03-22 17:02:34.319,3.475976770729302
2025-03-22 17:02:34.320,-6.225041996711591
2025-03-22 17:02:34.320,-8.922492176336906
2025-03-22 17:02:34.320,-2.788465890703234
2025-03-22 17:02:34.329,4.736978344812345
2025-03-22 17:02:34.329,6.14725933991975
2025-03-22 17:02:34.330,1.8078060451111155
2025-03-22 17:02:34.330,-2.138246217162338
2025-03-22 17:02:34.330,-1.9540595920511226
2025-03-22 17:02:34.339,-0.011578450496852966
2025-03-22 17:02:34.339,-0.2532212512707595
2025-03-22 17:02:34.339,-2.314227092145287
2025-03-22 17:02:34.340,-2.224411503819426
2025-03-22 17:02:34.349,1.5478267224744595
2025-03-22 17:02:34.349,5.112640357848624
2025-03-22 17:02:34.349,3.6909276049229733
2025-03-22 17:02:34.349,-1.9063202822059524
2025-03-22 17:02:34.350,-5.573472390140752
2025-03-22 17:02:34.359,-3.254868928388243
2025-03-22 17:02:34.359,1.9654934527876997
2025-03-22 17:02:34.359,3.8691645277894895
2025-03-22 17:02:34.359,0.9899244762732533
2025-03-22 17:02:34.360,-2.0784719210206535
2025-03-22 17:02:34.369,-1.2694386076218778
2025-03-22 17:02:34.369,1.7847597028002633
2025-03-22 17:02:34.369,2.54694108032149
2025-03-22 17:02:34.369,-0.35274961130872107
2025-03-22 17:02:34.369,-3.8053063535273455
2025-03-22 17:02:34.379,-4.095037491828739
2025-03-22 17:02:34.379,-0.4195846516810642
2025-03-22 17:02:34.379,4.727400907214722
2025-03-22 17:02:34.379,7.052046329063548
2025-03-22 17:02:34.379,3.323677905830543
2025-03-22 17:02:34.388,-4.752879797184308
2025-03-22 17:02:34.389,-9.93119311183188
2025-03-22 17:02:34.389,-5.962606320398165
2025-03-22 17:02:34.389,4.259962399055842
2025-03-22 17:02:34.389,10.174625250525818
2025-03-22 17:02:34.397,5.4239030157593735
2025-03-22 17:02:34.397,-4.043255060842215
2025-03-22 17:02:34.397,-6.992426416499784
2025-03-22 17:02:34.398,-0.9250785933192269
2025-03-22 17:02:34.398,5.039107255624264
2025-03-22 17:02:34.407,2.395263803887668
2025-03-22 17:02:34.407,-5.3763917411291295
2025-03-22 17:02:34.407,-7.247560203200038
2025-03-22 17:02:34.408,0.8405858431903395
2025-03-22 17:02:34.417,10.107238417742753
2025-03-22 17:02:34.417,9.269494401146128
2025-03-22 17:02:34.417,-1.683936973122948
2025-03-22 17:02:34.417,-11.086460592544139
2025-03-22 17:02:34.417,-9.025117174798359
2025-03-22 17:02:34.427,1.4213922347013743
2025-03-22 17:02:34.427,8.391938618052585
2025-03-22 17:02:34.427,5.460663772008789
2025-03-22 17:02:34.427,-1.704018248369818
2025-03-22 17:02:34.428,-3.9167059477611987
2025-03-22 17:02:34.437,-0.23200902142446295
2025-03-22 17:02:34.437,2.528719970089865
2025-03-22 17:02:34.437,0.3136973784733501
2025-03-22 17:02:34.437,-3.1208712578027376
2025-03-22 17:02:34.438,-2.74813479189879
2025-03-22 17:02:34.447,0.5253651346012405
2025-03-22 17:02:34.447,2.2555750801071714
2025-03-22 17:02:34.447,1.463176314883026
2025-03-22 17:02:34.447,1.2093139221808293
2025-03-22 17:02:34.447,2.4971468478719214
2025-03-22 17:02:34.457,1.6222293355593562
2025-03-22 17:02:34.457,-3.9251709925144436
2025-03-22 17:02:34.457,-9.140567066671222
2025-03-22 17:02:34.457,-5.656331749569893
2025-03-22 17:02:34.458,6.405599891436032
2025-03-22 17:02:34.465,14.864794534080914
2025-03-22 17:02:34.465,8.450588982941316
2025-03-22 17:02:34.465,-7.973417504864712
2025-03-22 17:02:34.466,-16.818536471567366
2025-03-22 17:02:34.466,-8.154905246425253
2025-03-22 17:02:34.475,8.02266620716808
2025-03-22 17:02:34.475,13.80559448782904
2025-03-22 17:02:34.475,4.692821063557756
2025-03-22 17:02:34.476,-6.558207696513228
2025-03-22 17:02:34.485,-7.18602303886288
2025-03-22 17:02:34.485,0.41663830219074605
2025-03-22 17:02:34.485,4.339365628646579
2025-03-22 17:02:34.485,0.05146577041121869
2025-03-22 17:02:34.486,-4.666541574188073
2025-03-22 17:02:34.495,-2.041386805650292
2025-03-22 17:02:34.495,4.50226208703563
2025-03-22 17:02:34.495,5.693863441997806
2025-03-22 17:02:34.495,-0.21888412949287056
2025-03-22 17:02:34.496,-5.246222778256427
2025-03-22 17:02:34.505,-3.0760544475392018
2025-03-22 17:02:34.505,2.4713819025420305
2025-03-22 17:02:34.505,3.432392758780529
2025-03-22 17:02:34.505,-1.081340070310322
2025-03-22 17:02:34.505,-4.209220513773526
2025-03-22 17:02:34.515,-1.3305773626764903
2025-03-22 17:02:34.515,3.7582793803236325
2025-03-22 17:02:34.515,4.47651675973098
2025-03-22 17:02:34.515,0.22139168426383005
2025-03-22 17:02:34.515,-3.538466668831354
2025-03-22 17:02:34.523,-2.7811538093348247
2025-03-22 17:02:34.523,0.4930532802169183
2025-03-22 17:02:34.523,1.7042728907323073
2025-03-22 17:02:34.524,-0.3571863798836103
2025-03-22 17:02:34.524,-2.3952811361589847
2025-03-22 17:02:34.533,-0.8486899032425365
2025-03-22 17:02:34.533,3.636478962121817
2025-03-22 17:02:34.534,6.192331605239768
2025-03-22 17:02:34.534,2.516127820260557
2025-03-22 17:02:34.534,-5.719196590696655
2025-03-22 17:02:34.543,-10.77720106215609
2025-03-22 17:02:34.543,-6.0847763955985075
2025-03-22 17:02:34.543,5.683220411442896
2025-03-22 17:02:34.543,13.628440318518711
2025-03-22 17:02:34.553,9.594326914793019
2025-03-22 17:02:34.553,-2.897561069983108
2025-03-22 17:02:34.553,-12.40495323480243
2025-03-22 17:02:34.553,-11.296496641258683
2025-03-22 17:02:34.553,-1.9361463461739352
2025-03-22 17:02:34.561,7.506536551550103
2025-03-22 17:02:34.561,10.515530638582286
2025-03-22 17:02:34.562,5.910535681867911
2025-03-22 17:02:34.562,-2.475859460831167
2025-03-22 17:02:34.571,-8.279762885155721
2025-03-22 17:02:34.571,-6.844961970316014
2025-03-22 17:02:34.571,0.6368618803497661
2025-03-22 17:02:34.571,7.2326410381065855
2025-03-22 17:02:34.572,6.193229588979604
2025-03-22 17:02:34.581,-1.9838740776592414
2025-03-22 17:02:34.581,-8.944820536733166
2025-03-22 17:02:34.581,-6.604270261927521
2025-03-22 17:02:34.582,3.646101303894821
2025-03-22 17:02:34.582,11.452180028161767
2025-03-22 17:02:34.591,8.400435995592474
2025-03-22 17:02:34.591,-2.791942976143756
2025-03-22 17:02:34.591,-11.385898353623059
2025-03-22 17:02:34.591,-9.91634635554009
2025-03-22 17:02:34.591,-0.7383941701322491
2025-03-22 17:02:34.601,7.846250476989775
2025-03-22 17:02:34.601,9.638085281519915
2025-03-22 17:02:34.601,4.5316062311494925
2025-03-22 17:02:34.601,-3.0227292088894404
2025-03-22 17:02:34.601,-7.666961351425228
2025-03-22 17:02:34.611,-6.322736741286224
2025-03-22 17:02:34.611,-0.17900908327042075
2025-03-22 17:02:34.611,5.696818497812645
2025-03-22 17:02:34.611,6.154497041645356
2025-03-22 17:02:34.611,0.827284198914668
2025-03-22 17:02:34.621,-5.0549151294776795
2025-03-22 17:02:34.621,-5.721996750006986
2025-03-22 17:02:34.621,-0.7055579679132143
2025-03-22 17:02:34.621,5.002884140630453
2025-03-22 17:02:34.621,6.251479785588739
2025-03-22 17:02:34.629,2.254812669891336
2025-03-22 17:02:34.629,-3.6897943170020335
2025-03-22 17:02:34.630,-7.325632263879579
2025-03-22 17:02:34.630,-5.969599667254477
2025-03-22 17:02:34.630,0.13437045816480547
2025-03-22 17:02:34.639,7.26566289238336
2025-03-22 17:02:34.639,9.834179740147867
2025-03-22 17:02:34.639,4.817960006158142
2025-03-22 17:02:34.640,-4.5082818374377185
2025-03-22 17:02:34.649,-10.562915328956938
2025-03-22 17:02:34.649,-8.498615512305506
2025-03-22 17:02:34.649,-0.8180594436724967
2025-03-22 17:02:34.649,5.916453088439586
2025-03-22 17:02:34.650,8.007679735005038
2025-03-22 17:02:34.658,6.48089165561907
2025-03-22 17:02:34.659,2.904259841251843
2025-03-22 17:02:34.659,-3.0056113399417956
2025-03-22 17:02:34.659,-9.852248241863611
2025-03-22 17:02:34.659,-11.76531082234958
2025-03-22 17:02:34.667,-3.6646802371316953
2025-03-22 17:02:34.667,10.261457359735079
2025-03-22 17:02:34.667,17.275902633438022
2025-03-22 17:02:34.668,8.670841723357256
2025-03-22 17:02:34.668,-9.09985407393405
2025-03-22 17:02:34.677,-19.03151033375486
2025-03-22 17:02:34.677,-10.869030774838315
2025-03-22 17:02:34.677,7.58140842500214
2025-03-22 17:02:34.677,18.222789595779297
2025-03-22 17:02:34.685,11.31110227113402
2025-03-22 17:02:34.685,-5.349980959704424
2025-03-22 17:02:34.686,-15.67113088656875
2025-03-22 17:02:34.686,-11.412419255212841
2025-03-22 17:02:34.686,1.7872712879871258
2025-03-22 17:02:34.695,11.866066373966607
2025-03-22 17:02:34.695,11.218845691363809
2025-03-22 17:02:34.695,1.679938837094991
2025-03-22 17:02:34.696,-7.896587031565963
2025-03-22 17:02:34.705,-9.056413480167507
2025-03-22 17:02:34.705,-1.6935975647872312
2025-03-22 17:02:34.705,5.188604050197143
2025-03-22 17:02:34.705,3.490480234911302
2025-03-22 17:02:34.705,-3.425803868084163
2025-03-22 17:02:34.715,-4.4777689983290445
2025-03-22 17:02:34.715,3.795791504382115
2025-03-22 17:02:34.715,10.945174320606762
2025-03-22 17:02:34.715,5.664093364138855
2025-03-22 17:02:34.715,-8.467996878368757
2025-03-22 17:02:34.724,-16.013677712073203
2025-03-22 17:02:34.725,-7.985764224395981
2025-03-22 17:02:34.725,7.75452148303146
2025-03-22 17:02:34.725,15.856515693194158
2025-03-22 17:02:34.725,9.848750567413568
2025-03-22 17:02:34.733,-3.076428107691167
2025-03-22 17:02:34.733,-11.30479484103217
2025-03-22 17:02:34.734,-9.653506423088727
2025-03-22 17:02:34.734,-1.6205011093694441
2025-03-22 17:02:34.743,5.730759236232756
2025-03-22 17:02:34.743,7.477834071298043
2025-03-22 17:02:34.743,3.4424870501938374
2025-03-22 17:02:34.743,-2.345962447876201
2025-03-22 17:02:34.744,-4.910681127109843
2025-03-22 17:02:34.753,-2.687250205840738
2025-03-22 17:02:34.753,1.1997204879650647
2025-03-22 17:02:34.753,2.829597567724538
2025-03-22 17:02:34.754,1.8643745857568406
2025-03-22 17:02:34.754,0.5197127795369598
2025-03-22 17:02:34.754,-0.6642494547699438
2025-03-22 17:02:34.763,-2.8821353867423287
2025-03-22 17:02:34.763,-4.784213683306399
2025-03-22 17:02:34.763,-2.1902400257456986
2025-03-22 17:02:34.764,5.315463675971429
2025-03-22 17:02:34.773,10.474963870976971
2025-03-22 17:02:34.773,5.5448637880808525
2025-03-22 17:02:34.773,-6.918803053314724
2025-03-22 17:02:34.773,-14.66905315420572
2025-03-22 17:02:34.774,-8.892639029424997
2025-03-22 17:02:34.781,5.693129516122971
2025-03-22 17:02:34.781,15.578040575307393
2025-03-22 17:02:34.781,11.827287332149075
2025-03-22 17:02:34.782,-2.1714056488252456
2025-03-22 17:02:34.782,-14.281048345399379
2025-03-22 17:02:34.791,-13.775369819684778
2025-03-22 17:02:34.791,-0.5623049262133504
2025-03-22 17:02:34.791,13.364551379009962
2025-03-22 17:02:34.791,13.933920749394309
2025-03-22 17:02:34.799,-0.16516134060848542
2025-03-22 17:02:34.799,-14.065849760924703
2025-03-22 17:02:34.800,-12.14694193403343
2025-03-22 17:02:34.800,3.6307447166919498
2025-03-22 17:02:34.800,15.337379419296969
2025-03-22 17:02:34.809,9.874524359303102
2025-03-22 17:02:34.809,-6.28864238454731
2025-03-22 17:02:34.809,-15.592371877398083
2025-03-22 17:02:34.810,-9.154881523530362
2025-03-22 17:02:34.818,5.432501192705572
2025-03-22 17:02:34.819,14.13864423535813
2025-03-22 17:02:34.819,10.316718930518164
2025-03-22 17:02:34.819,-1.3612345459496196
2025-03-22 17:02:34.819,-10.989522706746163
2025-03-22 17:02:34.827,-11.611919655157957
2025-03-22 17:02:34.827,-3.5797581021422147
2025-03-22 17:02:34.827,6.473110949559879
2025-03-22 17:02:34.828,10.907565585764253
2025-03-22 17:02:34.837,6.966386922277232
2025-03-22 17:02:34.837,-1.452378431054691
2025-03-22 17:02:34.837,-7.573977462856953
2025-03-22 17:02:34.837,-7.4095665353116225
2025-03-22 17:02:34.838,-2.346060250939973
2025-03-22 17:02:34.847,2.956437235351405
2025-03-22 17:02:34.847,4.890965101651144
2025-03-22 17:02:34.847,3.4264117324796914
2025-03-22 17:02:34.847,0.8433047319183439
2025-03-22 17:02:34.847,-1.1817932072630353
2025-03-22 17:02:34.857,-2.398517552825527
2025-03-22 17:02:34.857,-2.484048936593166
2025-03-22 17:02:34.857,-0.762791356898325
2025-03-22 17:02:34.857,1.7176578261372588
2025-03-22 17:02:34.858,1.9142176124321246
2025-03-22 17:02:34.867,-1.1000739415573753
2025-03-22 17:02:34.867,-3.1580373979484264
2025-03-22 17:02:34.867,0.2636486936755652
2025-03-22 17:02:34.867,6.331644258585093
2025-03-22 17:02:34.867,6.328395766987086
2025-03-22 17:02:34.875,-2.8378641608655157
2025-03-22 17:02:34.875,-12.22659405321692
2025-03-22 17:02:34.876,-10.16371171550865
2025-03-22 17:02:34.876,3.325999516012161
2025-03-22 17:02:34.876,15.38923275698125
2025-03-22 17:02:34.885,14.10186823788885
2025-03-22 17:02:34.885,0.5925257288126462
2025-03-22 17:02:34.885,-13.268541935019565
2025-03-22 17:02:34.885,-16.753896931213674
2025-03-22 17:02:34.895,-8.42878451513072
2025-03-22 17:02:34.895,5.183844190778882
2025-03-22 17:02:34.895,15.608194441527976
2025-03-22 17:02:34.895,16.776823348600672
2025-03-22 17:02:34.895,6.985263232768702
2025-03-22 17:02:34.903,-9.391191979264145
2025-03-22 17:02:34.903,-21.74628027491736
2025-03-22 17:02:34.903,-19.01445663084769
2025-03-22 17:02:34.904,-0.19926891997807628
2025-03-22 17:02:34.911,20.936663099863743
2025-03-22 17:02:34.911,25.956946268785387
2025-03-22 17:02:34.911,9.453445511651179
2025-03-22 17:02:34.912,-14.413368722822185
2025-03-22 17:02:34.921,-24.963170511148242
2025-03-22 17:02:34.921,-14.47599742277695
2025-03-22 17:02:34.921,5.723154471718847
2025-03-22 17:02:34.921,17.404563257245343
2025-03-22 17:02:34.921,12.559200930089238
2025-03-22 17:02:34.931,-0.7687810393725115
2025-03-22 17:02:34.931,-8.25488560732441
2025-03-22 17:02:34.931,-4.256224783888465
2025-03-22 17:02:34.931,3.2735661932137834
2025-03-22 17:02:34.931,3.0313125860084145
2025-03-22 17:02:34.939,-5.605962097671588
2025-03-22 17:02:34.939,-11.247292535628176
2025-03-22 17:02:34.939,-4.181271325192359
2025-03-22 17:02:34.940,10.872001173949528
2025-03-22 17:02:34.947,18.671502122694108
2025-03-22 17:02:34.947,9.955038840093136
2025-03-22 17:02:34.948,-8.472972353658607
2025-03-22 17:02:34.948,-20.665411957763077
2025-03-22 17:02:34.948,-16.509398704753153
2025-03-22 17:02:34.957,0.39076987393020124
2025-03-22 17:02:34.957,16.727516518449985
2025-03-22 17:02:34.958,19.947447828907467
2025-03-22 17:02:34.958,7.791823698080602
2025-03-22 17:02:34.967,-9.47674569995091
2025-03-22 17:02:34.967,-17.51330274362965
2025-03-22 17:02:34.967,-11.040798284915356
2025-03-22 17:02:34.967,1.791771595994582
2025-03-22 17:02:34.967,9.277196020140828
2025-03-22 17:02:34.977,8.377367901417296
2025-03-22 17:02:34.977,4.5796280761218595
2025-03-22 17:02:34.977,1.7849133798736037
2025-03-22 17:02:34.977,-2.228063554633007
2025-03-22 17:02:34.977,-8.85796925664985
2025-03-22 17:02:34.985,-12.17741840982657
2025-03-22 17:02:34.985,-4.704009886764857
2025-03-22 17:02:34.986,10.666874152523317
2025-03-22 17:02:34.986,19.490319161944853
2025-03-22 17:02:34.995,10.409418771998185
2025-03-22 17:02:34.995,-10.116774138924074
2025-03-22 17:02:34.995,-22.010991720848555
2025-03-22 17:02:34.995,-12.732565945379562
2025-03-22 17:02:34.996,8.179780414544139
2025-03-22 17:02:35.003,19.1219410072821
2025-03-22 17:02:35.003,10.270363400353899
2025-03-22 17:02:35.004,-6.469873123602933
2025-03-22 17:02:35.004,-12.516337554131804
2025-03-22 17:02:35.013,-3.8749038077003766
2025-03-22 17:02:35.013,6.344026143614071
2025-03-22 17:02:35.013,5.355121556362301
2025-03-22 17:02:35.013,-4.022805252048022
2025-03-22 17:02:35.014,-8.04240414577805
2025-03-22 17:02:35.023,0.035608512762006994
2025-03-22 17:02:35.023,10.888725432939728
2025-03-22 17:02:35.023,10.306552552743597
2025-03-22 17:02:35.023,-2.7797094656604604
2025-03-22 17:02:35.024,-14.127065985469462
2025-03-22 17:02:35.033,-11.195610053196132
2025-03-22 17:02:35.033,2.2018339253820356
2025-03-22 17:02:35.033,11.811165935930555
2025-03-22 17:02:35.033,10.00686501220715
2025-03-22 17:02:35.033,1.7047582823344127
2025-03-22 17:02:35.041,-4.978676817878792
2025-03-22 17:02:35.041,-7.443636485477826
2025-03-22 17:02:35.041,-6.6983580861262375
2025-03-22 17:02:35.042,-2.5778437986504468
2025-03-22 17:02:35.051,4.554505822742243
2025-03-22 17:02:35.051,9.813685243660728
2025-03-22 17:02:35.051,7.019390297132337
2025-03-22 17:02:35.051,-2.7537658620163
2025-03-22 17:02:35.052,-9.796467089048436
2025-03-22 17:02:35.061,-6.3844645352448435
2025-03-22 17:02:35.061,3.0878307453263396
2025-03-22 17:02:35.061,6.9198941985102485
2025-03-22 17:02:35.061,1.11530975364964
2025-03-22 17:02:35.062,-5.1988053557890215
2025-03-22 17:02:35.071,-2.1130014646381974
2025-03-22 17:02:35.071,6.867043899762757
2025-03-22 17:02:35.071,8.313748775461699
2025-03-22 17:02:35.071,-3.1521394011125046
2025-03-22 17:02:35.071,-15.437706081795588
2025-03-22 17:02:35.079,-11.943705347159382
2025-03-22 17:02:35.079,7.174160417094702
2025-03-22 17:02:35.080,22.056261226512056
2025-03-22 17:02:35.080,14.83677314701459
2025-03-22 17:02:35.080,-8.516853062097992
2025-03-22 17:02:35.089,-23.54506018724814
2025-03-22 17:02:35.089,-14.964987010007034
2025-03-22 17:02:35.089,6.49505418796315
2025-03-22 17:02:35.090,18.123911689714706
2025-03-22 17:02:35.099,11.416014231527459
2025-03-22 17:02:35.099,-1.852664640430406
2025-03-22 17:02:35.099,-7.685825679766644
2025-03-22 17:02:35.099,-5.708448085358445
2025-03-22 17:02:35.099,-3.7243281445213543
2025-03-22 17:02:35.107,-3.2452512331021484
2025-03-22 17:02:35.107,1.177266234410184
2025-03-22 17:02:35.108,9.189086160358816
2025-03-22 17:02:35.108,10.571501123741834
2025-03-22 17:02:35.108,-0.627653693824573
2025-03-22 17:02:35.117,-13.77674717282983
2025-03-22 17:02:35.117,-12.398585586474187
2025-03-22 17:02:35.117,3.631924001068809
2025-03-22 17:02:35.117,15.700840526768424
2025-03-22 17:02:35.127,9.522052464326329
2025-03-22 17:02:35.127,-6.791910425313726
2025-03-22 17:02:35.127,-13.783921400051426
2025-03-22 17:02:35.127,-5.0176827488688405
2025-03-22 17:02:35.128,7.284710891988862
2025-03-22 17:02:35.135,9.562711268601099
2025-03-22 17:02:35.135,2.1337225531640645
2025-03-22 17:02:35.135,-5.001462441088769
2025-03-22 17:02:35.136,-5.597512499381019
2025-03-22 17:02:35.145,-1.796576768730795
2025-03-22 17:02:35.145,1.7421956445118447
2025-03-22 17:02:35.146,3.049334111325544
2025-03-22 17:02:35.146,2.179923661942031
2025-03-22 17:02:35.146,-0.2290481117040059
2025-03-22 17:02:35.155,-2.026816120900879
2025-03-22 17:02:35.155,-0.5775400713301395
2025-03-22 17:02:35.155,2.7359874917542424
2025-03-22 17:02:35.156,2.180714521437724
2025-03-22 17:02:35.156,-4.173521624890519
2025-03-22 17:02:35.165,-8.595635480699833
2025-03-22 17:02:35.165,-2.26486641355885
2025-03-22 17:02:35.165,10.499556008851913
2025-03-22 17:02:35.165,14.055939126972143
2025-03-22 17:02:35.166,1.1219032500494075
2025-03-22 17:02:35.173,-15.277116301404215
2025-03-22 17:02:35.174,-15.975003188186395
2025-03-22 17:02:35.174,0.7460516321688044
2025-03-22 17:02:35.174,16.544399893970226
2025-03-22 17:02:35.174,14.561936232349108
2025-03-22 17:02:35.183,-1.9439136040624065
2025-03-22 17:02:35.183,-14.951926510627594
2025-03-22 17:02:35.183,-11.968381607313617
2025-03-22 17:02:35.184,2.2864605503635262
2025-03-22 17:02:35.193,12.748913911878663
2025-03-22 17:02:35.193,9.598931178627671
2025-03-22 17:02:35.193,-2.882588768752069
2025-03-22 17:02:35.193,-11.422042595994888
2025-03-22 17:02:35.193,-7.473905367063836
2025-03-22 17:02:35.201,4.0509637774572385
2025-03-22 17:02:35.201,10.476496349998879
2025-03-22 17:02:35.202,5.41200277577965
2025-03-22 17:02:35.202,-4.810431252272353
2025-03-22 17:02:35.211,-9.089978513659393
2025-03-22 17:02:35.211,-3.688230643143033
2025-03-22 17:02:35.211,4.909333725393915
2025-03-22 17:02:35.211,7.7336255159267795
2025-03-22 17:02:35.212,2.390382536503748
2025-03-22 17:02:35.221,-5.12695156123075
2025-03-22 17:02:35.221,-6.892230556421316
2025-03-22 17:02:35.221,-1.3684392102928966
2025-03-22 17:02:35.222,5.106146117283104
2025-03-22 17:02:35.222,5.697900045233509
2025-03-22 17:02:35.231,0.7659867090837663
2025-03-22 17:02:35.231,-3.492881886508925
2025-03-22 17:02:35.231,-3.058293059479879
2025-03-22 17:02:35.232,-0.11576904560997137
2025-03-22 17:02:35.232,0.9877533316321426
2025-03-22 17:02:35.241,-0.6760717887730151
2025-03-22 17:02:35.241,-2.1718523622591066
2025-03-22 17:02:35.241,-0.5947433623392642
2025-03-22 17:02:35.241,3.45941110481174
2025-03-22 17:02:35.242,6.050885714745131
2025-03-22 17:02:35.251,3.686456257024579
2025-03-22 17:02:35.251,-2.6512645232058794
2025-03-22 17:02:35.251,-7.877629790701044
2025-03-22 17:02:35.251,-7.75948194184079
2025-03-22 17:02:35.252,-2.6798699884055743
2025-03-22 17:02:35.261,3.8841703481041145
2025-03-22 17:02:35.261,8.803143783977173
2025-03-22 17:02:35.261,9.863449349082689
2025-03-22 17:02:35.261,5.132332789072247
2025-03-22 17:02:35.261,-4.789619444091379
2025-03-22 17:02:35.269,-13.979939014547863
2025-03-22 17:02:35.269,-14.189216252590123
2025-03-22 17:02:35.269,-3.0284861136624066
2025-03-22 17:02:35.270,11.779691176815783
2025-03-22 17:02:35.277,18.318152828451865
2025-03-22 17:02:35.277,11.209799603782498
2025-03-22 17:02:35.278,-3.815408462086559
2025-03-22 17:02:35.278,-15.505281662652873
2025-03-22 17:02:35.287,-16.286901467680597
2025-03-22 17:02:35.287,-6.650812495525371
2025-03-22 17:02:35.287,6.9022636324932565
2025-03-22 17:02:35.287,16.294432670527698
2025-03-22 17:02:35.288,15.603273989121798
2025-03-22 17:02:35.295,4.151310688288291
2025-03-22 17:02:35.295,-11.521591979653724
2025-03-22 17:02:35.296,-19.985328548486887
2025-03-22 17:02:35.296,-13.2327978633788
2025-03-22 17:02:35.296,4.657353157387498
2025-03-22 17:02:35.305,18.747804247169416
2025-03-22 17:02:35.305,16.597158076675637
2025-03-22 17:02:35.305,0.9801225933946714
2025-03-22 17:02:35.305,-12.968477464159896
2025-03-22 17:02:35.315,-13.677761234237758
2025-03-22 17:02:35.315,-3.7499948590156036
2025-03-22 17:02:35.315,5.724245166476182
2025-03-22 17:02:35.315,7.778480694717925
2025-03-22 17:02:35.315,4.025930751491338
2025-03-22 17:02:35.323,-0.6239471886365917
2025-03-22 17:02:35.323,-3.3533148583661694
2025-03-22 17:02:35.324,-3.545640282170698
2025-03-22 17:02:35.324,-1.1968999741958855
2025-03-22 17:02:35.324,2.5309930797799685
2025-03-22 17:02:35.333,4.4771556194971645
2025-03-22 17:02:35.333,1.7256926199697957
2025-03-22 17:02:35.333,-4.361333392770372
2025-03-22 17:02:35.334,-7.6428198197517245
2025-03-22 17:02:35.343,-2.983743525452482
2025-03-22 17:02:35.343,6.705034705354869
2025-03-22 17:02:35.343,11.383413777009489
2025-03-22 17:02:35.344,4.554078911768573
2025-03-22 17:02:35.344,-7.7916496900337044
2025-03-22 17:02:35.353,-12.567487654473357
2025-03-22 17:02:35.353,-4.793862375938996
2025-03-22 17:02:35.353,6.3469936606465565
2025-03-22 17:02:35.353,9.037849641647705
2025-03-22 17:02:35.354,2.967858064430785
2025-03-22 17:02:35.361,-2.31192213652631
2025-03-22 17:02:35.361,-1.3128015243653226
2025-03-22 17:02:35.362,0.9025178732876976
2025-03-22 17:02:35.362,-2.2035499571709103
2025-03-22 17:02:35.362,-7.74194173034309
2025-03-22 17:02:35.371,-6.391726884095092
2025-03-22 17:02:35.371,4.336953347958088
2025-03-22 17:02:35.371,14.392893796390432
2025-03-22 17:02:35.372,11.663727693797885
2025-03-22 17:02:35.379,-3.225073098167266
2025-03-22 17:02:35.379,-15.94182934527128
2025-03-22 17:02:35.380,-13.65371484519415
2025-03-22 17:02:35.380,0.7105916846417646
2025-03-22 17:02:35.380,12.020760744299047
2025-03-22 17:02:35.389,10.275309084087148
2025-03-22 17:02:35.389,0.7837553062755553
2025-03-22 17:02:35.389,-4.569974383835663
2025-03-22 17:02:35.390,-2.4885127418742545
2025-03-22 17:02:35.399,-0.10549392257324763
2025-03-22 17:02:35.399,-2.889592539953241
2025-03-22 17:02:35.399,-6.383647869319968
2025-03-22 17:02:35.400,-2.7706123269857366
2025-03-22 17:02:35.400,7.248420463166167
2025-03-22 17:02:35.409,13.240831229194667
2025-03-22 17:02:35.409,6.681709751966417
2025-03-22 17:02:35.409,-7.974384182237338
2025-03-22 17:02:35.409,-16.23299177437587
2025-03-22 17:02:35.409,-8.86213043253051
2025-03-22 17:02:35.417,6.9174701237609195
2025-03-22 17:02:35.417,14.431832584323855
2025-03-22 17:02:35.418,6.440417217238725
2025-03-22 17:02:35.418,-6.352492581749923
2025-03-22 17:02:35.418,-8.568920343049646
2025-03-22 17:02:35.427,0.7272252970489989
2025-03-22 17:02:35.427,7.4880524584295465
2025-03-22 17:02:35.428,1.5887862389857093
2025-03-22 17:02:35.428,-9.429022054219239
2025-03-22 17:02:35.437,-9.889144546719036
2025-03-22 17:02:35.437,3.306297699798575
2025-03-22 17:02:35.437,15.4894945819644
2025-03-22 17:02:35.438,11.688801983959157
2025-03-22 17:02:35.438,-4.835013530224916
2025-03-22 17:02:35.447,-16.163114340525254
2025-03-22 17:02:35.447,-10.941775131793714
2025-03-22 17:02:35.447,3.2595442234597973
2025-03-22 17:02:35.447,10.974107424893704
2025-03-22 17:02:35.448,7.400879326093799
2025-03-22 17:02:35.455,0.6164595072658061
2025-03-22 17:02:35.455,-2.1824066522179155
2025-03-22 17:02:35.456,-2.914774999151107
2025-03-22 17:02:35.456,-5.249190951803225
2025-03-22 17:02:35.456,-6.005991364010087
2025-03-22 17:02:35.465,-0.05098600056856788
2025-03-22 17:02:35.465,9.056416936210185
2025-03-22 17:02:35.466,10.49701487071944
2025-03-22 17:02:35.466,0.16068700461600371
2025-03-22 17:02:35.475,-11.695076681299318
2025-03-22 17:02:35.475,-11.228817640591455
2025-03-22 17:02:35.475,1.9606144490387187
2025-03-22 17:02:35.475,13.241892029054263
2025-03-22 17:02:35.476,9.811143576111833
2025-03-22 17:02:35.483,-4.268837564451546
2025-03-22 17:02:35.484,-13.105775015265792
2025-03-22 17:02:35.484,-7.575410307792538
2025-03-22 17:02:35.484,5.042518126766045
2025-03-22 17:02:35.484,10.82819368597394
2025-03-22 17:02:35.493,5.209842186346778
2025-03-22 17:02:35.493,-3.796741733657054
2025-03-22 17:02:35.493,-6.803750519324761
2025-03-22 17:02:35.494,-3.269080745729232
2025-03-22 17:02:35.503,0.8532839096087502
2025-03-22 17:02:35.503,2.0744860349006853
2025-03-22 17:02:35.504,2.0837911004304415
2025-03-22 17:02:35.504,2.5904328599294195
2025-03-22 17:02:35.504,1.9376508557617143
2025-03-22 17:02:35.504,-1.3801680884889396
2025-03-22 17:02:35.513,-4.722558684453194
2025-03-22 17:02:35.514,-3.9247446745473775
2025-03-22 17:02:35.514,0.8240972072941849
2025-03-22 17:02:35.514,4.5675944568802525
2025-03-22 17:02:35.514,3.6061621283309115
2025-03-22 17:02:35.523,-0.299100614577794
2025-03-22 17:02:35.523,-2.8481000202640785
2025-03-22 17:02:35.524,-2.353502173996105
2025-03-22 17:02:35.524,-0.31287169824150995
2025-03-22 17:02:35.533,1.4924351337256685
2025-03-22 17:02:35.533,2.1657892414015176
2025-03-22 17:02:35.533,0.9415746144858423
2025-03-22 17:02:35.533,-2.028651913186213
2025-03-22 17:02:35.534,-4.051805306663521
2025-03-22 17:02:35.543,-1.7174842180566467
2025-03-22 17:02:35.543,4.224791814757283
2025-03-22 17:02:35.543,7.627776147215377
2025-03-22 17:02:35.544,3.1481486874075744
2025-03-22 17:02:35.544,-6.360319911828864
2025-03-22 17:02:35.553,-11.186843960613887
2025-03-22 17:02:35.553,-5.175060728413615
2025-03-22 17:02:35.553,6.5120645976521185
2025-03-22 17:02:35.553,12.310350105962618
2025-03-22 17:02:35.554,6.807175196709852
2025-03-22 17:02:35.561,-3.8440356762333723
2025-03-22 17:02:35.561,-9.599708729893385
2025-03-22 17:02:35.562,-7.097862558909702
2025-03-22 17:02:35.562,-0.7831058437148757
2025-03-22 17:02:35.562,4.127705190977921
2025-03-22 17:02:35.571,6.099165796366297
2025-03-22 17:02:35.571,5.227629203216554
2025-03-22 17:02:35.572,1.175593133481075
2025-03-22 17:02:35.572,-4.600517757553986
2025-03-22 17:02:35.572,-7.419500685387076
2025-03-22 17:02:35.581,-3.7744926168620614
2025-03-22 17:02:35.582,3.3757092420194894
2025-03-22 17:02:35.582,6.8184907742899465
2025-03-22 17:02:35.582,3.309850379458644
2025-03-22 17:02:35.582,-2.691655337791249
2025-03-22 17:02:35.591,-4.674023298540534
2025-03-22 17:02:35.591,-1.5837938773579263
2025-03-22 17:02:35.592,2.072702114414649
2025-03-22 17:02:35.592,2.4660855174247094
2025-03-22 17:02:35.592,0.4921790267728573
2025-03-22 17:02:35.601,-0.6449468571682428
2025-03-22 17:02:35.601,-0.09242648894519255
2025-03-22 17:02:35.602,-0.04651746830536729
2025-03-22 17:02:35.602,-1.9248257905671384
2025-03-22 17:02:35.611,-3.4239477170733164
2025-03-22 17:02:35.611,-1.0274373911437358
2025-03-22 17:02:35.611,4.63389415650612
2025-03-22 17:02:35.612,7.814745136869449
2025-03-22 17:02:35.612,3.5730071202770812
2025-03-22 17:02:35.621,-5.773338645842694
2025-03-22 17:02:35.621,-11.556330111628233
2025-03-22 17:02:35.621,-7.061997363289286
2025-03-22 17:02:35.621,4.923259175648008
2025-03-22 17:02:35.622,13.452940201893158
2025-03-22 17:02:35.629,9.638494091622992
2025-03-22 17:02:35.629,-3.6377487752432014
2025-03-22 17:02:35.630,-13.37046410621015
2025-03-22 17:02:35.630,-9.606745475735956
2025-03-22 17:02:35.630,3.4591657681804806
2025-03-22 17:02:35.639,11.801914713178357
2025-03-22 17:02:35.639,7.212272911238791
2025-03-22 17:02:35.639,-3.997528282575277
2025-03-22 17:02:35.640,-9.29309315710701
2025-03-22 17:02:35.649,-4.372916930915551
2025-03-22 17:02:35.649,3.644482440761522
2025-03-22 17:02:35.649,6.284025458851474
2025-03-22 17:02:35.649,2.917046556431818
2025-03-22 17:02:35.650,-1.3263375798387647
2025-03-22 17:02:35.659,-3.2548346095943677
2025-03-22 17:02:35.659,-3.6048407567428034
2025-03-22 17:02:35.659,-2.792798472362841
2025-03-22 17:02:35.659,0.6667308095379539
2025-03-22 17:02:35.660,5.9890500625411995
2025-03-22 17:02:35.667,7.830955556657316
2025-03-22 17:02:35.667,1.7576277820999697
2025-03-22 17:02:35.668,-8.580129792813633
2025-03-22 17:02:35.668,-12.944616520045447
2025-03-22 17:02:35.668,-5.030050013607421
2025-03-22 17:02:35.677,9.365628378282834
2025-03-22 17:02:35.677,16.65169670070542
2025-03-22 17:02:35.677,9.020699764191344
2025-03-22 17:02:35.678,-6.888666077869027
2025-03-22 17:02:35.687,-16.25291937057783
2025-03-22 17:02:35.687,-11.14346367267455
2025-03-22 17:02:35.687,1.9893144516941936
2025-03-22 17:02:35.687,10.393461519371115
2025-03-22 17:02:35.688,8.615939326726656
2025-03-22 17:02:35.695,1.9986013740278326
2025-03-22 17:02:35.695,-2.0206565772303064
2025-03-22 17:02:35.696,-2.2615638734447048
2025-03-22 17:02:35.696,-2.2032391330304155
2025-03-22 17:02:35.696,-3.3461376631967847
2025-03-22 17:02:35.705,-3.5922505852466506
2025-03-22 17:02:35.705,-1.2226398720975808
2025-03-22 17:02:35.706,2.693414730398111
2025-03-22 17:02:35.706,5.856370830720001
2025-03-22 17:02:35.706,6.152237788036745
2025-03-22 17:02:35.715,1.8966516048664137
2025-03-22 17:02:35.715,-5.820262713514052
2025-03-22 17:02:35.716,-10.706067887032136
2025-03-22 17:02:35.716,-5.860295129299909
2025-03-22 17:02:35.725,6.498522415289807
2025-03-22 17:02:35.725,13.838875836565377
2025-03-22 17:02:35.725,6.639947919885755
2025-03-22 17:02:35.725,-8.651785084620371
2025-03-22 17:02:35.726,-15.1495415951685
2025-03-22 17:02:35.733,-4.948707162647872
2025-03-22 17:02:35.733,10.969273682641232
2025-03-22 17:02:35.734,14.894554180200364
2025-03-22 17:02:35.734,2.5109481545505896
2025-03-22 17:02:35.743,-12.356757203692647
2025-03-22 17:02:35.743,-13.518139026281359
2025-03-22 17:02:35.743,-0.3829937269741206
2025-03-22 17:02:35.743,12.20046123117836
2025-03-22 17:02:35.744,11.211553008376754
2025-03-22 17:02:35.753,-0.732617492589819
2025-03-22 17:02:35.753,-10.141200161388417
2025-03-22 17:02:35.753,-8.342722770091108
2025-03-22 17:02:35.753,0.7270099492221959
2025-03-22 17:02:35.754,7.181590256289259
2025-03-22 17:02:35.761,5.839714566073764
2025-03-22 17:02:35.761,-0.5279171732163095
2025-03-22 17:02:35.762,-5.565507617304834
2025-03-22 17:02:35.762,-4.933143597165952
2025-03-22 17:02:35.771,0.749852033846721
2025-03-22 17:02:35.771,6.312060185226872
2025-03-22 17:02:35.772,6.070762179420484
2025-03-22 17:02:35.772,-0.5395741858496412
2025-03-22 17:02:35.772,-7.495911716066054
2025-03-22 17:02:35.781,-7.900012144171759
2025-03-22 17:02:35.781,-1.2151159186794094
2025-03-22 17:02:35.782,6.301877687811123
2025-03-22 17:02:35.782,8.174608385647227
2025-03-22 17:02:35.782,3.6561284266811516
2025-03-22 17:02:35.782,-2.556954663828467
2025-03-22 17:02:35.791,-5.383956959995466
2025-03-22 17:02:35.792,-3.969945953170687
2025-03-22 17:02:35.792,-1.5273318965832312
2025-03-22 17:02:35.792,-0.5353885786805225
2025-03-22 17:02:35.801,0.7206851746376539
2025-03-22 17:02:35.801,4.598043354511497
2025-03-22 17:02:35.802,7.893806699289693
2025-03-22 17:02:35.802,3.9153967013586306
2025-03-22 17:02:35.802,-7.0251605853975105
2025-03-22 17:02:35.811,-13.832330518492144
2025-03-22 17:02:35.811,-6.718751547145665
2025-03-22 17:02:35.811,8.791681653128762
2025-03-22 17:02:35.812,16.089628806800405
2025-03-22 17:02:35.812,6.850590391153029
2025-03-22 17:02:35.821,-8.743003008548438
2025-03-22 17:02:35.821,-14.122089843801383
2025-03-22 17:02:35.821,-5.356826528820509
2025-03-22 17:02:35.821,6.219238640869031
2025-03-22 17:02:35.822,9.023096020236196
2025-03-22 17:02:35.831,3.501777665513419
2025-03-22 17:02:35.831,-2.1365598859670247
2025-03-22 17:02:35.831,-3.4745770380151586
2025-03-22 17:02:35.831,-2.5668645410370345
2025-03-22 17:02:35.832,-1.5700160763678082
2025-03-22 17:02:35.841,0.42183959533367316
2025-03-22 17:02:35.841,3.356183567512343
2025-03-22 17:02:35.841,3.7637816730782747
2025-03-22 17:02:35.841,-0.6104740823822921
2025-03-22 17:02:35.841,-5.883506938459504
2025-03-22 17:02:35.851,-5.231966330178877
2025-03-22 17:02:35.851,2.509820794070313
2025-03-22 17:02:35.851,9.647415344924813
2025-03-22 17:02:35.851,7.1510534793226395
2025-03-22 17:02:35.851,-4.407255679419607
2025-03-22 17:02:35.859,-13.386008602537355
2025-03-22 17:02:35.859,-8.93037971419003
2025-03-22 17:02:35.860,5.79494785366683
2025-03-22 17:02:35.860,15.268057132087261
2025-03-22 17:02:35.869,8.626755850553842
2025-03-22 17:02:35.869,-7.092560435977846
2025-03-22 17:02:35.869,-14.3591588575067
2025-03-22 17:02:35.870,-5.502119915137321
2025-03-22 17:02:35.870,8.471389209267718
2025-03-22 17:02:35.879,11.438448067110306
2025-03-22 17:02:35.879,1.2292429554766102
2025-03-22 17:02:35.879,-9.05337699333634
2025-03-22 17:02:35.879,-7.833978290101104
2025-03-22 17:02:35.880,1.7727836356872713
2025-03-22 17:02:35.889,7.692777693030636
2025-03-22 17:02:35.889,4.183888917153759
2025-03-22 17:02:35.889,-2.7688651068239505
2025-03-22 17:02:35.889,-4.578963661587971
2025-03-22 17:02:35.890,-0.4868396302233643
2025-03-22 17:02:35.899,3.0197119937877304
2025-03-22 17:02:35.899,1.201920838001796
2025-03-22 17:02:35.899,-3.2299967972462986
2025-03-22 17:02:35.899,-3.91319142966131
2025-03-22 17:02:35.900,1.0831916658356213
2025-03-22 17:02:35.909,6.473577920223978
2025-03-22 17:02:35.909,5.5474888926686035
2025-03-22 17:02:35.909,-1.8829183519297064
2025-03-22 17:02:35.910,-8.491229053035898
2025-03-22 17:02:35.910,-7.014210045953205
2025-03-22 17:02:35.917,1.6891966272398609
2025-03-22 17:02:35.918,9.048513809217338
2025-03-22 17:02:35.918,7.5005309672701515
2025-03-22 17:02:35.918,-1.5369667298649703
2025-03-22 17:02:35.918,-8.827972670426524
2025-03-22 17:02:35.927,-6.811319396754042
2025-03-22 17:02:35.927,2.2144338245441166
2025-03-22 17:02:35.928,8.364298680220692
2025-03-22 17:02:35.928,5.126844985549472
2025-03-22 17:02:35.928,-3.2697365182957205
2025-03-22 17:02:35.937,-7.040125318052158
2025-03-22 17:02:35.937,-2.5415045793315016
2025-03-22 17:02:35.938,3.770567149939324
2025-03-22 17:02:35.938,3.8533803327311005
2025-03-22 17:02:35.947,-1.6551460429459597
2025-03-22 17:02:35.947,-4.26794520758395
2025-03-22 17:02:35.948,1.111366920146536
2025-03-22 17:02:35.948,8.358105956245785
2025-03-22 17:02:35.948,6.5075665961439055
2025-03-22 17:02:35.957,-5.864198009883082
2025-03-22 17:02:35.957,-16.082463308650226
2025-03-22 17:02:35.957,-10.680426535248655
2025-03-22 17:02:35.958,7.600818673498929
2025-03-22 17:02:35.958,20.484254829625144
2025-03-22 17:02:35.965,13.961730112200584
2025-03-22 17:02:35.965,-5.514544937287442
2025-03-22 17:02:35.966,-18.177219390436953
2025-03-22 17:02:35.966,-12.937523462139804
2025-03-22 17:02:35.975,1.9781369934127258
2025-03-22 17:02:35.975,10.699976011995297
2025-03-22 17:02:35.975,7.417234239571704
2025-03-22 17:02:35.976,-0.4615944195225914
2025-03-22 17:02:35.976,-3.688691004308706
2025-03-22 17:02:35.985,-0.9942868252069892
2025-03-22 17:02:35.985,2.3950573946277975
2025-03-22 17:02:35.985,2.017503303280555
2025-03-22 17:02:35.985,-2.007406930686381
2025-03-22 17:02:35.986,-6.12765029858052
2025-03-22 17:02:35.995,-6.040957038164339
2025-03-22 17:02:35.995,0.2166920835378411
2025-03-22 17:02:35.995,9.023371116124299
2025-03-22 17:02:35.995,11.909011762386736
2025-03-22 17:02:35.996,3.5275718152787334
2025-03-22 17:02:36.003,-10.042030214749943
2025-03-22 17:02:36.004,-14.961827621658403
2025-03-22 17:02:36.004,-4.907351189188898
2025-03-22 17:02:36.004,9.86292308619973
2025-03-22 17:02:36.013,13.23705293366797
2025-03-22 17:02:36.013,2.3134655554922956
2025-03-22 17:02:36.014,-9.270269109957008
2025-03-22 17:02:36.014,-8.324274476247163
2025-03-22 17:02:36.014,2.316834138155152
2025-03-22 17:02:36.023,8.711648075170745
2025-03-22 17:02:36.023,3.415759721857346
2025-03-22 17:02:36.023,-6.502868709386311
2025-03-22 17:02:36.023,-8.992492520994908
2025-03-22 17:02:36.024,-0.9366116043285873
2025-03-22 17:02:36.033,9.108308136098506
2025-03-22 17:02:36.033,10.527988417439348
2025-03-22 17:02:36.033,1.5112367828056263
2025-03-22 17:02:36.033,-9.385648865950877
2025-03-22 17:02:36.033,-11.858473070677478
2025-03-22 17:02:36.043,-3.974977428545856
2025-03-22 17:02:36.043,6.448132497257853
2025-03-22 17:02:36.043,10.480001533973772
2025-03-22 17:02:36.043,6.692259796535881
2025-03-22 17:02:36.044,0.06951852943867559
2025-03-22 17:02:36.051,-5.409691061205242
2025-03-22 17:02:36.051,-9.14913016517268
2025-03-22 17:02:36.052,-9.35815149860476
2025-03-22 17:02:36.052,-2.092482585122172
2025-03-22 17:02:36.061,11.129123648368706
2025-03-22 17:02:36.061,18.77092817961942
2025-03-22 17:02:36.061,9.587934865045105
2025-03-22 17:02:36.061,-11.491276050880497
2025-03-22 17:02:36.062,-24.068261394238423
2025-03-22 17:02:36.069,-13.7929822089544
2025-03-22 17:02:36.069,9.636363935882482
2025-03-22 17:02:36.069,21.932619363523536
2025-03-22 17:02:36.070,11.777891900057028
2025-03-22 17:02:36.079,-6.967927023062235
2025-03-22 17:02:36.079,-13.29922123537056
2025-03-22 17:02:36.079,-3.98092023863283
2025-03-22 17:02:36.079,5.595798179062259
2025-03-22 17:02:36.080,3.2573054839669435
2025-03-22 17:02:36.089,-5.146039088258514
2025-03-22 17:02:36.089,-5.8585381901726725
2025-03-22 17:02:36.089,3.3750287679711617
2025-03-22 17:02:36.089,10.591697650717395
2025-03-22 17:02:36.090,5.813871953335082
2025-03-22 17:02:36.099,-5.878000551056387
2025-03-22 17:02:36.099,-10.771964966896475
2025-03-22 17:02:36.099,-3.458763088295704
2025-03-22 17:02:36.099,6.856263436204911
2025-03-22 17:02:36.100,7.8156134178246495
2025-03-22 17:02:36.107,-1.0907733317096955
2025-03-22 17:02:36.108,-8.13000901890526
2025-03-22 17:02:36.108,-4.135236651693109
2025-03-22 17:02:36.108,5.721662411411741
2025-03-22 17:02:36.117,8.481721110539407
2025-03-22 17:02:36.117,0.3773011080421821
2025-03-22 17:02:36.117,-8.13636137343382
2025-03-22 17:02:36.118,-6.353193472637673
2025-03-22 17:02:36.118,2.7021654600736333
2025-03-22 17:02:36.127,7.308682175198264
2025-03-22 17:02:36.127,3.1139645183516578
2025-03-22 17:02:36.127,-2.7196785068485663
2025-03-22 17:02:36.127,-3.4623466788764277
2025-03-22 17:02:36.128,-1.5687777823265443
2025-03-22 17:02:36.137,-1.973314185337789
2025-03-22 17:02:36.137,-2.5414274451874665
2025-03-22 17:02:36.137,2.1354459242971076
2025-03-22 17:02:36.137,9.570529675898158
2025-03-22 17:02:36.138,9.488057068306661
2025-03-22 17:02:36.145,-2.4670035030458877
2025-03-22 17:02:36.145,-15.991613601094562
2025-03-22 17:02:36.146,-15.86743524012326
2025-03-22 17:02:36.146,0.3756548811345841
2025-03-22 17:02:36.155,18.089607719510248
2025-03-22 17:02:36.155,20.00787737493119
2025-03-22 17:02:36.155,3.8335166137278773
2025-03-22 17:02:36.155,-15.456873628623601
2025-03-22 17:02:36.156,-20.344077496340123
2025-03-22 17:02:36.163,-7.394474647792547
2025-03-22 17:02:36.164,10.309857575706467
2025-03-22 17:02:36.164,16.537007356750316
2025-03-22 17:02:36.164,7.385962466873661
2025-03-22 17:02:36.164,-6.190865365081983
2025-03-22 17:02:36.173,-10.5667659525388
2025-03-22 17:02:36.174,-3.366698084377153
2025-03-22 17:02:36.174,5.33763941015372
2025-03-22 17:02:36.174,5.378626622189957
2025-03-22 17:02:36.183,-1.919158152496129
2025-03-22 17:02:36.183,-6.437421057428352
2025-03-22 17:02:36.183,-2.4276091282021808
2025-03-22 17:02:36.184,4.729097770155673
2025-03-22 17:02:36.184,6.257574159790828
2025-03-22 17:02:36.193,1.095348500961191
2025-03-22 17:02:36.193,-4.042720998601979
2025-03-22 17:02:36.194,-3.905955740707713
2025-03-22 17:02:36.194,-0.05243172541868418
2025-03-22 17:02:36.194,2.84107190174826
2025-03-22 17:02:36.203,2.3166507147115913
2025-03-22 17:02:36.203,-1.0179780383555044
2025-03-22 17:02:36.203,-4.7023355977316115
2025-03-22 17:02:36.203,-5.00316300440605
2025-03-22 17:02:36.204,0.6534937952159277
2025-03-22 17:02:36.211,9.196649234423505
2025-03-22 17:02:36.211,11.97714856827349
2025-03-22 17:02:36.212,3.117389442086689
2025-03-22 17:02:36.212,-11.931250450725964
2025-03-22 17:02:36.221,-19.23020656415851
2025-03-22 17:02:36.221,-9.967091816638352
2025-03-22 17:02:36.221,9.346018556926797
2025-03-22 17:02:36.221,21.88981967075397
2025-03-22 17:02:36.222,16.367568932272995
2025-03-22 17:02:36.229,-2.3425667241887806
2025-03-22 17:02:36.230,-18.08037785238605
2025-03-22 17:02:36.230,-18.343748552574805
2025-03-22 17:02:36.230,-4.707647037573932
2025-03-22 17:02:36.239,10.170890966519217
2025-03-22 17:02:36.239,14.748132377905266
2025-03-22 17:02:36.239,7.970994318592832
2025-03-22 17:02:36.240,-2.211671699472432
2025-03-22 17:02:36.240,-7.877434878171965
2025-03-22 17:02:36.249,-7.3642185643803355
2025-03-22 17:02:36.249,-3.435244458086546
2025-03-22 17:02:36.249,1.4394252684126712
2025-03-22 17:02:36.250,5.672335187189462
2025-03-22 17:02:36.250,6.555647419500994
2025-03-22 17:02:36.259,1.9951402941346938
2025-03-22 17:02:36.259,-4.979681893293321
2025-03-22 17:02:36.259,-7.251958087484303
2025-03-22 17:02:36.260,-1.9172285642361635
2025-03-22 17:02:36.260,4.826971141491887
2025-03-22 17:02:36.269,4.830567605046394
2025-03-22 17:02:36.269,-0.9658895976625772
2025-03-22 17:02:36.269,-3.4261719861676716
2025-03-22 17:02:36.269,1.5456202813071163
2025-03-22 17:02:36.270,5.852400525759807
2025-03-22 17:02:36.277,0.17993478651142858
2025-03-22 17:02:36.278,-10.83182327111657
2025-03-22 17:02:36.278,-11.88496095082167
2025-03-22 17:02:36.278,2.806289227682761
2025-03-22 17:02:36.278,19.01333424445984
2025-03-22 17:02:36.287,17.522074071584253
2025-03-22 17:02:36.287,-2.7179586541006007
2025-03-22 17:02:36.287,-21.86893934354393
2025-03-22 17:02:36.288,-20.472846461967958
2025-03-22 17:02:36.295,-0.17054722801454103
2025-03-22 17:02:36.296,18.696189379261117
2025-03-22 17:02:36.296,18.706563790366662
2025-03-22 17:02:36.296,2.4453654997319143
2025-03-22 17:02:36.296,-12.215266155696174
2025-03-22 17:02:36.305,-11.995649545632629
2025-03-22 17:02:36.306,-1.093019313539892
2025-03-22 17:02:36.306,6.086643446112096
2025-03-22 17:02:36.306,2.533449720306998
2025-03-22 17:02:36.315,-4.206012020127623
2025-03-22 17:02:36.315,-2.950419800370778
2025-03-22 17:02:36.315,6.087349896691554
2025-03-22 17:02:36.316,10.93046584173532
2025-03-22 17:02:36.316,3.019003558299432
2025-03-22 17:02:36.323,-10.763311314726286
2025-03-22 17:02:36.324,-15.00779177803895
2025-03-22 17:02:36.324,-4.137432304344895
2025-03-22 17:02:36.324,10.453187332088017
2025-03-22 17:02:36.324,13.736584847465897
2025-03-22 17:02:36.333,4.217158697618057
2025-03-22 17:02:36.334,-6.242092850807468
2025-03-22 17:02:36.334,-7.96614318774195
2025-03-22 17:02:36.334,-3.2273982070788496
2025-03-22 17:02:36.343,0.4820029780771976
2025-03-22 17:02:36.343,1.1234569461214712
2025-03-22 17:02:36.344,1.850888622056366
2025-03-22 17:02:36.344,3.6071087833419666
2025-03-22 17:02:36.344,3.5476419924893783
2025-03-22 17:02:36.344,0.3470707090344916
2025-03-22 17:02:36.353,-3.381399783430346
2025-03-22 17:02:36.353,-4.765634078700459
2025-03-22 17:02:36.354,-3.6042052792079757
2025-03-22 17:02:36.354,-0.7623230661241963
2025-03-22 17:02:36.363,3.2619187487240806
2025-03-22 17:02:36.363,6.515549295747662
2025-03-22 17:02:36.364,5.309700661812285
2025-03-22 17:02:36.364,-1.0767455153907912
2025-03-22 17:02:36.364,-7.127432977309137
2025-03-22 17:02:36.373,-6.421012357104096
2025-03-22 17:02:36.374,0.06454488718243956
2025-03-22 17:02:36.374,4.8024848938333555
2025-03-22 17:02:36.374,3.358363787298544
2025-03-22 17:02:36.374,-0.6730512816817846
2025-03-22 17:02:36.383,-1.6639611064846747
2025-03-22 17:02:36.383,0.7818724694442747
2025-03-22 17:02:36.384,2.7253503050310486
2025-03-22 17:02:36.384,1.3328375463314004
2025-03-22 17:02:36.384,-2.6713515323438504
2025-03-22 17:02:36.393,-5.97325127487877
2025-03-22 17:02:36.393,-4.735542026726373
2025-03-22 17:02:36.393,1.8981311866660044
2025-03-22 17:02:36.393,8.919939071440542
2025-03-22 17:02:36.394,8.832119766307521
2025-03-22 17:02:36.403,0.23638328573791845
2025-03-22 17:02:36.403,-9.027836743359861
2025-03-22 17:02:36.403,-10.028196940306646
2025-03-22 17:02:36.404,-2.7096531874439505
2025-03-22 17:02:36.404,5.0123652069283935
2025-03-22 17:02:36.413,7.126517084032306
2025-03-22 17:02:36.413,4.862336867606692
2025-03-22 17:02:36.413,1.8279595050985205
2025-03-22 17:02:36.413,-1.6864936654627662
2025-03-22 17:02:36.414,-6.222883754092352
2025-03-22 17:02:36.423,-8.147751077633
2025-03-22 17:02:36.423,-2.9383410763036557
2025-03-22 17:02:36.423,6.448023708700085
2025-03-22 17:02:36.423,10.303925223198565
2025-03-22 17:02:36.424,4.026361046406629
2025-03-22 17:02:36.433,-5.116605063118738
2025-03-22 17:02:36.433,-7.07070858918925
2025-03-22 17:02:36.433,-1.755264047661227
2025-03-22 17:02:36.433,2.3199914679015006
2025-03-22 17:02:36.434,0.7114455753738476
2025-03-22 17:02:36.443,-1.6917363748309469
2025-03-22 17:02:36.443,0.6624428813226797
2025-03-22 17:02:36.443,5.2346600345128405
2025-03-22 17:02:36.443,4.979014248284657
2025-03-22 17:02:36.443,-1.7868285906309467
2025-03-22 17:02:36.451,-8.717701890003658
2025-03-22 17:02:36.452,-8.391909410194401
2025-03-22 17:02:36.452,-0.0935204957694169
2025-03-22 17:02:36.452,9.280917316711133
2025-03-22 17:02:36.461,11.394168795581686
2025-03-22 17:02:36.461,4.08860002076229
2025-03-22 17:02:36.461,-6.547084336747793
2025-03-22 17:02:36.462,-11.834198958264638
2025-03-22 17:02:36.462,-8.10459859483259
2025-03-22 17:02:36.471,1.1526560249147777
2025-03-22 17:02:36.471,9.05496909127339
2025-03-22 17:02:36.471,10.155471522173455
2025-03-22 17:02:36.471,3.6321869679620877
2025-03-22 17:02:36.472,-5.527150849843996
2025-03-22 17:02:36.481,-9.392042555973964
2025-03-22 17:02:36.481,-4.3515665979965865
2025-03-22 17:02:36.481,4.1109213771020885
2025-03-22 17:02:36.481,6.665964078207621
2025-03-22 17:02:36.482,1.059065485941835
2025-03-22 17:02:36.491,-4.952247302046381
2025-03-22 17:02:36.491,-3.4549904618616143
2025-03-22 17:02:36.491,3.285189459343985
2025-03-22 17:02:36.491,5.857721246655014
2025-03-22 17:02:36.492,0.3702794229725952
2025-03-22 17:02:36.501,-6.170782536069275
2025-03-22 17:02:36.501,-5.078692901908874
2025-03-22 17:02:36.501,2.47608542014595
2025-03-22 17:02:36.501,6.929497109145081
2025-03-22 17:02:36.502,2.738851984146128
2025-03-22 17:02:36.511,-4.591263583598859
2025-03-22 17:02:36.511,-5.839274883219253
2025-03-22 17:02:36.511,0.0695305832460073
2025-03-22 17:02:36.512,5.169878073451423
2025-03-22 17:02:36.512,3.3782515885692623
2025-03-22 17:02:36.519,-1.7571276640090605
2025-03-22 17:02:36.519,-3.015584477389966
2025-03-22 17:02:36.520,-0.23118086148561628
2025-03-22 17:02:36.520,0.3140311585434853
2025-03-22 17:02:36.529,-2.9549099233920906
2025-03-22 17:02:36.529,-2.9958244409618273
2025-03-22 17:02:36.529,4.590207784036292
2025-03-22 17:02:36.530,11.525399048873558
2025-03-22 17:02:36.530,5.822348717671054
2025-03-22 17:02:36.537,-9.970500299880515
2025-03-22 17:02:36.538,-18.03768537558082
2025-03-22 17:02:36.538,-6.994328069979098
2025-03-22 17:02:36.538,11.871840108660848
2025-03-22 17:02:36.538,17.35410185550791
2025-03-22 17:02:36.547,4.734906856859501
2025-03-22 17:02:36.547,-9.169584701017731
2025-03-22 17:02:36.548,-8.761495113769522
2025-03-22 17:02:36.548,1.025622138959419
2025-03-22 17:02:36.557,4.20616280820615
2025-03-22 17:02:36.557,-2.9668130435333175
2025-03-22 17:02:36.558,-7.6842347909184525
2025-03-22 17:02:36.558,-0.01263156661344042
2025-03-22 17:02:36.558,11.9461004490379
2025-03-22 17:02:36.565,12.078646847808315
2025-03-22 17:02:36.566,-2.242384342668185
2025-03-22 17:02:36.566,-15.576378738096675
2025-03-22 17:02:36.566,-12.677194591962243
2025-03-22 17:02:36.566,3.19410699718415
2025-03-22 17:02:36.575,14.26238897974643
2025-03-22 17:02:36.575,9.354515966771132
2025-03-22 17:02:36.576,-3.749095063386469
2025-03-22 17:02:36.576,-9.281628030861485
2025-03-22 17:02:36.585,-3.0008006979193445
2025-03-22 17:02:36.585,4.44143573888933
2025-03-22 17:02:36.585,2.901874860190063
2025-03-22 17:02:36.586,-4.336948954494183
2025-03-22 17:02:36.586,-6.001603275203941
2025-03-22 17:02:36.593,2.0069062540098237
2025-03-22 17:02:36.594,10.924882619234705
2025-03-22 17:02:36.594,9.052550341983025
2025-03-22 17:02:36.594,-4.263694732959255
2025-03-22 17:02:36.594,-16.13752971278446
2025-03-22 17:02:36.603,-13.014771048128182
2025-03-22 17:02:36.603,3.953868292865902
2025-03-22 17:02:36.603,18.661914090030134
2025-03-22 17:02:36.604,16.582604342633147
2025-03-22 17:02:36.611,-0.30491385900283063
2025-03-22 17:02:36.612,-16.56617778806766
2025-03-22 17:02:36.612,-18.880423362287967
2025-03-22 17:02:36.612,-6.570345707059017
2025-03-22 17:02:36.621,10.24247532722694
2025-03-22 17:02:36.621,18.993784842972666
2025-03-22 17:02:36.621,13.080707356094875
2025-03-22 17:02:36.621,-2.9450562555465236
2025-03-22 17:02:36.622,-15.794918250109264
2025-03-22 17:02:36.629,-14.671679471154278
2025-03-22 17:02:36.629,-1.8173489952170119
2025-03-22 17:02:36.630,9.84967012848586
2025-03-22 17:02:36.630,10.371773388815104
2025-03-22 17:02:36.639,2.267670746362179
2025-03-22 17:02:36.639,-4.278085750849518
2025-03-22 17:02:36.640,-3.4881869912110997
2025-03-22 17:02:36.640,0.9819266441059777
2025-03-22 17:02:36.640,2.266765390790515
2025-03-22 17:02:36.649,-1.2397064871849133
2025-03-22 17:02:36.649,-4.936650727414159
2025-03-22 17:02:36.650,-4.097439887953646
2025-03-22 17:02:36.650,1.0145017076475384
2025-03-22 17:02:36.650,5.998880393954867
2025-03-22 17:02:36.659,6.812019374435827
2025-03-22 17:02:36.659,2.9656463414297356
2025-03-22 17:02:36.659,-2.72293314282881
2025-03-22 17:02:36.659,-6.6266920270221386
2025-03-22 17:02:36.660,-6.66096450333596
2025-03-22 17:02:36.669,-3.014948410256795
2025-03-22 17:02:36.669,2.3876945815454858
2025-03-22 17:02:36.670,6.682183780332019
2025-03-22 17:02:36.670,7.1862037773978935
2025-03-22 17:02:36.670,3.2446759187295826
2025-03-22 17:02:36.679,-2.633480261912699
2025-03-22 17:02:36.679,-6.447467452618024
2025-03-22 17:02:36.679,-6.178178425740647
2025-03-22 17:02:36.680,-3.0665348538368957
2025-03-22 17:02:36.680,0.7648080662117214
2025-03-22 17:02:36.689,4.488522003636965
2025-03-22 17:02:36.689,7.17473532105269
2025-03-22 17:02:36.689,6.1101824306931105
2025-03-22 17:02:36.689,-0.21287574641636797
2025-03-22 17:02:36.690,-7.701199526742364
2025-03-22 17:02:36.699,-9.157901064725129
2025-03-22 17:02:36.699,-2.774220266553106
2025-03-22 17:02:36.699,4.887085125950643
2025-03-22 17:02:36.700,6.550106373700279
2025-03-22 17:02:36.700,2.4850495116485023
2025-03-22 17:02:36.707,-1.3017615535226743
2025-03-22 17:02:36.708,-1.2204730952487512
2025-03-22 17:02:36.708,0.5224480289577409
2025-03-22 17:02:36.708,0.13337933703705224
2025-03-22 17:02:36.708,-2.6737923601752263
2025-03-22 17:02:36.717,-4.469280638401042
2025-03-22 17:02:36.718,-2.123276391020248
2025-03-22 17:02:36.718,3.3249603660394387
2025-03-22 17:02:36.718,6.933115825711073
2025-03-22 17:02:36.718,4.712370685907195
2025-03-22 17:02:36.727,-1.628547027480051
2025-03-22 17:02:36.727,-5.9842622150203475
2025-03-22 17:02:36.728,-4.571288134804056
2025-03-22 17:02:36.728,-0.09208277429190431
2025-03-22 17:02:36.739,2.0589845628011894
2025-03-22 17:02:36.739,0.6804687870934242
2025-03-22 17:02:36.739,-0.2883912821664115
2025-03-22 17:02:36.739,2.1102851805972027
2025-03-22 17:02:36.740,5.03176268501162
2025-03-22 17:02:36.740,3.17204781104265
2025-03-22 17:02:36.747,-3.687714634920446
2025-03-22 17:02:36.748,-9.047855984468345
2025-03-22 17:02:36.748,-6.860711415201498
2025-03-22 17:02:36.748,1.3121990028290695
2025-03-22 17:02:36.757,8.201877976620311
2025-03-22 17:02:36.757,8.850411202654579
2025-03-22 17:02:36.758,4.354852001220154
2025-03-22 17:02:36.758,-1.7944755335251648
2025-03-22 17:02:36.758,-7.494992402605016
2025-03-22 17:02:36.767,-10.657603065347452
2025-03-22 17:02:36.767,-7.596852557101669
2025-03-22 17:02:36.767,2.8145357620693874
2025-03-22 17:02:36.768,13.995184148634996
2025-03-22 17:02:36.768,15.383217687527345
2025-03-22 17:02:36.775,3.7504568585851614
2025-03-22 17:02:36.775,-11.572589773358708
2025-03-22 17:02:36.776,-17.416725359497146
2025-03-22 17:02:36.776,-9.803920588648783
2025-03-22 17:02:36.785,3.5315484287999284
2025-03-22 17:02:36.785,12.314023269737142
2025-03-22 17:02:36.785,12.538210415218972
2025-03-22 17:02:36.786,6.424261546125623
2025-03-22 17:02:36.786,-2.3845206108993104
2025-03-22 17:02:36.794,-10.519026408947552
2025-03-22 17:02:36.794,-13.550397279349939
2025-03-22 17:02:36.794,-7.653286911381147
2025-03-22 17:02:36.794,5.069774836658433
2025-03-22 17:02:36.794,15.221155883014685
2025-03-22 17:02:36.803,13.654671496664609
2025-03-22 17:02:36.803,1.0512570916736694
2025-03-22 17:02:36.804,-11.860973069887685
2025-03-22 17:02:36.804,-14.432449957189613
2025-03-22 17:02:36.813,-5.632024274081436
2025-03-22 17:02:36.813,6.215655541280898
2025-03-22 17:02:36.814,11.517437363553183
2025-03-22 17:02:36.814,7.16114729623736
2025-03-22 17:02:36.814,-1.7607684565529205
2025-03-22 17:02:36.821,-7.005687356849828
2025-03-22 17:02:36.822,-4.983357888368444
2025-03-22 17:02:36.822,0.20717270854231673
2025-03-22 17:02:36.822,2.329291936249351
2025-03-22 17:02:36.822,0.6195969471159544
2025-03-22 17:02:36.831,-0.4455509418349147
2025-03-22 17:02:36.832,1.4783338793508536
2025-03-22 17:02:36.832,2.980674287393572
2025-03-22 17:02:36.832,0.34025754658350377
2025-03-22 17:02:36.832,-4.044523908651515
2025-03-22 17:02:36.841,-4.089030766023697
2025-03-22 17:02:36.842,1.346113398047434
2025-03-22 17:02:36.842,5.7082721299697825
2025-03-22 17:02:36.842,2.8103236401575975
2025-03-22 17:02:36.842,-4.3797702446474105
2025-03-22 17:02:36.851,-6.627029946225477
2025-03-22 17:02:36.852,-0.3022117111168243
2025-03-22 17:02:36.852,7.296282306216452
2025-03-22 17:02:36.852,6.752326098164068
2025-03-22 17:02:36.861,-1.7408082990331621
2025-03-22 17:02:36.861,-8.675737177526885
2025-03-22 17:02:36.862,-6.470111785966418
2025-03-22 17:02:36.862,2.474513431246387
2025-03-22 17:02:36.862,9.064413220268085
2025-03-22 17:02:36.871,6.722571296382685
2025-03-22 17:02:36.871,-2.784003896409923
2025-03-22 17:02:36.872,-10.738000475445803
2025-03-22 17:02:36.872,-8.68332858508657
2025-03-22 17:02:36.872,3.2599753197020944
2025-03-22 17:02:36.879,14.438092708953768
2025-03-22 17:02:36.880,12.589153462187928
2025-03-22 17:02:36.880,-2.880285512826169
2025-03-22 17:02:36.880,-17.75238850397305
2025-03-22 17:02:36.889,-16.287641342492886
2025-03-22 17:02:36.889,1.4233603826816958
2025-03-22 17:02:36.889,17.84672632436364
2025-03-22 17:02:36.890,16.209483719606666
2025-03-22 17:02:36.890,-0.8386299427702248
2025-03-22 17:02:36.899,-14.263405374263703
2025-03-22 17:02:36.899,-10.770214225582208
2025-03-22 17:02:36.900,2.528038573805894
2025-03-22 17:02:36.900,8.729422822254648
2025-03-22 17:02:36.900,2.5526834180999574
2025-03-22 17:02:36.909,-5.214037506854121
2025-03-22 17:02:36.909,-3.9714139043071963
2025-03-22 17:02:36.909,3.3471389658863577
2025-03-22 17:02:36.910,6.511061653133347
2025-03-22 17:02:36.910,2.1722200209177975
2025-03-22 17:02:36.917,-3.719203581011159
2025-03-22 17:02:36.918,-5.284666298054283
2025-03-22 17:02:36.918,-2.905384526445674
2025-03-22 17:02:36.918,0.012270225435012064
2025-03-22 17:02:36.918,1.9693326502128976
2025-03-22 17:02:36.927,3.3397773220500317
2025-03-22 17:02:36.928,3.8826390562761874
2025-03-22 17:02:36.928,2.3858228194953472
2025-03-22 17:02:36.928,-1.4780663473755338
2025-03-22 17:02:36.928,-5.643872542486691
2025-03-22 17:02:36.937,-6.433303406988406
2025-03-22 17:02:36.938,-1.8531573002717057
2025-03-22 17:02:36.938,5.249979375457883
2025-03-22 17:02:36.938,8.550026098260156
2025-03-22 17:02:36.938,4.419184688922121
2025-03-22 17:02:36.947,-3.56177497894285
2025-03-22 17:02:36.948,-7.832290951156909
2025-03-22 17:02:36.948,-4.794297830407655
2025-03-22 17:02:36.948,1.7000423353684142
2025-03-22 17:02:36.957,5.118227104355154
2025-03-22 17:02:36.957,3.244784641147503
2025-03-22 17:02:36.957,-0.5124676834955383
2025-03-22 17:02:36.958,-2.037854763643086
2025-03-22 17:02:36.958,-1.1266955676068628
2025-03-22 17:02:36.967,-0.4502146642819985
2025-03-22 17:02:36.967,-0.9499359851731681
2025-03-22 17:02:36.968,-0.4144616196562592
2025-03-22 17:02:36.968,2.433499753724973
2025-03-22 17:02:36.968,4.404266189805494
2025-03-22 17:02:36.977,1.26019925900452
2025-03-22 17:02:36.977,-5.4144523370336595
2025-03-22 17:02:36.978,-8.022369720629934
2025-03-22 17:02:36.978,-1.824532465750209
2025-03-22 17:02:36.978,7.789611663626364
2025-03-22 17:02:36.985,10.16868984563414
2025-03-22 17:02:36.986,1.8984784185175179
2025-03-22 17:02:36.986,-8.346721966442498
2025-03-22 17:02:36.986,-9.395862841870606
2025-03-22 17:02:36.986,-0.5637624712102333
2025-03-22 17:02:36.995,7.62270696496606
2025-03-22 17:02:36.996,5.920938175103131
2025-03-22 17:02:36.996,-2.8049672551325595
2025-03-22 17:02:36.996,-7.277119407287432
2025-03-22 17:02:37.005,-1.590051550691549
2025-03-22 17:02:37.005,7.433085305132138
2025-03-22 17:02:37.006,8.34641078460585
2025-03-22 17:02:37.006,-1.0205961364831646
2025-03-22 17:02:37.006,-10.760798129130674
2025-03-22 17:02:37.015,-10.321014776746289
2025-03-22 17:02:37.015,-0.03371436368498226
2025-03-22 17:02:37.015,10.17414065511515
2025-03-22 17:02:37.016,11.535212261029889
2025-03-22 17:02:37.016,4.023600773492866
2025-03-22 17:02:37.023,-5.3984277979835635
2025-03-22 17:02:37.024,-9.806973919945122
2025-03-22 17:02:37.024,-7.510780449519896
2025-03-22 17:02:37.024,-1.606942125820191
2025-03-22 17:02:37.033,4.228013386627395
2025-03-22 17:02:37.034,8.084489682560507
2025-03-22 17:02:37.034,8.21831222218283
2025-03-22 17:02:37.034,2.609489865221918
2025-03-22 17:02:37.034,-6.869033563752621
2025-03-22 17:02:37.043,-12.248523340952662
2025-03-22 17:02:37.043,-6.52072985239625
2025-03-22 17:02:37.044,6.444042664863918
2025-03-22 17:02:37.044,13.348821384285813
2025-03-22 17:02:37.044,5.857540460946966
2025-03-22 17:02:37.052,-8.36353091473899
2025-03-22 17:02:37.052,-12.88716301335039
2025-03-22 17:02:37.052,-1.7521224222193148
2025-03-22 17:02:37.052,12.098582444940371
2025-03-22 17:02:37.052,11.493894876773263
2025-03-22 17:02:37.061,-3.486270563513145
2025-03-22 17:02:37.061,-14.737049932242686
2025-03-22 17:02:37.062,-8.593903425865362
2025-03-22 17:02:37.062,7.0094012979585525
2025-03-22 17:02:37.071,13.19652359853431
2025-03-22 17:02:37.071,4.188625420106091
2025-03-22 17:02:37.072,-6.996666621525126
2025-03-22 17:02:37.072,-7.125075836897335
2025-03-22 17:02:37.072,0.7132110199753994
2025-03-22 17:02:37.081,3.930367063472341
2025-03-22 17:02:37.081,-1.0068333324359764
2025-03-22 17:02:37.081,-4.67632607054678
2025-03-22 17:02:37.082,0.29931427718387715
2025-03-22 17:02:37.082,7.725381476960703
2025-03-22 17:02:37.091,6.353663984683415
2025-03-22 17:02:37.091,-3.8435095050314225
2025-03-22 17:02:37.092,-10.707835749681186
2025-03-22 17:02:37.092,-5.5879748783818375
2025-03-22 17:02:37.092,5.6421698323731775
2025-03-22 17:02:37.099,10.2356564757788
2025-03-22 17:02:37.100,3.8824958391569275
2025-03-22 17:02:37.100,-5.485140153027069
2025-03-22 17:02:37.100,-8.046212636856307
2025-03-22 17:02:37.111,-2.649067028485027
2025-03-22 17:02:37.111,3.7175684047276514
2025-03-22 17:02:37.111,4.727504478437412
2025-03-22 17:02:37.112,1.2085804521773407
2025-03-22 17:02:37.112,-1.1293855249245877
2025-03-22 17:02:37.112,0.4908204348420279
2025-03-22 17:02:37.121,2.1025031642239083
2025-03-22 17:02:37.121,-1.2492631600613968
2025-03-22 17:02:37.121,-7.055836141447807
2025-03-22 17:02:37.122,-6.795132987362994
2025-03-22 17:02:37.122,2.43316603992529
2025-03-22 17:02:37.129,11.71791714001833
2025-03-22 17:02:37.129,10.026198671587471
2025-03-22 17:02:37.130,-1.797261401667798
2025-03-22 17:02:37.130,-11.464467650075257
2025-03-22 17:02:37.139,-9.69730104442129
2025-03-22 17:02:37.140,-0.0522395707416875
2025-03-22 17:02:37.140,6.975330763898556
2025-03-22 17:02:37.140,6.164768238371698
2025-03-22 17:02:37.140,1.2410825787691935
2025-03-22 17:02:37.149,-1.7565911234265466
2025-03-22 17:02:37.149,-1.3656757292922654
2025-03-22 17:02:37.150,-0.39906361350610586
2025-03-22 17:02:37.150,-1.0601334216971239
2025-03-22 17:02:37.150,-2.3562041197719807
2025-03-22 17:02:37.159,-2.044329485560134
2025-03-22 17:02:37.159,0.4282458635872187
2025-03-22 17:02:37.160,3.3920063168537022
2025-03-22 17:02:37.160,4.442582279939837
2025-03-22 17:02:37.160,2.219548230376547
2025-03-22 17:02:37.169,-2.1608332417383274
2025-03-22 17:02:37.169,-5.099742742593419
2025-03-22 17:02:37.170,-3.5387431356912034
2025-03-22 17:02:37.170,0.9980900600818345
2025-03-22 17:02:37.170,3.1435268597080537
2025-03-22 17:02:37.179,0.4530232572812793
2025-03-22 17:02:37.179,-2.227529322037885
2025-03-22 17:02:37.180,1.1300001967106912
2025-03-22 17:02:37.180,7.489606059504031
2025-03-22 17:02:37.180,6.06566271952033
2025-03-22 17:02:37.187,-6.607176175484194
2025-03-22 17:02:37.188,-17.47700451102868
2025-03-22 17:02:37.188,-10.329027771556841
2025-03-22 17:02:37.188,11.734913921950618
2025-03-22 17:02:37.195,25.212856858794467
2025-03-22 17:02:37.196,12.584351257880776
2025-03-22 17:02:37.196,-14.892528389754904
2025-03-22 17:02:37.196,-27.922583196483696
2025-03-22 17:02:37.196,-12.350804680216068
2025-03-22 17:02:37.205,14.865424142461983
2025-03-22 17:02:37.206,25.49648481599169
2025-03-22 17:02:37.206,10.968142520993538
2025-03-22 17:02:37.206,-11.285805116668762
2025-03-22 17:02:37.215,-19.553015957708364
2025-03-22 17:02:37.215,-9.580388896612874
2025-03-22 17:02:37.216,5.765592144682735
2025-03-22 17:02:37.216,12.489670153573927
2025-03-22 17:02:37.216,7.543024503508527
2025-03-22 17:02:37.223,-1.8307529652282046
2025-03-22 17:02:37.224,-6.554121148282192
2025-03-22 17:02:37.224,-3.708824018130797
2025-03-22 17:02:37.224,1.726561516404874
2025-03-22 17:02:37.224,2.818603051438389
2025-03-22 17:02:37.233,-1.2624556340667286
2025-03-22 17:02:37.234,-4.258555741356296
2025-03-22 17:02:37.234,-0.8733967527780238
2025-03-22 17:02:37.234,5.68769392705411
2025-03-22 17:02:37.234,6.784840694995975
2025-03-22 17:02:37.243,-0.6772812524153087
2025-03-22 17:02:37.244,-8.89500471277251
2025-03-22 17:02:37.244,-7.519013178071411
2025-03-22 17:02:37.244,3.1271705273184534
2025-03-22 17:02:37.253,10.801785058543322
2025-03-22 17:02:37.254,5.65198780943248
2025-03-22 17:02:37.254,-6.727493780579469
2025-03-22 17:02:37.254,-11.015591188552154
2025-03-22 17:02:37.254,-1.2119242584565852
2025-03-22 17:02:37.263,10.807190104106715
2025-03-22 17:02:37.263,9.383866509512266
2025-03-22 17:02:37.263,-4.794778734944832
2025-03-22 17:02:37.264,-14.310551221163148
2025-03-22 17:02:37.264,-6.297957571192079
2025-03-22 17:02:37.272,10.66591636520258
2025-03-22 17:02:37.272,16.10059539774859
2025-03-22 17:02:37.272,2.724372505942278
2025-03-22 17:02:37.272,-14.216606899304283
2025-03-22 17:02:37.281,-15.374190087992966
2025-03-22 17:02:37.281,-0.3473954774640624
2025-03-22 17:02:37.282,13.139547410098931
2025-03-22 17:02:37.282,11.487261545961342
2025-03-22 17:02:37.282,0.09708438273505193
2025-03-22 17:02:37.291,-6.412315592828363
2025-03-22 17:02:37.291,-3.598892385180714
2025-03-22 17:02:37.291,-0.46045357228005657
2025-03-22 17:02:37.292,-3.982134973601407
2025-03-22 17:02:37.292,-7.680375461396919
2025-03-22 17:02:37.300,-0.9369037606030858
2025-03-22 17:02:37.300,13.322426979611661
2025-03-22 17:02:37.300,18.339895567296974
2025-03-22 17:02:37.300,4.133500113105713
2025-03-22 17:02:37.309,-17.10285540266717
2025-03-22 17:02:37.309,-22.9026084068294
2025-03-22 17:02:37.309,-6.755682131400635
2025-03-22 17:02:37.310,14.132440121252106
2025-03-22 17:02:37.310,19.15645036875456
2025-03-22 17:02:37.318,6.803545576431791
2025-03-22 17:02:37.318,-7.200913217008894
2025-03-22 17:02:37.318,-10.075538847055107
2025-03-22 17:02:37.318,-4.021702270243242
2025-03-22 17:02:37.318,1.117236131561609
2025-03-22 17:02:37.327,0.9186472316067505
2025-03-22 17:02:37.328,-0.8094604582483964
2025-03-22 17:02:37.328,0.7667096604128848
2025-03-22 17:02:37.328,4.897523001969212
2025-03-22 17:02:37.337,6.085796532245229
2025-03-22 17:02:37.337,0.7782890922753032
2025-03-22 17:02:37.338,-7.164338997716249
2025-03-22 17:02:37.338,-9.218856136716585
2025-03-22 17:02:37.338,-2.0616474642408114
2025-03-22 17:02:37.347,6.9853488356581055
2025-03-22 17:02:37.347,7.879921892892343
2025-03-22 17:02:37.348,0.6604356741176223
2025-03-22 17:02:37.348,-4.540257704545443
2025-03-22 17:02:37.348,-1.7134734494432198
2025-03-22 17:02:37.357,2.4545493781144563
2025-03-22 17:02:37.357,-0.8045138848075218
2025-03-22 17:02:37.358,-7.345274920030094
2025-03-22 17:02:37.358,-4.484053077054134
2025-03-22 17:02:37.358,8.862910495272581
2025-03-22 17:02:37.365,15.966196428691896
2025-03-22 17:02:37.366,3.3319885465218246
2025-03-22 17:02:37.366,-17.678633041317823
2025-03-22 17:02:37.366,-21.156699426535006
2025-03-22 17:02:37.366,0.5228536879894097
2025-03-22 17:02:37.375,24.124666269301564
2025-03-22 17:02:37.376,22.107293304806642
2025-03-22 17:02:37.376,-4.0108483340932555
2025-03-22 17:02:37.376,-25.380461433033258
2025-03-22 17:02:37.384,-19.85429073808103
2025-03-22 17:02:37.384,4.044240499908521
2025-03-22 17:02:37.384,20.227643147099556
2025-03-22 17:02:37.384,15.454269013278358
2025-03-22 17:02:37.384,-0.15749385719382158
2025-03-22 17:02:37.393,-10.072757685074995
2025-03-22 17:02:37.394,-9.75062145102192
2025-03-22 17:02:37.394,-5.277685038343757
2025-03-22 17:02:37.394,-0.9926459440409734
2025-03-22 17:02:37.403,3.900445907164677
2025-03-22 17:02:37.403,8.559014785979073
2025-03-22 17:02:37.404,8.335426839441043
2025-03-22 17:02:37.404,1.5624532068630788
2025-03-22 17:02:37.404,-6.643221225466527
2025-03-22 17:02:37.413,-10.093798590319839
2025-03-22 17:02:37.413,-7.3876801585129686
2025-03-22 17:02:37.413,-0.2997440068834815
2025-03-22 17:02:37.414,8.633687872194987
2025-03-22 17:02:37.414,13.773369934157516
2025-03-22 17:02:37.421,7.738091833421719
2025-03-22 17:02:37.422,-8.155253881709552
2025-03-22 17:02:37.422,-18.884471027967432
2025-03-22 17:02:37.422,-10.406359529467485
2025-03-22 17:02:37.431,10.619176600163112
2025-03-22 17:02:37.431,20.804653112530218
2025-03-22 17:02:37.431,7.54655996961604
2025-03-22 17:02:37.432,-14.292649393617863
2025-03-22 17:02:37.432,-19.56442471376849
2025-03-22 17:02:37.439,-2.9419001115321137
2025-03-22 17:02:37.440,15.743628746687337
2025-03-22 17:02:37.440,16.17308935545703
2025-03-22 17:02:37.440,0.31840536675338393
2025-03-22 17:02:37.449,-12.980359964690598
2025-03-22 17:02:37.449,-11.256065415050038
2025-03-22 17:02:37.450,-0.137903401104702
2025-03-22 17:02:37.450,7.112897411100738
2025-03-22 17:02:37.450,5.5001552544472565
2025-03-22 17:02:37.459,0.6371515706894231
2025-03-22 17:02:37.459,-1.246932684554536
2025-03-22 17:02:37.459,-0.5173921618230535
2025-03-22 17:02:37.460,-0.7827046379754021
2025-03-22 17:02:37.460,-2.2167167668258134
2025-03-22 17:02:37.467,-1.6042655429135038
2025-03-22 17:02:37.468,1.6472718797522838
2025-03-22 17:02:37.468,3.169873429696839
2025-03-22 17:02:37.468,-0.3916758806081181
2025-03-22 17:02:37.468,-5.018225302218914
2025-03-22 17:02:37.477,-3.079450843816142
2025-03-22 17:02:37.478,5.62870743188765
2025-03-22 17:02:37.478,10.789182842707724
2025-03-22 17:02:37.478,3.4922115831075513
2025-03-22 17:02:37.487,-10.65878736577389
2025-03-22 17:02:37.487,-15.810123197649059
2025-03-22 17:02:37.488,-4.628279522387723
2025-03-22 17:02:37.488,11.665943412460372
2025-03-22 17:02:37.488,15.790775203201733
2025-03-22 17:02:37.495,4.590389688840862
2025-03-22 17:02:37.496,-8.152316212262988
2025-03-22 17:02:37.496,-9.244718891236722
2025-03-22 17:02:37.496,-1.2558993304140817
2025-03-22 17:02:37.496,3.284019837585379
2025-03-22 17:02:37.505,-0.5462070951328639
2025-03-22 17:02:37.506,-4.522119320641806
2025-03-22 17:02:37.506,-0.23352918833859707
2025-03-22 17:02:37.506,8.155632800433262
2025-03-22 17:02:37.515,9.080867727740225
2025-03-22 17:02:37.516,-0.5097638069685428
2025-03-22 17:02:37.516,-10.239918726149078
2025-03-22 17:02:37.516,-9.125648597250212
2025-03-22 17:02:37.516,0.7241263001430925
2025-03-22 17:02:37.525,7.242758984014141
2025-03-22 17:02:37.526,3.9139147845464732
2025-03-22 17:02:37.526,-2.613923209216802
2025-03-22 17:02:37.526,-2.3429801686039053
2025-03-22 17:02:37.526,4.20482431889425
2025-03-22 17:02:37.535,6.643615098622409
2025-03-22 17:02:37.536,-0.8937736988254108
2025-03-22 17:02:37.536,-10.846950017803556
2025-03-22 17:02:37.536,-10.868183739220356
2025-03-22 17:02:37.536,0.897014578423763
2025-03-22 17:02:37.544,12.997348562259889
2025-03-22 17:02:37.544,13.224576490596942
2025-03-22 17:02:37.544,1.325223610515549
2025-03-22 17:02:37.544,-11.487260751361616
2025-03-22 17:02:37.544,-13.773969093234182
2025-03-22 17:02:37.553,-3.9063162571272505
2025-03-22 17:02:37.553,9.142414120348867
2025-03-22 17:02:37.554,13.670189706667188
2025-03-22 17:02:37.554,5.544335612886842
2025-03-22 17:02:37.563,-7.483450627899106
2025-03-22 17:02:37.563,-12.712529916002849
2025-03-22 17:02:37.564,-5.4474004125591575
2025-03-22 17:02:37.564,5.930827100898348
2025-03-22 17:02:37.564,9.58462682825382
2025-03-22 17:02:37.573,3.5100398178453607
2025-03-22 17:02:37.573,-3.652054626908222
2025-03-22 17:02:37.574,-4.306741096144851
2025-03-22 17:02:37.574,-0.38023420034598204
2025-03-22 17:02:37.574,1.281517746557213
2025-03-22 17:02:37.583,-1.3139537318201278
2025-03-22 17:02:37.583,-3.3528568782768557
2025-03-22 17:02:37.584,-0.2812770798570391
2025-03-22 17:02:37.584,5.774149246950836
2025-03-22 17:02:37.584,7.683416503448248
2025-03-22 17:02:37.592,1.1662637357132328
2025-03-22 17:02:37.592,-9.167356274742177
2025-03-22 17:02:37.592,-12.551849293126613
2025-03-22 17:02:37.592,-2.9769945038146117
2025-03-22 17:02:37.601,12.077749880113542
2025-03-22 17:02:37.601,16.784994381682036
2025-03-22 17:02:37.602,3.971569756517998
2025-03-22 17:02:37.602,-14.40605949580118
2025-03-22 17:02:37.602,-18.317406900862974
2025-03-22 17:02:37.610,-2.5225093232941633
2025-03-22 17:02:37.610,15.776870770779977
2025-03-22 17:02:37.610,16.021587084321574
2025-03-22 17:02:37.610,-1.4259439551023514
2025-03-22 17:02:37.619,-15.800434723758402
2025-03-22 17:02:37.620,-11.08735504094244
2025-03-22 17:02:37.620,5.515115623665093
2025-03-22 17:02:37.620,14.015544022558531
2025-03-22 17:02:37.620,6.043865866332266
2025-03-22 17:02:37.629,-7.255155618761532
2025-03-22 17:02:37.629,-10.689170229350724
2025-03-22 17:02:37.629,-2.343638762495439
2025-03-22 17:02:37.630,6.783170810262789
2025-03-22 17:02:37.630,6.871473554795967
2025-03-22 17:02:37.639,-0.4985700158890405
2025-03-22 17:02:37.639,-5.823964150577616
2025-03-22 17:02:37.640,-3.163962847879255
2025-03-22 17:02:37.640,3.355050531653328
2025-03-22 17:02:37.640,5.022911671250896
2025-03-22 17:02:37.649,-0.42735916111286226
2025-03-22 17:02:37.649,-5.794148262414611
2025-03-22 17:02:37.649,-3.692829010120949
2025-03-22 17:02:37.650,3.5442867904689397
2025-03-22 17:02:37.650,6.577896916095152
2025-03-22 17:02:37.659,1.20006117763185
2025-03-22 17:02:37.659,-5.903941948704118
2025-03-22 17:02:37.660,-5.413631088325927
2025-03-22 17:02:37.660,2.611800316694948
2025-03-22 17:02:37.660,8.078012994881494
2025-03-22 17:02:37.668,3.073978556153164
2025-03-22 17:02:37.668,-7.4205173765925805
2025-03-22 17:02:37.668,-10.290246573253144
2025-03-22 17:02:37.668,-0.3939133465973459
2025-03-22 17:02:37.677,11.63822325288178
2025-03-22 17:02:37.677,11.340796009604777
2025-03-22 17:02:37.678,-1.6137603974822827
2025-03-22 17:02:37.678,-12.569440502195146
2025-03-22 17:02:37.678,-9.844349420670216
2025-03-22 17:02:37.687,1.7188656604369037
2025-03-22 17:02:37.687,8.570302598106206
2025-03-22 17:02:37.687,5.7050103187228665
2025-03-22 17:02:37.688,0.25234253392451345
2025-03-22 17:02:37.688,-0.9134479450068765
2025-03-22 17:02:37.696,-0.1988432095804089
2025-03-22 17:02:37.696,-2.9256880879907188
2025-03-22 17:02:37.696,-6.89230067769928
2025-03-22 17:02:37.696,-4.498227992590762
2025-03-22 17:02:37.696,5.067465756355487
2025-03-22 17:02:37.705,11.708431179946874
2025-03-22 17:02:37.706,6.218224629660158
2025-03-22 17:02:37.706,-6.745250518278804
2025-03-22 17:02:37.706,-12.708569251091152
2025-03-22 17:02:37.715,-4.7169811884879635
2025-03-22 17:02:37.715,8.006443717122009
2025-03-22 17:02:37.716,11.218943506880453
2025-03-22 17:02:37.716,2.284842283376001
2025-03-22 17:02:37.716,-8.035351225064906
2025-03-22 17:02:37.725,-9.01664985061796
2025-03-22 17:02:37.726,-1.159060871213668
2025-03-22 17:02:37.726,6.552591897082453
2025-03-22 17:02:37.726,7.120812280253974
2025-03-22 17:02:37.726,1.275115719288694
2025-03-22 17:02:37.735,-5.018809798317084
2025-03-22 17:02:37.735,-6.153507460405801
2025-03-22 17:02:37.736,-1.0773565205804314
2025-03-22 17:02:37.736,5.452110368591216
2025-03-22 17:02:37.736,6.301287341084942
2025-03-22 17:02:37.745,-0.5606425704201174
2025-03-22 17:02:37.745,-8.016762142753567
2025-03-22 17:02:37.746,-6.59112382782764
2025-03-22 17:02:37.746,3.4944981622940805
2025-03-22 17:02:37.746,10.625010003268454
2025-03-22 17:02:37.754,5.378156106978306
2025-03-22 17:02:37.754,-6.68481534101296
2025-03-22 17:02:37.754,-10.841378199860717
2025-03-22 17:02:37.754,-1.8169791273052958
2025-03-22 17:02:37.754,8.95256243184734
2025-03-22 17:02:37.763,7.839425663316479
2025-03-22 17:02:37.763,-3.2690858586528027
2025-03-22 17:02:37.764,-9.599236033200105
2025-03-22 17:02:37.764,-3.044010137360784
2025-03-22 17:02:37.773,7.484353466272452
2025-03-22 17:02:37.773,8.392054972271708
2025-03-22 17:02:37.774,-0.803296678764424
2025-03-22 17:02:37.774,-8.000722331372335
2025-03-22 17:02:37.774,-5.241601098884179
2025-03-22 17:02:37.783,1.9213347473878952
2025-03-22 17:02:37.783,3.8967910180641163
2025-03-22 17:02:37.784,0.3569910923033975
2025-03-22 17:02:37.784,-1.1205279363303113
2025-03-22 17:02:37.784,2.5269473003482483
2025-03-22 17:02:37.793,5.040208645884116
2025-03-22 17:02:37.794,0.3674429253768928
2025-03-22 17:02:37.794,-7.45139604914303
2025-03-22 17:02:37.794,-8.553421354746659
2025-03-22 17:02:37.794,-0.3407639463494845
2025-03-22 17:02:37.803,8.457459483919285
2025-03-22 17:02:37.803,8.430462195643528
2025-03-22 17:02:37.803,0.659223696208057
2025-03-22 17:02:37.804,-5.8037896053483635
2025-03-22 17:02:37.804,-5.439517758627613
2025-03-22 17:02:37.813,-1.2432244369493821
2025-03-22 17:02:37.813,1.3934637984401224
2025-03-22 17:02:37.814,1.5719958444851012
2025-03-22 17:02:37.814,1.822599785027112
2025-03-22 17:02:37.814,2.865951200810079
2025-03-22 17:02:37.823,2.402370621263694
2025-03-22 17:02:37.823,-1.146029606262742
2025-03-22 17:02:37.823,-5.584842968432415
2025-03-22 17:02:37.824,-6.5163898552880966
2025-03-22 17:02:37.824,-1.849808234875189
2025-03-22 17:02:37.833,5.482810712107296
2025-03-22 17:02:37.833,9.628929163471595
2025-03-22 17:02:37.834,6.839630401462927
2025-03-22 17:02:37.834,-1.490460246376163
2025-03-22 17:02:37.834,-9.945506072716375
2025-03-22 17:02:37.841,-12.370933650486455
2025-03-22 17:02:37.842,-5.582794434644096
2025-03-22 17:02:37.842,7.077277208083895
2025-03-22 17:02:37.842,15.867250549178332
2025-03-22 17:02:37.850,12.153773855811902
2025-03-22 17:02:37.850,-2.0561982343375806
2025-03-22 17:02:37.850,-14.439877225513325
2025-03-22 17:02:37.850,-14.431171394093464
2025-03-22 17:02:37.850,-3.5158064691673587
2025-03-22 17:02:37.860,7.909161515760181
2025-03-22 17:02:37.860,11.657729727042804
2025-03-22 17:02:37.860,7.464885851413314
2025-03-22 17:02:37.860,-0.08279150520318179
2025-03-22 17:02:37.870,-6.272908892356827
2025-03-22 17:02:37.870,-7.990870136719756
2025-03-22 17:02:37.870,-4.4595588337495435
2025-03-22 17:02:37.870,1.6647300383116228
2025-03-22 17:02:37.870,5.472975484637047
2025-03-22 17:02:37.879,4.133094286611777
2025-03-22 17:02:37.880,-0.047689887303377754
2025-03-22 17:02:37.880,-2.1602587882986435
2025-03-22 17:02:37.880,-0.49547828377874437
2025-03-22 17:02:37.880,1.4661199948850367
2025-03-22 17:02:37.889,-0.1477525474419642
2025-03-22 17:02:37.890,-3.8357581491587656
2025-03-22 17:02:37.890,-4.005075526030083
2025-03-22 17:02:37.890,1.3940965929941838
2025-03-22 17:02:37.890,6.840490235644217
2025-03-22 17:02:37.899,5.301133225945295
2025-03-22 17:02:37.899,-2.515086705588761
2025-03-22 17:02:37.900,-7.999916062604912
2025-03-22 17:02:37.900,-4.666630594459561
2025-03-22 17:02:37.900,3.9563586559466817
2025-03-22 17:02:37.909,8.31390851382531
2025-03-22 17:02:37.909,3.63595416829048
2025-03-22 17:02:37.910,-5.100644349642368
2025-03-22 17:02:37.910,-8.901191183203801
2025-03-22 17:02:37.910,-4.04223696456011
2025-03-22 17:02:37.919,4.756734404236684
2025-03-22 17:02:37.919,9.455919675687577
2025-03-22 17:02:37.919,6.154342396946451
2025-03-22 17:02:37.920,-2.060057324432685
2025-03-22 17:02:37.920,-8.432893051293533
2025-03-22 17:02:37.929,-8.2745261230951
2025-03-22 17:02:37.929,-2.306105015663256
2025-03-22 17:02:37.930,4.59632872893921
2025-03-22 17:02:37.930,7.696226046482064
2025-03-22 17:02:37.930,5.780123844816772
2025-03-22 17:02:37.937,1.0425533773960551
2025-03-22 17:02:37.938,-3.365829800919781
2025-03-22 17:02:37.938,-5.432849549912104
2025-03-22 17:02:37.938,-4.923499053039382
2025-03-22 17:02:37.947,-2.755343293495181
2025-03-22 17:02:37.948,0.3351849867275003
2025-03-22 17:02:37.948,4.19291167326221
2025-03-22 17:02:37.948,7.584178951414525
2025-03-22 17:02:37.948,7.155391641217343
2025-03-22 17:02:37.948,0.5925618673475295
2025-03-22 17:02:37.957,-8.730838136646048
2025-03-22 17:02:37.958,-12.879589925020928
2025-03-22 17:02:37.958,-7.0224703477965305
2025-03-22 17:02:37.958,4.993020984121066
2025-03-22 17:02:37.966,13.833686770873273
2025-03-22 17:02:37.966,12.778502055874293
2025-03-22 17:02:37.966,2.557268974725185
2025-03-22 17:02:37.966,-9.793109640255317
2025-03-22 17:02:37.967,-15.563086815595314
2025-03-22 17:02:37.975,-10.025117586365225
2025-03-22 17:02:37.976,3.2938411299039005
2025-03-22 17:02:37.976,13.923960807892113
2025-03-22 17:02:37.976,12.933895368175811
2025-03-22 17:02:37.985,1.7569976081739984
2025-03-22 17:02:37.986,-8.839062069132373
2025-03-22 17:02:37.986,-9.90773635101841
2025-03-22 17:02:37.986,-3.060821505999482
2025-03-22 17:02:37.986,3.3244408325420944
2025-03-22 17:02:37.995,4.372519731373454
2025-03-22 17:02:37.996,1.9900310814629654
2025-03-22 17:02:37.996,-0.4874373140171221
2025-03-22 17:02:37.996,-1.9999143982605505
2025-03-22 17:02:37.996,-1.7219520258019463
2025-03-22 17:02:38.005,1.4707107270772362
2025-03-22 17:02:38.005,5.146222118181492
2025-03-22 17:02:38.006,3.512559868345464
2025-03-22 17:02:38.006,-4.488698320964588
2025-03-22 17:02:38.006,-10.497327562439173
2025-03-22 17:02:38.015,-5.609332748003079
2025-03-22 17:02:38.015,6.833408556886665
2025-03-22 17:02:38.016,13.047863062756655
2025-03-22 17:02:38.016,5.391062689897722
2025-03-22 17:02:38.016,-7.430559647915218
2025-03-22 17:02:38.024,-10.80882921337435
2025-03-22 17:02:38.024,-2.227813729751413
2025-03-22 17:02:38.024,6.608630400248019
2025-03-22 17:02:38.024,5.521054989983361
2025-03-22 17:02:38.024,-1.9549475628787505
2025-03-22 17:02:38.034,-5.03403015782017
2025-03-22 17:02:38.034,-0.3529889877020533
2025-03-22 17:02:38.034,4.82099975413294
2025-03-22 17:02:38.034,3.3127072911589512
2025-03-22 17:02:38.034,-2.7514427827009973
2025-03-22 17:02:38.044,-5.525879524892671
2025-03-22 17:02:38.044,-1.6865251902117793
2025-03-22 17:02:38.044,3.9171014873570997
2025-03-22 17:02:38.044,4.691840090195998
2025-03-22 17:02:38.054,0.1299474079744421
2025-03-22 17:02:38.054,-4.118300814436819
2025-03-22 17:02:38.054,-3.2750337302457737
2025-03-22 17:02:38.054,1.1342123369922086
2025-03-22 17:02:38.054,3.6966730806065913
2025-03-22 17:02:38.063,1.8972063672544366
2025-03-22 17:02:38.063,-1.4005216965843144
2025-03-22 17:02:38.064,-2.414848483270526
2025-03-22 17:02:38.064,-1.1434174730727111
2025-03-22 17:02:38.064,0.023201857014614358
2025-03-22 17:02:38.073,0.5737959940265064
2025-03-22 17:02:38.074,1.7542193746461487
2025-03-22 17:02:38.074,2.714629255699945
2025-03-22 17:02:38.074,0.6280552577656358
2025-03-22 17:02:38.074,-3.9460863736720766
2025-03-22 17:02:38.083,-5.410565897848048
2025-03-22 17:02:38.083,-0.174430138627174
2025-03-22 17:02:38.084,6.740501396460094
2025-03-22 17:02:38.084,6.534041758645428
2025-03-22 17:02:38.084,-1.8000950814185381
2025-03-22 17:02:38.093,-8.819595974723113
2025-03-22 17:02:38.093,-5.709082570551223
2025-03-22 17:02:38.094,4.52282238355838
2025-03-22 17:02:38.094,10.08706816067923
2025-03-22 17:02:38.094,4.177512569798366
2025-03-22 17:02:38.102,-7.1096127618833584
2025-03-22 17:02:38.102,-11.60518444222976
2025-03-22 17:02:38.102,-4.160577747455684
2025-03-22 17:02:38.102,8.326501409120318
2025-03-22 17:02:38.111,13.981127958751701
2025-03-22 17:02:38.111,6.987508169376832
2025-03-22 17:02:38.112,-7.263980824940563
2025-03-22 17:02:38.112,-16.40578383778785
2025-03-22 17:02:38.112,-11.43851360234139
2025-03-22 17:02:38.120,4.509077790768568
2025-03-22 17:02:38.120,17.363943872379227
2025-03-22 17:02:38.120,14.580116121134328
2025-03-22 17:02:38.120,-1.8110559489244356
2025-03-22 17:02:38.129,-15.962072593344379
2025-03-22 17:02:38.129,-14.074758136456172
2025-03-22 17:02:38.130,0.9063174810259189
2025-03-22 17:02:38.130,12.57500937700932
2025-03-22 17:02:38.130,9.407156317018659
2025-03-22 17:02:38.139,-2.694506804708282
2025-03-22 17:02:38.139,-8.456228677383557
2025-03-22 17:02:38.139,-2.090482945585318
2025-03-22 17:02:38.140,6.398746476952704
2025-03-22 17:02:38.140,5.044148819519508
2025-03-22 17:02:38.148,-4.493228785182542
2025-03-22 17:02:38.148,-9.703394390227748
2025-03-22 17:02:38.148,-3.6493699221204703
2025-03-22 17:02:38.148,6.88452051190096
2025-03-22 17:02:38.157,10.58648078259566
2025-03-22 17:02:38.157,4.578639938931637
2025-03-22 17:02:38.158,-4.318449450067575
2025-03-22 17:02:38.158,-8.48192027294761
2025-03-22 17:02:38.158,-6.314676266118631
2025-03-22 17:02:38.167,-1.0261013533914525
2025-03-22 17:02:38.167,4.007352303660187
2025-03-22 17:02:38.168,6.98741216775018
2025-03-22 17:02:38.168,6.404025046156351
2025-03-22 17:02:38.168,1.138363837584403
2025-03-22 17:02:38.177,-6.555895667258159
2025-03-22 17:02:38.177,-10.122762124455951
2025-03-22 17:02:38.178,-4.476225934990857
2025-03-22 17:02:38.178,6.4341738930804775
2025-03-22 17:02:38.178,11.36381328646007
2025-03-22 17:02:38.186,4.224449806993473
2025-03-22 17:02:38.186,-7.264616026954209
2025-03-22 17:02:38.186,-9.722836029213788
2025-03-22 17:02:38.186,-0.6380311115173777
2025-03-22 17:02:38.186,8.141746348212733
2025-03-22 17:02:38.196,5.4993755530482265
2025-03-22 17:02:38.196,-4.59374918532095
2025-03-22 17:02:38.196,-8.335739932633837
2025-03-22 17:02:38.196,-0.17074214849754243
2025-03-22 17:02:38.196,9.753252250709075
2025-03-22 17:02:38.205,8.327009330830034
2025-03-22 17:02:38.206,-3.825784974075729
2025-03-22 17:02:38.206,-12.815663249821398
2025-03-22 17:02:38.206,-8.359875253571312
2025-03-22 17:02:38.215,4.2594403311033116
2025-03-22 17:02:38.215,11.470032959545549
2025-03-22 17:02:38.216,7.434410692479684
2025-03-22 17:02:38.216,-1.2780077555467053
2025-03-22 17:02:38.216,-5.741629258193564
2025-03-22 17:02:38.225,-4.4751703037155535
2025-03-22 17:02:38.225,-1.841219516571621
2025-03-22 17:02:38.226,-0.653827129823158
2025-03-22 17:02:38.226,0.0985215371713204
2025-03-22 17:02:38.226,1.6283294927414496
2025-03-22 17:02:38.235,3.074648012576932
2025-03-22 17:02:38.236,3.3258041905002256
2025-03-22 17:02:38.236,2.451697822685063
2025-03-22 17:02:38.236,0.28770797847268786
2025-03-22 17:02:38.236,-3.8646428966391424
2025-03-22 17:02:38.244,-8.161191500021546
2025-03-22 17:02:38.244,-7.2967871188727935
2025-03-22 17:02:38.244,1.5232946772545226
2025-03-22 17:02:38.244,12.25257208832693
2025-03-22 17:02:38.245,13.911056294909129
2025-03-22 17:02:38.253,2.677403016059925
2025-03-22 17:02:38.254,-12.311539687025476
2025-03-22 17:02:38.254,-17.293482994107023
2025-03-22 17:02:38.254,-7.317479748108811
2025-03-22 17:02:38.262,9.03876724693416
2025-03-22 17:02:38.262,17.270065140561794
2025-03-22 17:02:38.262,9.80305616981994
2025-03-22 17:02:38.262,-6.388909035916717
2025-03-22 17:02:38.262,-15.25425191680913
2025-03-22 17:02:38.271,-7.750755414010982
2025-03-22 17:02:38.272,7.3734702214451655
2025-03-22 17:02:38.272,12.579137972761563
2025-03-22 17:02:38.272,2.2061704656531385
2025-03-22 17:02:38.281,-10.467992131961473
2025-03-22 17:02:38.282,-9.804309360908354
2025-03-22 17:02:38.282,2.7944822480506177
2025-03-22 17:02:38.282,11.578896000933549
2025-03-22 17:02:38.282,6.8174962158947325
2025-03-22 17:02:38.291,-4.228924744136328
2025-03-22 17:02:38.292,-8.506529301034885
2025-03-22 17:02:38.292,-3.5854578572519755
2025-03-22 17:02:38.292,2.11256009162316
2025-03-22 17:02:38.292,2.55783623484018
2025-03-22 17:02:38.301,0.8666023168375632
2025-03-22 17:02:38.302,1.757436456425647
2025-03-22 17:02:38.302,3.2329877306780923
2025-03-22 17:02:38.302,0.407080926837035
2025-03-22 17:02:38.302,-5.258236640067699
2025-03-22 17:02:38.311,-6.443739899739938
2025-03-22 17:02:38.312,-0.35784765262834267
2025-03-22 17:02:38.312,6.307042338355105
2025-03-22 17:02:38.312,5.892801694128108
2025-03-22 17:02:38.312,0.05404275816546894
2025-03-22 17:02:38.321,-3.1557576392063416
2025-03-22 17:02:38.321,-1.2792733402581182
2025-03-22 17:02:38.322,-0.41730529361722524
2025-03-22 17:02:38.322,-4.175786576822339
2025-03-22 17:02:38.322,-5.951367146746538
2025-03-22 17:02:38.330,1.4833870369175144
2025-03-22 17:02:38.330,12.228238412994942
2025-03-22 17:02:38.330,11.989078910365489
2025-03-22 17:02:38.330,-2.310108482367348
2025-03-22 17:02:38.339,-15.812852969150022
2025-03-22 17:02:38.339,-13.320076530179973
2025-03-22 17:02:38.340,1.8914323940703115
2025-03-22 17:02:38.340,12.907357321422763
2025-03-22 17:02:38.340,9.887928018391628
2025-03-22 17:02:38.349,-0.5531704066658408
2025-03-22 17:02:38.349,-6.332579757803041
2025-03-22 17:02:38.350,-4.172449578670464
2025-03-22 17:02:38.350,-0.21988166049149963
2025-03-22 17:02:38.350,0.04876033907375977
2025-03-22 17:02:38.359,-1.6695557431880632
2025-03-22 17:02:38.359,-0.42112213098148193
2025-03-22 17:02:38.360,4.150096177630185
2025-03-22 17:02:38.360,6.38054179823987
2025-03-22 17:02:38.360,1.7193151162294875
2025-03-22 17:02:38.369,-6.301064354354783
2025-03-22 17:02:38.369,-8.80645384978072
2025-03-22 17:02:38.370,-2.0603485403313195
2025-03-22 17:02:38.370,6.995635640202549
2025-03-22 17:02:38.370,8.139614116070238
2025-03-22 17:02:38.379,0.19766926316173794
2025-03-22 17:02:38.379,-7.027874202009247
2025-03-22 17:02:38.380,-4.6011088604717605
2025-03-22 17:02:38.380,4.040740432653851
2025-03-22 17:02:38.380,6.925121900088184
2025-03-22 17:02:38.388,-0.8550636060231156
2025-03-22 17:02:38.388,-9.481589576338074
2025-03-22 17:02:38.388,-6.189761402517162
2025-03-22 17:02:38.388,7.140137086300637
2025-03-22 17:02:38.397,14.15328251314756
2025-03-22 17:02:38.398,4.111668140032041
2025-03-22 17:02:38.398,-12.993652474903598
2025-03-22 17:02:38.398,-16.950895569198302
2025-03-22 17:02:38.398,-1.6985649350469039
2025-03-22 17:02:38.405,16.64817740483434
2025-03-22 17:02:38.406,18.15266659576396
2025-03-22 17:02:38.406,1.3772104618489502
2025-03-22 17:02:38.406,-16.16589604165159
2025-03-22 17:02:38.415,-17.79144394982147
2025-03-22 17:02:38.415,-3.9140593244220407
2025-03-22 17:02:38.416,11.143756658102042
2025-03-22 17:02:38.416,14.750116190500979
2025-03-22 17:02:38.416,6.601640877306623
2025-03-22 17:02:38.423,-3.9278331415266825
2025-03-22 17:02:38.424,-8.181437206105281
2025-03-22 17:02:38.424,-5.545124072723612
2025-03-22 17:02:38.424,-1.689701665624253
2025-03-22 17:02:38.433,-0.7834864932479129
2025-03-22 17:02:38.434,-0.6651245135329658
2025-03-22 17:02:38.434,3.1335980166341244
2025-03-22 17:02:38.434,9.261473708181526
2025-03-22 17:02:38.434,9.638113134844307
2025-03-22 17:02:38.442,-0.7025196573935738
2025-03-22 17:02:38.442,-14.440268502298096
2025-03-22 17:02:38.442,-17.072587713947822
2025-03-22 17:02:38.442,-3.1433585260728245
2025-03-22 17:02:38.451,15.287431488246154
2025-03-22 17:02:38.451,19.867086091743236
2025-03-22 17:02:38.452,5.706940400306356
2025-03-22 17:02:38.452,-12.75828781811587
2025-03-22 17:02:38.452,-17.210741077511386
2025-03-22 17:02:38.460,-5.133989749004553
2025-03-22 17:02:38.460,8.635809987353019
2025-03-22 17:02:38.460,9.919129111866507
2025-03-22 17:02:38.460,0.9777907164435204
2025-03-22 17:02:38.460,-4.6626852800287315
2025-03-22 17:02:38.470,-0.5814916225799592
2025-03-22 17:02:38.470,5.14569756091524
2025-03-22 17:02:38.470,2.3639147647180403
2025-03-22 17:02:38.470,-6.610258129448056
2025-03-22 17:02:38.480,-9.976413686885044
2025-03-22 17:02:38.480,-2.3004615320816857
2025-03-22 17:02:38.480,8.309006224895285
2025-03-22 17:02:38.480,10.547146804062717
2025-03-22 17:02:38.480,3.3128977672431663
2025-03-22 17:02:38.489,-4.666743637697716
2025-03-22 17:02:38.490,-6.36966614839891
2025-03-22 17:02:38.490,-3.2888505108051778
2025-03-22 17:02:38.490,-0.6779919177211708
2025-03-22 17:02:38.490,-0.10772573284712642
2025-03-22 17:02:38.499,0.8409509448293838
2025-03-22 17:02:38.500,3.4566056688164544
2025-03-22 17:02:38.500,5.347222349894848
2025-03-22 17:02:38.500,3.3336114289248124
2025-03-22 17:02:38.500,-2.2916776660991336
2025-03-22 17:02:38.509,-7.0698102712219315
2025-03-22 17:02:38.510,-6.3537416937258335
2025-03-22 17:02:38.510,-0.4022025004492849
2025-03-22 17:02:38.510,5.1897657594269395
2025-03-22 17:02:38.510,5.425515560393189
2025-03-22 17:02:38.519,1.6271344362749147
2025-03-22 17:02:38.520,-0.9406495305865908
2025-03-22 17:02:38.520,-0.7346320563041336
2025-03-22 17:02:38.520,-1.4547499312036365
2025-03-22 17:02:38.520,-4.548502126604726
2025-03-22 17:02:38.529,-4.782064838259974
2025-03-22 17:02:38.530,2.1481551344260814
2025-03-22 17:02:38.530,10.331149395390986
2025-03-22 17:02:38.530,8.58137223549178
2025-03-22 17:02:38.530,-4.3471923000262525
2025-03-22 17:02:38.538,-15.146535642296595
2025-03-22 17:02:38.538,-10.504176460900087
2025-03-22 17:02:38.538,6.282549144818237
2025-03-22 17:02:38.538,17.70170018285078
2025-03-22 17:02:38.539,11.406703855332095
2025-03-22 17:02:38.547,-6.074349342745761
2025-03-22 17:02:38.548,-16.934771699885992
2025-03-22 17:02:38.548,-11.387146717295241
2025-03-22 17:02:38.548,3.4412539830928703
2025-03-22 17:02:38.557,12.991305573684526
2025-03-22 17:02:38.557,10.057473266930893
2025-03-22 17:02:38.557,-0.5110845499147566
2025-03-22 17:02:38.558,-8.352701538046896
2025-03-22 17:02:38.558,-6.944446173068621
2025-03-22 17:02:38.566,1.0251725472935755
2025-03-22 17:02:38.566,5.940174960034968
2025-03-22 17:02:38.566,1.4170046911105079
2025-03-22 17:02:38.566,-6.748247784440608
2025-03-22 17:02:38.575,-6.0166265680774185
2025-03-22 17:02:38.576,5.904682571588838
2025-03-22 17:02:38.576,14.765238401609505
2025-03-22 17:02:38.576,6.590360006737101
2025-03-22 17:02:38.576,-12.201580217394932
2025-03-22 17:02:38.585,-19.843534054800724
2025-03-22 17:02:38.585,-5.823957747949585
2025-03-22 17:02:38.586,14.834375318971475
2025-03-22 17:02:38.586,19.00969488078978
2025-03-22 17:02:38.586,3.094157522975012
2025-03-22 17:02:38.593,-13.699051413336756
2025-03-22 17:02:38.594,-13.348070633158237
2025-03-22 17:02:38.594,0.6013787014780907
2025-03-22 17:02:38.594,10.359779805512645
2025-03-22 17:02:38.603,6.629417393885949
2025-03-22 17:02:38.603,-2.7761980314399506
2025-03-22 17:02:38.604,-6.112455002088085
2025-03-22 17:02:38.604,-2.228951272274119
2025-03-22 17:02:38.604,1.498206815700683
2025-03-22 17:02:38.613,1.1017628086850724
2025-03-22 17:02:38.614,0.15451062971522472
2025-03-22 17:02:38.614,2.3914710210063452
2025-03-22 17:02:38.614,5.002914344402127
2025-03-22 17:02:38.614,2.1900063350765024
2025-03-22 17:02:38.622,-5.928052922087952
2025-03-22 17:02:38.622,-11.143567328271558
2025-03-22 17:02:38.622,-5.840372868557383
2025-03-22 17:02:38.622,6.90992124828997
2025-03-22 17:02:38.631,14.644091319085112
2025-03-22 17:02:38.632,8.665886233019258
2025-03-22 17:02:38.632,-5.533963320894557
2025-03-22 17:02:38.632,-13.695633417079796
2025-03-22 17:02:38.632,-8.445130017929758
2025-03-22 17:02:38.641,3.3066418382743956
2025-03-22 17:02:38.641,9.356042970344062
2025-03-22 17:02:38.642,5.622005017771022
2025-03-22 17:02:38.642,-1.5705174554615768
2025-03-22 17:02:38.642,-4.516306744858835
2025-03-22 17:02:38.651,-2.171622177379344
2025-03-22 17:02:38.651,0.9168981917441327
2025-03-22 17:02:38.652,1.2005240983764827
2025-03-22 17:02:38.652,-0.2391379132809803
2025-03-22 17:02:38.652,-0.49109939254930096
2025-03-22 17:02:38.661,0.5265196117079953
2025-03-22 17:02:38.661,0.29320187589949087
2025-03-22 17:02:38.662,-1.4903200106765524
2025-03-22 17:02:38.662,-1.3536517923752451
2025-03-22 17:02:38.662,2.42907627980985
2025-03-22 17:02:38.671,5.267350138069558
2025-03-22 17:02:38.671,1.4603278124088352
2025-03-22 17:02:38.672,-6.487639407637124
2025-03-22 17:02:38.672,-8.756057301570701
2025-03-22 17:02:38.672,-0.6589636565285277
2025-03-22 17:02:38.680,9.626884840352082
2025-03-22 17:02:38.680,9.935418893094225
2025-03-22 17:02:38.680,-0.7578055065758499
2025-03-22 17:02:38.680,-10.525479876736082
2025-03-22 17:02:38.689,-8.619866269109155
2025-03-22 17:02:38.690,2.095695202995282
2025-03-22 17:02:38.690,9.256083152963205
2025-03-22 17:02:38.690,5.680669885404813
2025-03-22 17:02:38.690,-3.1964826248628047
2025-03-22 17:02:38.699,-6.848606827028958
2025-03-22 17:02:38.699,-2.045541714582897
2025-03-22 17:02:38.700,4.359533282903703
2025-03-22 17:02:38.700,4.4607984824261795
2025-03-22 17:02:38.700,-1.2710088652855065
2025-03-22 17:02:38.709,-5.29241997726584
2025-03-22 17:02:38.710,-2.753131361466928
2025-03-22 17:02:38.710,2.902383858230069
2025-03-22 17:02:38.710,5.1345347392571306
2025-03-22 17:02:38.710,2.381894319370525
2025-03-22 17:02:38.719,-1.64094110968544
2025-03-22 17:02:38.719,-3.729207568646351
2025-03-22 17:02:38.720,-3.686494210180949
2025-03-22 17:02:38.720,-1.8916496192560452
2025-03-22 17:02:38.720,1.6310385448724254
2025-03-22 17:02:38.728,5.026661170069722
2025-03-22 17:02:38.728,4.844681921782596
2025-03-22 17:02:38.728,0.35855307859566765
2025-03-22 17:02:38.728,-4.236119329831231
2025-03-22 17:02:38.728,-4.188158657195108
2025-03-22 17:02:38.738,-0.25974171863786844
2025-03-22 17:02:38.738,1.8486323760199663
2025-03-22 17:02:38.738,-0.8765770046502774
2025-03-22 17:02:38.738,-3.7777992264501927
2025-03-22 17:02:38.738,-0.2531244916997957
2025-03-22 17:02:38.748,7.876925726224113
2025-03-22 17:02:38.748,10.189438264655232
2025-03-22 17:02:38.748,0.6502737065463642
2025-03-22 17:02:38.748,-12.505696165935506
2025-03-22 17:02:38.757,-14.764479447837326
2025-03-22 17:02:38.757,-2.576910597029744
2025-03-22 17:02:38.758,11.964126211774442
2025-03-22 17:02:38.758,14.80026856632378
2025-03-22 17:02:38.758,4.766045994494493
2025-03-22 17:02:38.766,-7.13081844622301
2025-03-22 17:02:38.766,-10.638210891121973
2025-03-22 17:02:38.766,-5.51430642179989
2025-03-22 17:02:38.766,1.2781080796951045
2025-03-22 17:02:38.767,4.322218494653238
2025-03-22 17:02:38.777,3.8648123811185022
2025-03-22 17:02:38.777,2.6030437197634364
2025-03-22 17:02:38.778,1.3656825268426305
2025-03-22 17:02:38.778,-0.6646646908414644
2025-03-22 17:02:38.778,-3.0918343968674877
2025-03-22 17:02:38.786,-3.9328492296923874
2025-03-22 17:02:38.786,-2.134530934040851
2025-03-22 17:02:38.786,0.9469268756717196
2025-03-22 17:02:38.786,2.945007197923169
2025-03-22 17:02:38.786,2.694309135170269
2025-03-22 17:02:38.797,0.9900270274021108
2025-03-22 17:02:38.797,-0.39326835622421186
2025-03-22 17:02:38.797,-0.5170896861567933
2025-03-22 17:02:38.798,-0.2844059098373184
2025-03-22 17:02:38.798,-1.1452289006242369
2025-03-22 17:02:38.806,-2.6574013786332977
2025-03-22 17:02:38.806,-2.4181490771201726
2025-03-22 17:02:38.806,0.7271715845938782
2025-03-22 17:02:38.806,4.302744421258634
2025-03-22 17:02:38.806,4.436419552401978
2025-03-22 17:02:38.816,0.4429616075312029
2025-03-22 17:02:38.816,-3.915079653035048
2025-03-22 17:02:38.816,-4.279948837227698
2025-03-22 17:02:38.816,-0.4847479895481028
2025-03-22 17:02:38.816,3.0827620751940867
2025-03-22 17:02:38.826,2.3622652461031293
2025-03-22 17:02:38.826,-1.383962640812571
2025-03-22 17:02:38.826,-2.78792952229833
2025-03-22 17:02:38.826,0.6243403191309923
2025-03-22 17:02:38.835,4.358911004468306
2025-03-22 17:02:38.836,2.366249605216343
2025-03-22 17:02:38.836,-4.151557986890532
2025-03-22 17:02:38.836,-6.9465254016467
2025-03-22 17:02:38.836,-1.2082107038338605
2025-03-22 17:02:38.845,7.172624742330347
2025-03-22 17:02:38.846,8.088024237434315
2025-03-22 17:02:38.846,-0.13785514529972737
2025-03-22 17:02:38.846,-8.284631517571436
2025-03-22 17:02:38.846,-7.3604494080384395
2025-03-22 17:02:38.855,0.819329963751446
2025-03-22 17:02:38.856,6.653058070522052
2025-03-22 17:02:38.856,4.690310933771704
2025-03-22 17:02:38.856,-0.871374244924229
2025-03-22 17:02:38.856,-2.9462265667657443
2025-03-22 17:02:38.865,-0.5826203571811625
2025-03-22 17:02:38.866,1.1972836076222548
2025-03-22 17:02:38.866,-0.8125578991358735
2025-03-22 17:02:38.866,-3.5533038033130584
2025-03-22 17:02:38.866,-2.1636032186909135
2025-03-22 17:02:38.875,2.975180013722697
2025-03-22 17:02:38.875,6.051167205647718
2025-03-22 17:02:38.876,2.9368163573569728
2025-03-22 17:02:38.876,-3.400097794772169
2025-03-22 17:02:38.876,-6.168159876022188
2025-03-22 17:02:38.885,-2.728040707403809
2025-03-22 17:02:38.885,2.6174657997311845
2025-03-22 17:02:38.885,4.201195286355424
2025-03-22 17:02:38.886,1.5710573547820146
2025-03-22 17:02:38.886,-1.0367058312910011
2025-03-22 17:02:38.894,-0.8332511694075184
2025-03-22 17:02:38.894,0.27093994999652027
2025-03-22 17:02:38.894,-0.7394011270361549
2025-03-22 17:02:38.894,-2.9964135160266996
2025-03-22 17:02:38.895,-2.5128762222559757
2025-03-22 17:02:38.904,2.05732718866351
2025-03-22 17:02:38.904,6.3632386951632345
2025-03-22 17:02:38.904,4.709878937854624
2025-03-22 17:02:38.904,-2.7909715065715806
2025-03-22 17:02:38.913,-8.997617642967718
2025-03-22 17:02:38.914,-6.767123800421672
2025-03-22 17:02:38.914,2.99165647517666
2025-03-22 17:02:38.914,11.148375137253751
2025-03-22 17:02:38.914,9.00449627598176
2025-03-22 17:02:38.922,-2.4891657942971364
2025-03-22 17:02:38.922,-12.600154193488377
2025-03-22 17:02:38.922,-11.069409784408329
2025-03-22 17:02:38.922,1.0827379722351083
2025-03-22 17:02:38.931,12.11163464547427
2025-03-22 17:02:38.932,11.667229096140455
2025-03-22 17:02:38.932,1.2307141856800077
2025-03-22 17:02:38.932,-8.577137801946746
2025-03-22 17:02:38.932,-9.697877630570094
2025-03-22 17:02:38.942,-3.608812580828153
2025-03-22 17:02:38.942,2.725670742381237
2025-03-22 17:02:38.942,5.033304774315163
2025-03-22 17:02:38.942,4.3843155407468695
2025-03-22 17:02:38.942,3.139464135653822
2025-03-22 17:02:38.951,1.0753972069946742
2025-03-22 17:02:38.952,-2.911873744967569
2025-03-22 17:02:38.952,-6.702116219299322
2025-03-22 17:02:38.952,-5.8257427050461805
2025-03-22 17:02:38.952,0.45412123877375954
2025-03-22 17:02:38.961,6.626923760287007
2025-03-22 17:02:38.962,6.856526918450216
2025-03-22 17:02:38.962,1.7189067874091677
2025-03-22 17:02:38.962,-3.4049421277149587
2025-03-22 17:02:38.962,-5.054507633137358
2025-03-22 17:02:38.971,-3.7666603733317037
2025-03-22 17:02:38.972,-0.7133226742032225
2025-03-22 17:02:38.972,3.5406872315035827
2025-03-22 17:02:38.972,6.439493953431033
2025-03-22 17:02:38.972,3.8496609095817194
2025-03-22 17:02:38.981,-4.077264116330739
2025-03-22 17:02:38.982,-9.88671199748109
2025-03-22 17:02:38.982,-5.7917926657517596
2025-03-22 17:02:38.982,5.978468450607601
2025-03-22 17:02:38.982,13.27393185455204
2025-03-22 17:02:38.990,6.981235795292511
2025-03-22 17:02:38.990,-7.587098080562861
2025-03-22 17:02:38.990,-15.304851300121534
2025-03-22 17:02:38.990,-7.694942149555066
2025-03-22 17:02:38.999,7.550687844462736
2025-03-22 17:02:38.999,15.007515690834039
2025-03-22 17:02:39.000,8.014222425458762
2025-03-22 17:02:39.000,-5.3309085460025525
2025-03-22 17:02:39.000,-12.051566762491317
2025-03-22 17:02:39.009,-7.568366536108275
2025-03-22 17:02:39.010,1.7552266786517186
2025-03-22 17:02:39.010,7.082137986354092
2025-03-22 17:02:39.010,5.6379142437772085
2025-03-22 17:02:39.010,1.0991499313818287
2025-03-22 17:02:39.019,-2.00361966937588
2025-03-22 17:02:39.019,-2.443074847980416
2025-03-22 17:02:39.020,-1.5759063369304402
2025-03-22 17:02:39.020,-0.6970112330646289
2025-03-22 17:02:39.020,-0.20164515280485215
2025-03-22 17:02:39.028,-0.18294408644112495
2025-03-22 17:02:39.028,-0.2855145544953237
2025-03-22 17:02:39.028,0.5836581105663479
2025-03-22 17:02:39.028,2.7156773887338366
2025-03-22 17:02:39.029,3.8411781381203607
2025-03-22 17:02:39.038,1.0661921744188074
2025-03-22 17:02:39.038,-4.494210468592444
2025-03-22 17:02:39.038,-7.144544064747812
2025-03-22 17:02:39.038,-2.9193654830463913
2025-03-22 17:02:39.048,4.612288819375357
2025-03-22 17:02:39.048,7.630967181707505
2025-03-22 17:02:39.048,3.27966839271412
2025-03-22 17:02:39.048,-3.067686621174873
2025-03-22 17:02:39.048,-4.78530245748323
2025-03-22 17:02:39.058,-1.783015929120387
2025-03-22 17:02:39.058,0.8556043849040359
2025-03-22 17:02:39.058,0.37902782453520206
2025-03-22 17:02:39.058,-0.694450979960893
2025-03-22 17:02:39.058,0.6432120805082908
2025-03-22 17:02:39.059,3.067994056492837
2025-03-22 17:02:39.068,2.816578109235217
2025-03-22 17:02:39.068,-0.8235535026679646
2025-03-22 17:02:39.068,-4.143687705785571
2025-03-22 17:02:39.068,-3.4994696478641427
2025-03-22 17:02:39.078,0.2903357388434523
2025-03-22 17:02:39.078,3.1133405221980857
2025-03-22 17:02:39.078,2.506801808669811
2025-03-22 17:02:39.078,0.09517990684287833
2025-03-22 17:02:39.078,-1.0909267132091172
2025-03-22 17:02:39.087,-0.4678689055936833
2025-03-22 17:02:39.088,-0.007752264913031229
2025-03-22 17:02:39.088,-0.969907510193586
2025-03-22 17:02:39.088,-1.9072879983796467
2025-03-22 17:02:39.088,-0.6447808332006031
2025-03-22 17:02:39.097,2.371912098632627
2025-03-22 17:02:39.097,3.914347120737404
2025-03-22 17:02:39.098,1.6968667763912477
2025-03-22 17:02:39.098,-2.4648302613099173
2025-03-22 17:02:39.098,-4.361251680907431
2025-03-22 17:02:39.107,-2.255784636959188
2025-03-22 17:02:39.108,1.1846633052719853
2025-03-22 17:02:39.108,2.4327696657887063
2025-03-22 17:02:39.108,1.3921647755453896
2025-03-22 17:02:39.108,0.6783177112709446
2025-03-22 17:02:39.117,1.147228047289209
2025-03-22 17:02:39.118,0.4851871334671033
2025-03-22 17:02:39.118,-2.548989527091446
2025-03-22 17:02:39.118,-4.578625141153688
2025-03-22 17:02:39.118,-1.4569173420325998
2025-03-22 17:02:39.127,4.684209515678295
2025-03-22 17:02:39.128,6.22030261140741
2025-03-22 17:02:39.128,-0.09872147991785668
2025-03-22 17:02:39.128,-7.270728486995831
2025-03-22 17:02:39.128,-5.865084851133178
2025-03-22 17:02:39.136,3.504627146711638
2025-03-22 17:02:39.136,9.836426422709375
2025-03-22 17:02:39.136,4.915826918576283
2025-03-22 17:02:39.136,-6.3973096036253745
2025-03-22 17:02:39.146,-11.539862559325156
2025-03-22 17:02:39.146,-4.578404477853472
2025-03-22 17:02:39.146,7.298068013691464
2025-03-22 17:02:39.146,11.794600778242984
2025-03-22 17:02:39.146,4.466942486377458
2025-03-22 17:02:39.155,-7.012911141639788
2025-03-22 17:02:39.156,-10.900319490026494
2025-03-22 17:02:39.156,-3.2953619032337986
2025-03-22 17:02:39.156,7.694689241648849
2025-03-22 17:02:39.156,9.944683775628796
2025-03-22 17:02:39.164,0.2899133445960038
2025-03-22 17:02:39.164,-10.87509731600965
2025-03-22 17:02:39.164,-9.989626906192361
2025-03-22 17:02:39.164,3.8406403772671918
2025-03-22 17:02:39.173,15.813998341463307
2025-03-22 17:02:39.173,11.164290305931987
2025-03-22 17:02:39.174,-6.965648473969524
2025-03-22 17:02:39.174,-19.36413896523611
2025-03-22 17:02:39.174,-12.083661145518988
2025-03-22 17:02:39.182,7.279996547359758
2025-03-22 17:02:39.182,18.18645482703727
2025-03-22 17:02:39.182,10.558483553363587
2025-03-22 17:02:39.182,-5.088152384173029
2025-03-22 17:02:39.192,-11.851014898914494
2025-03-22 17:02:39.192,-5.909383426846339
2025-03-22 17:02:39.192,2.3175086428652096
2025-03-22 17:02:39.192,3.630792391585961
2025-03-22 17:02:39.192,0.2733828508167251
2025-03-22 17:02:39.193,-0.57175556208219
2025-03-22 17:02:39.202,2.0922535188497933
2025-03-22 17:02:39.202,3.159432277321341
2025-03-22 17:02:39.202,0.25524878976084475
2025-03-22 17:02:39.202,-2.975713590033317
2025-03-22 17:02:39.212,-2.9975974169010806
2025-03-22 17:02:39.212,-1.2251583333534288
2025-03-22 17:02:39.212,-0.3802017743640109
2025-03-22 17:02:39.212,0.46117744249481163
2025-03-22 17:02:39.212,3.2808818955132595
2025-03-22 17:02:39.221,5.524968672956744
2025-03-22 17:02:39.222,2.2008785388935284
2025-03-22 17:02:39.222,-5.738830130869153
2025-03-22 17:02:39.222,-9.777859041044499
2025-03-22 17:02:39.222,-3.719999213798848
2025-03-22 17:02:39.231,7.329161946943438
2025-03-22 17:02:39.232,11.640913370708164
2025-03-22 17:02:39.232,4.235853380962105
2025-03-22 17:02:39.232,-7.293716757575346
2025-03-22 17:02:39.232,-11.179466495771953
2025-03-22 17:02:39.241,-4.04321715896592
2025-03-22 17:02:39.241,6.126370598630912
2025-03-22 17:02:39.242,9.039052395552586
2025-03-22 17:02:39.242,2.936306983283974
2025-03-22 17:02:39.242,-4.508725777889171
2025-03-22 17:02:39.251,-5.700134368606982
2025-03-22 17:02:39.252,-1.3556675553655555
2025-03-22 17:02:39.252,2.285739875848699
2025-03-22 17:02:39.252,2.2195446335534528
2025-03-22 17:02:39.252,0.8884631959538326
2025-03-22 17:02:39.261,0.40434988643696024
2025-03-22 17:02:39.262,-0.5408168190207794
2025-03-22 17:02:39.262,-2.479289695117096
2025-03-22 17:02:39.262,-2.347420324703672
2025-03-22 17:02:39.262,1.6927623230846647
2025-03-22 17:02:39.271,5.407666114745013
2025-03-22 17:02:39.271,2.9057561652956996
2025-03-22 17:02:39.272,-4.569998195446577
2025-03-22 17:02:39.272,-8.399878265168079
2025-03-22 17:02:39.272,-2.864659828021624
2025-03-22 17:02:39.280,6.941670542890202
2025-03-22 17:02:39.280,10.333817157051199
2025-03-22 17:02:39.280,3.4008822000418935
2025-03-22 17:02:39.280,-6.713545305535426
2025-03-22 17:02:39.290,-10.332829157673434
2025-03-22 17:02:39.290,-5.299081511845664
2025-03-22 17:02:39.290,2.9179022167615063
2025-03-22 17:02:39.290,8.311501388836758
2025-03-22 17:02:39.290,8.39136986497257
2025-03-22 17:02:39.291,3.102318529935693
2025-03-22 17:02:39.300,-5.38439990874033
2025-03-22 17:02:39.300,-11.197205495295183
2025-03-22 17:02:39.300,-7.9854775354051135
2025-03-22 17:02:39.300,3.151839494889665
2025-03-22 17:02:39.309,11.901699488216149
2025-03-22 17:02:39.310,9.053891842811675
2025-03-22 17:02:39.310,-2.3248779508000634
2025-03-22 17:02:39.310,-9.883231722914738
2025-03-22 17:02:39.310,-6.415936716306659
2025-03-22 17:02:39.319,2.3761924417344824
2025-03-22 17:02:39.320,6.070435424353674
2025-03-22 17:02:39.320,2.164513702895351
2025-03-22 17:02:39.320,-2.6360613559557002
2025-03-22 17:02:39.320,-2.1850131028782007
2025-03-22 17:02:39.329,1.8211670240741946
2025-03-22 17:02:39.330,3.171523427807349
2025-03-22 17:02:39.330,-0.5336257880463464
2025-03-22 17:02:39.330,-4.888163488026759
2025-03-22 17:02:39.330,-4.083994207011863
2025-03-22 17:02:39.339,1.8620058726978665
2025-03-22 17:02:39.340,6.6555610320344165
2025-03-22 17:02:39.340,4.848604088701164
2025-03-22 17:02:39.340,-1.8342548751347993
2025-03-22 17:02:39.340,-6.531763542885264
2025-03-22 17:02:39.349,-4.94259152750651
2025-03-22 17:02:39.350,0.58536991008701
2025-03-22 17:02:39.350,4.6244223977379
2025-03-22 17:02:39.350,4.526449858931214
2025-03-22 17:02:39.350,1.6341021934757132
2025-03-22 17:02:39.358,-1.8798451141567847
2025-03-22 17:02:39.358,-4.744098084420011
2025-03-22 17:02:39.358,-5.059202400217827
2025-03-22 17:02:39.358,-0.5958458526317568
2025-03-22 17:02:39.367,6.693098612944612
2025-03-22 17:02:39.368,9.249909516734926
2025-03-22 17:02:39.368,1.9052040140768824
2025-03-22 17:02:39.368,-9.236194072326558
2025-03-22 17:02:39.368,-11.52360675349315
2025-03-22 17:02:39.377,-1.3995829861281281
2025-03-22 17:02:39.378,9.64264655332943
2025-03-22 17:02:39.378,8.879682429134734
2025-03-22 17:02:39.378,-1.3315508511602636
2025-03-22 17:02:39.378,-6.994810601613436
2025-03-22 17:02:39.386,-1.4077871056683082
2025-03-22 17:02:39.386,6.049444722834474
2025-03-22 17:02:39.386,3.1719776233354264
2025-03-22 17:02:39.386,-7.680839820702287
2025-03-22 17:02:39.396,-11.551592852925054
2025-03-22 17:02:39.396,-0.33196814067323266
2025-03-22 17:02:39.396,15.062711118615761
2025-03-22 17:02:39.396,16.11690242507661
2025-03-22 17:02:39.396,-0.9904704337344015
2025-03-22 17:02:39.404,-19.098068330856858
2025-03-22 17:02:39.404,-18.41720054116224
2025-03-22 17:02:39.404,1.10415489454173
2025-03-22 17:02:39.405,19.310122032420015
2025-03-22 17:02:39.405,17.88208324146008
2025-03-22 17:02:39.414,-0.2724610127904037
2025-03-22 17:02:39.414,-15.631031462221015
2025-03-22 17:02:39.414,-14.061009276611559
2025-03-22 17:02:39.414,-0.6837552240427427
2025-03-22 17:02:39.423,8.770457258222013
2025-03-22 17:02:39.424,6.779329529754605
2025-03-22 17:02:39.424,0.28783826371545274
2025-03-22 17:02:39.424,-1.0637455497063373
2025-03-22 17:02:39.424,2.2400776821678625
2025-03-22 17:02:39.433,2.1496611678174333
2025-03-22 17:02:39.433,-4.126785057095473
2025-03-22 17:02:39.434,-9.334151465582188
2025-03-22 17:02:39.434,-5.636004097370092
2025-03-22 17:02:39.434,4.820682502257442
2025-03-22 17:02:39.442,11.838799845824356
2025-03-22 17:02:39.442,8.413018251021576
2025-03-22 17:02:39.442,-2.257376352470753
2025-03-22 17:02:39.442,-10.501203876628912
2025-03-22 17:02:39.452,-9.271737850953938
2025-03-22 17:02:39.452,-0.06924315389888502
2025-03-22 17:02:39.452,8.449856647611856
2025-03-22 17:02:39.452,8.08806109291732
2025-03-22 17:02:39.452,-0.7025288099267847
2025-03-22 17:02:39.462,-8.223926396786274
2025-03-22 17:02:39.462,-5.471037501119132
2025-03-22 17:02:39.462,4.747008129601984
2025-03-22 17:02:39.462,9.68798923713601
2025-03-22 17:02:39.462,1.969485991006685
2025-03-22 17:02:39.470,-9.838818833061751
2025-03-22 17:02:39.470,-10.54509359160254
2025-03-22 17:02:39.470,2.207318501413261
2025-03-22 17:02:39.471,13.427607946136456
2025-03-22 17:02:39.471,8.835882263073835
2025-03-22 17:02:39.480,-6.625353497264437
2025-03-22 17:02:39.480,-14.235941480704213
2025-03-22 17:02:39.480,-4.838051218419601
2025-03-22 17:02:39.480,9.842251220060245
2025-03-22 17:02:39.489,12.364577338202698
2025-03-22 17:02:39.490,0.9866245959223131
2025-03-22 17:02:39.490,-9.975354416372712
2025-03-22 17:02:39.490,-9.021108522111831
2025-03-22 17:02:39.490,0.1983675678139072
2025-03-22 17:02:39.499,6.597645237423003
2025-03-22 17:02:39.500,5.645380617023709
2025-03-22 17:02:39.500,1.5192455768699427
2025-03-22 17:02:39.500,-1.260442104910703
2025-03-22 17:02:39.500,-2.7787593096121976
2025-03-22 17:02:39.508,-4.177023971099048
2025-03-22 17:02:39.508,-3.784765133233476
2025-03-22 17:02:39.508,0.29503868830066354
2025-03-22 17:02:39.508,5.612089479377208
2025-03-22 17:02:39.509,6.726648242406343
2025-03-22 17:02:39.518,1.6950961419137143
2025-03-22 17:02:39.518,-4.896406562836911
2025-03-22 17:02:39.518,-6.743381699620983
2025-03-22 17:02:39.518,-2.668421069373922
2025-03-22 17:02:39.528,2.696459262753973
2025-03-22 17:02:39.528,4.488132557860711
2025-03-22 17:02:39.528,2.2794456044118796
2025-03-22 17:02:39.528,-0.822712716286873
2025-03-22 17:02:39.528,-2.0356197678549632
2025-03-22 17:02:39.538,-1.0263369060125833
2025-03-22 17:02:39.538,0.6822814607169723
2025-03-22 17:02:39.538,1.2853881355905632
2025-03-22 17:02:39.538,0.0924111126798694
2025-03-22 17:02:39.538,-1.7789589430723496
2025-03-22 17:02:39.548,-2.2191134826569563
2025-03-22 17:02:39.548,-0.2582088507192458
2025-03-22 17:02:39.548,2.5703434624175516
2025-03-22 17:02:39.548,3.4488627351918866
2025-03-22 17:02:39.548,1.1295095418787946
2025-03-22 17:02:39.558,-2.5238130683575983
2025-03-22 17:02:39.558,-4.088912155389987
2025-03-22 17:02:39.558,-1.8965247518868324
2025-03-22 17:02:39.558,2.15073214918009
2025-03-22 17:02:39.558,4.245947636811295
2025-03-22 17:02:39.567,2.3895365461782676
2025-03-22 17:02:39.568,-1.6022496635440728
2025-03-22 17:02:39.568,-3.9747858933602465
2025-03-22 17:02:39.568,-2.788881844498409
2025-03-22 17:02:39.568,0.49139033969493806
2025-03-22 17:02:39.578,2.9165832697909773
2025-03-22 17:02:39.578,2.8924512103019873
2025-03-22 17:02:39.578,1.042416477081852
2025-03-22 17:02:39.578,-1.0109646679105095
2025-03-22 17:02:39.578,-2.134765649291882
2025-03-22 17:02:39.588,-2.1256427988942397
2025-03-22 17:02:39.588,-1.217691201412026
2025-03-22 17:02:39.588,0.340068013228531
2025-03-22 17:02:39.588,2.0310749227646316
2025-03-22 17:02:39.588,2.8143403280655956
2025-03-22 17:02:39.598,1.8026113814217288
2025-03-22 17:02:39.598,-0.6514424134451894
2025-03-22 17:02:39.598,-2.9222375071160207
2025-03-22 17:02:39.598,-3.3524538249423603
2025-03-22 17:02:39.598,-1.497042993716048
2025-03-22 17:02:39.607,1.5803532903867
2025-03-22 17:02:39.608,3.8573888162372616
2025-03-22 17:02:39.608,3.4933780997473356
2025-03-22 17:02:39.608,0.3143018283873452
2025-03-22 17:02:39.608,-3.4447080679183952
2025-03-22 17:02:39.618,-4.542396922587201
2025-03-22 17:02:39.618,-1.7489284080806384
2025-03-22 17:02:39.618,2.5461293823392683
2025-03-22 17:02:39.618,4.408617634556102
2025-03-22 17:02:39.618,2.2823075940938664
2025-03-22 17:02:39.627,-1.536044221054633
2025-03-22 17:02:39.628,-3.4556254983502606
2025-03-22 17:02:39.628,-2.1714164603075514
2025-03-22 17:02:39.628,0.5485209722902519
2025-03-22 17:02:39.628,2.1624812773255764
2025-03-22 17:02:39.637,1.801238676672588
2025-03-22 17:02:39.638,0.42373966334441115
2025-03-22 17:02:39.638,-0.7634433795927321
2025-03-22 17:02:39.638,-1.3364558316503943
2025-03-22 17:02:39.638,-1.240023525585711
2025-03-22 17:02:39.646,-0.33443748402047363
2025-03-22 17:02:39.646,0.9972358556635935
2025-03-22 17:02:39.646,1.489388075253218
2025-03-22 17:02:39.646,0.360005283747951
2025-03-22 17:02:39.656,-1.1735108201154225
2025-03-22 17:02:39.656,-1.0156666240208798
2025-03-22 17:02:39.656,0.8940713157686784
2025-03-22 17:02:39.656,2.0238707839864882
2025-03-22 17:02:39.656,0.42654857414351777
2025-03-22 17:02:39.666,-2.3914044814994497
2025-03-22 17:02:39.666,-3.013515397779295
2025-03-22 17:02:39.666,-0.36203606215817624
2025-03-22 17:02:39.666,2.8049563599401877
2025-03-22 17:02:39.666,3.129104854291794
2025-03-22 17:02:39.676,0.5400107349473277
2025-03-22 17:02:39.676,-1.957250137110233
2025-03-22 17:02:39.676,-1.9912043872664813
2025-03-22 17:02:39.676,-0.26255235412490535
2025-03-22 17:02:39.676,0.8932114718076788
2025-03-22 17:02:39.686,0.4416337010301289
2025-03-22 17:02:39.686,-0.5411604502320168
2025-03-22 17:02:39.686,-0.5863828481620956
2025-03-22 17:02:39.686,0.40544607833471685
2025-03-22 17:02:39.686,1.2568550247907362
2025-03-22 17:02:39.696,0.9577264466456649
2025-03-22 17:02:39.696,-0.2778675338281591
2025-03-22 17:02:39.696,-1.3219058438814661
2025-03-22 17:02:39.696,-1.2803534120483069
2025-03-22 17:02:39.696,-0.268038670590753
2025-03-22 17:02:39.706,0.808641992046752
2025-03-22 17:02:39.706,1.0975862382294044
2025-03-22 17:02:39.706,0.5105918003230999
2025-03-22 17:02:39.706,-0.24081685645479506
2025-03-22 17:02:39.706,-0.3552163907787359
2025-03-22 17:02:39.716,0.12653231422268973
2025-03-22 17:02:39.716,0.1859079557665979
2025-03-22 17:02:39.716,-0.9289689332199288
2025-03-22 17:02:39.716,-2.196684499082824
2025-03-22 17:02:39.716,-1.3310588611351175
2025-03-22 17:02:39.725,2.2942174500929537
2025-03-22 17:02:39.726,5.5927967208215685
2025-03-22 17:02:39.726,4.155258347785791
2025-03-22 17:02:39.726,-2.461211799972999
2025-03-22 17:02:39.726,-8.701914955730192
2025-03-22 17:02:39.735,-7.813412279093762
2025-03-22 17:02:39.736,0.729709556615175
2025-03-22 17:02:39.736,9.445493455683605
2025-03-22 17:02:39.736,9.872727973586406
2025-03-22 17:02:39.736,1.6189925891558392
2025-03-22 17:02:39.744,-6.980840299975268
2025-03-22 17:02:39.744,-8.089642979924067
2025-03-22 17:02:39.744,-2.679540970018277
2025-03-22 17:02:39.745,2.1697556803198546
2025-03-22 17:02:39.745,2.721958892566454
2025-03-22 17:02:39.755,1.8461387494965493
2025-03-22 17:02:39.756,2.7104695529011273
2025-03-22 17:02:39.756,3.3338765743628165
2025-03-22 17:02:39.756,0.1783589423545026
2025-03-22 17:02:39.756,-5.2223729835885155
2025-03-22 17:02:39.765,-7.015079538876013
2025-03-22 17:02:39.765,-2.358200594135229
2025-03-22 17:02:39.766,4.742939584720743
2025-03-22 17:02:39.766,7.724802617154979
2025-03-22 17:02:39.766,4.066141630236425
2025-03-22 17:02:39.774,-2.8105011608478434
2025-03-22 17:02:39.774,-6.946526215144906
2025-03-22 17:02:39.774,-4.9146843169211
2025-03-22 17:02:39.774,1.2093586055114578
2025-03-22 17:02:39.775,5.564026179211161
2025-03-22 17:02:39.784,4.241701210419815
2025-03-22 17:02:39.784,-0.5501985097108001
2025-03-22 17:02:39.784,-3.2618609399750857
2025-03-22 17:02:39.784,-1.8203463233351709
2025-03-22 17:02:39.794,0.4322610598445318
2025-03-22 17:02:39.794,0.29901157128777334
2025-03-22 17:02:39.794,-0.6128029477154658
2025-03-22 17:02:39.794,0.5957463573177985
2025-03-22 17:02:39.794,2.1700537803617297
2025-03-22 17:02:39.795,-0.07702164230585888
2025-03-22 17:02:39.804,-4.6036019531459935
2025-03-22 17:02:39.804,-3.800733018321913
2025-03-22 17:02:39.804,4.879285938148445
2025-03-22 17:02:39.804,11.85517997999625
2025-03-22 17:02:39.813,5.696481948149625
2025-03-22 17:02:39.814,-10.433822410974017
2025-03-22 17:02:39.814,-19.21675512041609
2025-03-22 17:02:39.814,-8.84512230510903
2025-03-22 17:02:39.814,11.93138546446864
2025-03-22 17:02:39.822,22.510137488390402
2025-03-22 17:02:39.822,12.595637319610951
2025-03-22 17:02:39.822,-7.798485445860755
2025-03-22 17:02:39.822,-19.982289210281863
2025-03-22 17:02:39.831,-14.952071323323858
2025-03-22 17:02:39.832,0.49842322156413965
2025-03-22 17:02:39.832,12.835579831076792
2025-03-22 17:02:39.832,14.097935307306225
2025-03-22 17:02:39.832,6.121643338513027
2025-03-22 17:02:39.840,-3.912258305158867
2025-03-22 17:02:39.840,-9.777310063997398
2025-03-22 17:02:39.840,-9.162806591926637
2025-03-22 17:02:39.840,-3.4375436883760955
2025-03-22 17:02:39.850,3.661189339419006
2025-03-22 17:02:39.850,7.842164933765725
2025-03-22 17:02:39.850,6.730020974923483
2025-03-22 17:02:39.850,1.5980505853918234
2025-03-22 17:02:39.850,-3.6413568756298114
2025-03-22 17:02:39.860,-5.676350009087867
2025-03-22 17:02:39.860,-4.095107907796897
2025-03-22 17:02:39.860,-0.7672648685650489
2025-03-22 17:02:39.860,2.2014067813344367
2025-03-22 17:02:39.861,3.604410132827044
2025-03-22 17:02:39.861,3.150946132774479
2025-03-22 17:02:39.870,1.2796270315245177
2025-03-22 17:02:39.870,-1.1083387520565522
2025-03-22 17:02:39.870,-3.042955542766844
2025-03-22 17:02:39.870,-3.5868267609726887
2025-03-22 17:02:39.880,-1.957721836841007
2025-03-22 17:02:39.880,1.5099676386789442
2025-03-22 17:02:39.880,4.510476017433258
2025-03-22 17:02:39.880,4.187141785753564
2025-03-22 17:02:39.880,0.2826368015282236
2025-03-22 17:02:39.890,-3.878891099980275
2025-03-22 17:02:39.890,-4.603981316721121
2025-03-22 17:02:39.890,-1.7302932079245659
2025-03-22 17:02:39.890,1.6119109940007486
2025-03-22 17:02:39.890,2.866511079592683
2025-03-22 17:02:39.899,2.3758109878037987
2025-03-22 17:02:39.900,1.6086966198954609
2025-03-22 17:02:39.900,0.6044347635241616
2025-03-22 17:02:39.900,-1.4943695245159114
2025-03-22 17:02:39.900,-3.9976764193390255
2025-03-22 17:02:39.910,-4.398973926344905
2025-03-22 17:02:39.910,-1.1781096073951511
2025-03-22 17:02:39.910,3.819604745926767
2025-03-22 17:02:39.910,6.569940082710167
2025-03-22 17:02:39.910,4.530095660960727
2025-03-22 17:02:39.919,-0.9805351584670323
2025-03-22 17:02:39.920,-5.853922714868842
2025-03-22 17:02:39.920,-6.527426833316216
2025-03-22 17:02:39.920,-2.6917615047896186
2025-03-22 17:02:39.920,2.661596047323599
2025-03-22 17:02:39.929,5.689240371402577
2025-03-22 17:02:39.930,4.588220858417042
2025-03-22 17:02:39.930,0.6887909326903813
2025-03-22 17:02:39.930,-2.870924224545437
2025-03-22 17:02:39.930,-3.6278740089782797
2025-03-22 17:02:39.939,-1.5984164923141881
2025-03-22 17:02:39.940,0.8074018514043187
2025-03-22 17:02:39.940,0.9644397887955353
2025-03-22 17:02:39.940,-1.031302259126125
2025-03-22 17:02:39.940,-1.7856875614883634
2025-03-22 17:02:39.948,1.5094562301009384
2025-03-22 17:02:39.948,6.219834066857352
2025-03-22 17:02:39.948,5.703496582518457
2025-03-22 17:02:39.948,-2.240117395048613
2025-03-22 17:02:39.949,-10.317060102992487
2025-03-22 17:02:39.958,-8.955202989554994
2025-03-22 17:02:39.958,1.5665988132226074
2025-03-22 17:02:39.958,10.251848176334516
2025-03-22 17:02:39.958,8.226564093544601
2025-03-22 17:02:39.968,-0.9405799471762776
2025-03-22 17:02:39.968,-6.576504869721114
2025-03-22 17:02:39.968,-4.140959150102012
2025-03-22 17:02:39.968,0.8965766882071979
2025-03-22 17:02:39.968,1.8690104334267583
2025-03-22 17:02:39.978,-0.7693881335362724
2025-03-22 17:02:39.978,-1.8851093599944677
2025-03-22 17:02:39.978,0.45815752832351087
2025-03-22 17:02:39.978,2.9281751468295165
2025-03-22 17:02:39.978,2.2453280173328105
2025-03-22 17:02:39.987,-0.413291498819505
2025-03-22 17:02:39.988,-1.619611336027524
2025-03-22 17:02:39.988,-0.5570631075857173
2025-03-22 17:02:39.988,0.4804084964072945
2025-03-22 17:02:39.988,0.056761667053218126
