timestamp,bandpass_and_notch
2025-03-22 16:12:49.100,-0.22208490166766537
2025-03-22 16:12:49.100,3.3517761224881903
2025-03-22 16:12:49.100,4.016326883198603
2025-03-22 16:12:49.100,-4.653836000432499
2025-03-22 16:12:49.109,-19.3607549852797
2025-03-22 16:12:49.109,-20.03965597842829
2025-03-22 16:12:49.110,6.794455274983464
2025-03-22 16:12:49.110,40.70851034471078
2025-03-22 16:12:49.110,41.78368646207903
2025-03-22 16:12:49.117,-1.363435344338702
2025-03-22 16:12:49.118,-50.653170574556455
2025-03-22 16:12:49.118,-56.510374805242066
2025-03-22 16:12:49.118,-12.017589222373013
2025-03-22 16:12:49.125,40.167457406101846
2025-03-22 16:12:49.126,53.79487372337772
2025-03-22 16:12:49.126,23.653080127531968
2025-03-22 16:12:49.126,-16.95419068599962
2025-03-22 16:12:49.135,-34.49904367241577
2025-03-22 16:12:49.135,-23.85262326293841
2025-03-22 16:12:49.135,-2.8429025957865406
2025-03-22 16:12:49.136,11.112134667764622
2025-03-22 16:12:49.136,14.099369646949272
2025-03-22 16:12:49.143,10.897004841626954
2025-03-22 16:12:49.144,5.44479332493215
2025-03-22 16:12:49.144,-1.3353509738066522
2025-03-22 16:12:49.144,-7.94651008788609
2025-03-22 16:12:49.153,-10.823715711364162
2025-03-22 16:12:49.153,-7.418630707640735
2025-03-22 16:12:49.154,0.44949560331232163
2025-03-22 16:12:49.154,7.371185221852825
2025-03-22 16:12:49.154,8.749235771412074
2025-03-22 16:12:49.154,4.5070126063835
2025-03-22 16:12:49.163,-1.4092528767792891
2025-03-22 16:12:49.163,-4.917485805834484
2025-03-22 16:12:49.164,-4.890030585415873
2025-03-22 16:12:49.164,-2.6650442733498076
2025-03-22 16:12:49.173,0.25663170906075206
2025-03-22 16:12:49.173,2.893945230387978
2025-03-22 16:12:49.174,3.8712817702735367
2025-03-22 16:12:49.174,1.926899852851256
2025-03-22 16:12:49.174,-1.8230350594166314
2025-03-22 16:12:49.183,-3.721288235182253
2025-03-22 16:12:49.183,-1.390815110796923
2025-03-22 16:12:49.184,2.8429437136389746
2025-03-22 16:12:49.184,4.074666346286274
2025-03-22 16:12:49.184,0.543695856500344
2025-03-22 16:12:49.193,-4.1424550452272175
2025-03-22 16:12:49.193,-5.075596613271827
2025-03-22 16:12:49.194,-1.321087389439741
2025-03-22 16:12:49.194,3.6183725169383334
2025-03-22 16:12:49.194,5.760233048753977
2025-03-22 16:12:49.203,3.9045326629050012
2025-03-22 16:12:49.203,-0.5584309230146202
2025-03-22 16:12:49.203,-5.215764156441334
2025-03-22 16:12:49.204,-7.215325772213266
2025-03-22 16:12:49.204,-4.107352775040747
2025-03-22 16:12:49.213,3.392707917773832
2025-03-22 16:12:49.213,9.675851814240977
2025-03-22 16:12:49.213,8.192324311444157
2025-03-22 16:12:49.213,-1.1028571249562602
2025-03-22 16:12:49.214,-9.930216035834498
2025-03-22 16:12:49.223,-9.668573646846282
2025-03-22 16:12:49.223,-0.7767456798565155
2025-03-22 16:12:49.223,7.707152961894198
2025-03-22 16:12:49.224,8.113161762835624
2025-03-22 16:12:49.224,1.6958941072559295
2025-03-22 16:12:49.231,-4.276085028072217
2025-03-22 16:12:49.232,-4.966154248763956
2025-03-22 16:12:49.232,-1.7713555039129618
2025-03-22 16:12:49.232,1.2078661128281023
2025-03-22 16:12:49.232,1.9982797882947754
2025-03-22 16:12:49.242,1.4506360216246599
2025-03-22 16:12:49.242,0.8543837151730631
2025-03-22 16:12:49.242,0.3575856083947353
2025-03-22 16:12:49.242,-0.5348480575909562
2025-03-22 16:12:49.242,-1.790689450397141
2025-03-22 16:12:49.251,-2.4326857325857962
2025-03-22 16:12:49.252,-1.3394326315057028
2025-03-22 16:12:49.252,1.3119335444679932
2025-03-22 16:12:49.252,3.604218763344605
2025-03-22 16:12:49.252,3.459998499064503
2025-03-22 16:12:49.261,0.7336629629186524
2025-03-22 16:12:49.262,-2.6200234596803145
2025-03-22 16:12:49.262,-4.336070879272578
2025-03-22 16:12:49.262,-3.428427905223736
2025-03-22 16:12:49.271,-0.3991444989284316
2025-03-22 16:12:49.271,3.1846042562549166
2025-03-22 16:12:49.272,5.13664786804645
2025-03-22 16:12:49.272,3.680761241820024
2025-03-22 16:12:49.272,-0.8250352199114314
2025-03-22 16:12:49.281,-5.1700330966766765
2025-03-22 16:12:49.281,-5.4586004303141955
2025-03-22 16:12:49.282,-1.0226438331427472
2025-03-22 16:12:49.282,4.1753632763196915
2025-03-22 16:12:49.282,5.176598518376773
2025-03-22 16:12:49.291,1.3038462460692886
2025-03-22 16:12:49.291,-3.065343134254586
2025-03-22 16:12:49.292,-3.4644031781518576
2025-03-22 16:12:49.292,-0.2869709947998
2025-03-22 16:12:49.292,2.1723249496158683
2025-03-22 16:12:49.301,1.260445231781976
2025-03-22 16:12:49.301,-0.964693046469761
2025-03-22 16:12:49.302,-1.0249560959327673
2025-03-22 16:12:49.302,0.9168652021228485
2025-03-22 16:12:49.302,1.4083985762406237
2025-03-22 16:12:49.311,-0.8996647056924049
2025-03-22 16:12:49.311,-2.7578470099436507
2025-03-22 16:12:49.311,-0.829532723316545
2025-03-22 16:12:49.312,3.061803547195258
2025-03-22 16:12:49.312,3.824458824244921
2025-03-22 16:12:49.321,-0.06861305004393861
2025-03-22 16:12:49.321,-4.219627648460351
2025-03-22 16:12:49.322,-3.7578236350890717
2025-03-22 16:12:49.322,0.6245057830444003
2025-03-22 16:12:49.322,3.775129041388658
2025-03-22 16:12:49.330,2.5311240871884
2025-03-22 16:12:49.330,-0.805520403723744
2025-03-22 16:12:49.330,-1.9828999463056372
2025-03-22 16:12:49.330,-0.3625750852332994
2025-03-22 16:12:49.330,0.7578847969724201
2025-03-22 16:12:49.340,-0.7144362428350408
2025-03-22 16:12:49.340,-2.3262200636738584
2025-03-22 16:12:49.340,-0.5435801227302753
2025-03-22 16:12:49.340,3.5842210867200346
2025-03-22 16:12:49.349,4.853364836541715
2025-03-22 16:12:49.350,0.547703515460285
2025-03-22 16:12:49.350,-5.438406841497513
2025-03-22 16:12:49.350,-6.650354744575201
2025-03-22 16:12:49.350,-1.361027318162098
2025-03-22 16:12:49.359,5.5125749190476725
2025-03-22 16:12:49.360,7.52459958708379
2025-03-22 16:12:49.360,2.9072316691949753
2025-03-22 16:12:49.360,-4.09577073085429
2025-03-22 16:12:49.360,-7.333384928858024
2025-03-22 16:12:49.369,-4.236022606528894
2025-03-22 16:12:49.369,2.0965413141190914
2025-03-22 16:12:49.370,5.965887601887398
2025-03-22 16:12:49.370,4.406347081648943
2025-03-22 16:12:49.370,-0.38533418557486127
2025-03-22 16:12:49.379,-3.7572284519846177
2025-03-22 16:12:49.379,-3.2862088787326087
2025-03-22 16:12:49.380,-0.5171129098735692
2025-03-22 16:12:49.380,1.4493086707683214
2025-03-22 16:12:49.380,1.3003813650648797
2025-03-22 16:12:49.389,0.30168976798122055
2025-03-22 16:12:49.389,0.27095371316830025
2025-03-22 16:12:49.390,1.2499687202264909
2025-03-22 16:12:49.390,1.3874572373803151
2025-03-22 16:12:49.390,-0.7751496505177968
2025-03-22 16:12:49.399,-3.9883448705199065
2025-03-22 16:12:49.399,-4.74509980398576
2025-03-22 16:12:49.400,-0.749735742917214
2025-03-22 16:12:49.400,5.79045727267031
2025-03-22 16:12:49.400,8.99347158833906
2025-03-22 16:12:49.409,4.577193642600128
2025-03-22 16:12:49.409,-5.139970612811217
2025-03-22 16:12:49.409,-12.095475284183664
2025-03-22 16:12:49.409,-9.442377978636362
2025-03-22 16:12:49.410,1.6457738565734399
2025-03-22 16:12:49.417,12.181093365390497
2025-03-22 16:12:49.418,13.01329176384977
2025-03-22 16:12:49.418,3.124233161087004
2025-03-22 16:12:49.418,-9.190101358231981
2025-03-22 16:12:49.427,-13.579766959053238
2025-03-22 16:12:49.428,-6.773606292421181
2025-03-22 16:12:49.428,4.824096782319569
2025-03-22 16:12:49.428,11.27221303902751
2025-03-22 16:12:49.428,7.914133678756762
2025-03-22 16:12:49.437,-1.234108626169696
2025-03-22 16:12:49.437,-7.891859466257038
2025-03-22 16:12:49.438,-6.948319044421969
2025-03-22 16:12:49.438,-0.33712358085580474
2025-03-22 16:12:49.438,5.398458080139765
2025-03-22 16:12:49.447,5.267455393107998
2025-03-22 16:12:49.447,0.20706515635349748
2025-03-22 16:12:49.448,-4.292772994756986
2025-03-22 16:12:49.448,-3.913379502253273
2025-03-22 16:12:49.448,0.31556590433572396
2025-03-22 16:12:49.457,3.681452169441623
2025-03-22 16:12:49.457,3.084472464489377
2025-03-22 16:12:49.457,-0.13616427782505003
2025-03-22 16:12:49.457,-2.5385370032974444
2025-03-22 16:12:49.458,-2.5109052686023916
2025-03-22 16:12:49.467,-1.037175597089326
2025-03-22 16:12:49.467,0.5730712809941418
2025-03-22 16:12:49.468,2.000042895403129
2025-03-22 16:12:49.468,2.7614939189532537
2025-03-22 16:12:49.468,1.5821632453455736
2025-03-22 16:12:49.477,-1.6432278081622733
2025-03-22 16:12:49.477,-4.221327394901496
2025-03-22 16:12:49.477,-2.952727220980961
2025-03-22 16:12:49.478,1.6546366490230566
2025-03-22 16:12:49.478,4.93709219402134
2025-03-22 16:12:49.486,2.990699199833027
2025-03-22 16:12:49.486,-2.381625949721216
2025-03-22 16:12:49.486,-5.003951471025899
2025-03-22 16:12:49.486,-1.4151322708672578
2025-03-22 16:12:49.486,4.289995199106866
2025-03-22 16:12:49.496,4.651109464085293
2025-03-22 16:12:49.496,-1.73841173981928
2025-03-22 16:12:49.496,-7.33202853128758
2025-03-22 16:12:49.496,-4.345044659909758
2025-03-22 16:12:49.505,4.964602973678795
2025-03-22 16:12:49.505,10.09027459067661
2025-03-22 16:12:49.506,4.841468152519215
2025-03-22 16:12:49.506,-5.193177945203919
2025-03-22 16:12:49.506,-9.810791836781783
2025-03-22 16:12:49.516,-6.104328250495182
2025-03-22 16:12:49.516,0.3186623979254206
2025-03-22 16:12:49.516,4.40357048404683
2025-03-22 16:12:49.516,6.6903639669193025
2025-03-22 16:12:49.516,8.069298827372904
2025-03-22 16:12:49.525,4.942909093089166
2025-03-22 16:12:49.525,-5.174528034971055
2025-03-22 16:12:49.526,-15.434726527490419
2025-03-22 16:12:49.526,-13.851900065100258
2025-03-22 16:12:49.526,1.8285196976322577
2025-03-22 16:12:49.533,17.95136741611072
2025-03-22 16:12:49.534,18.185849470273034
2025-03-22 16:12:49.534,1.7614316825831604
2025-03-22 16:12:49.534,-15.239728823902405
2025-03-22 16:12:49.543,-17.077767742590105
2025-03-22 16:12:49.543,-4.04957797754898
2025-03-22 16:12:49.544,9.85235739895893
2025-03-22 16:12:49.544,12.455685733438486
2025-03-22 16:12:49.544,4.3520802404301
2025-03-22 16:12:49.553,-4.6334535938776575
2025-03-22 16:12:49.553,-6.870244072023993
2025-03-22 16:12:49.554,-3.157266468967845
2025-03-22 16:12:49.554,0.997572868050874
2025-03-22 16:12:49.554,2.29811579467028
2025-03-22 16:12:49.563,1.6010998532074145
2025-03-22 16:12:49.563,0.7968779063034357
2025-03-22 16:12:49.564,0.26582413202570465
2025-03-22 16:12:49.564,-0.4169951211632047
2025-03-22 16:12:49.564,-1.042708500376138
2025-03-22 16:12:49.573,-1.0080268327254573
2025-03-22 16:12:49.573,-0.2962633768685334
2025-03-22 16:12:49.574,0.4991423622857058
2025-03-22 16:12:49.574,0.868085826056734
2025-03-22 16:12:49.574,0.6792413231189278
2025-03-22 16:12:49.583,0.002034748365436847
2025-03-22 16:12:49.583,-0.8659714992582876
2025-03-22 16:12:49.583,-1.156676101278981
2025-03-22 16:12:49.584,-0.06255569423724161
2025-03-22 16:12:49.584,1.919763878648548
2025-03-22 16:12:49.592,2.4821171367115746
2025-03-22 16:12:49.592,-0.2503887186538959
2025-03-22 16:12:49.592,-4.445460947646421
2025-03-22 16:12:49.592,-5.106756199907747
2025-03-22 16:12:49.592,0.30032945917039655
2025-03-22 16:12:49.602,7.367572044584718
2025-03-22 16:12:49.602,8.269725276008113
2025-03-22 16:12:49.602,0.7080029714677851
2025-03-22 16:12:49.602,-8.344240409032935
2025-03-22 16:12:49.602,-9.670226268041485
2025-03-22 16:12:49.612,-2.116449228884608
2025-03-22 16:12:49.612,6.082619439502959
2025-03-22 16:12:49.612,6.895566705484516
2025-03-22 16:12:49.612,1.54267453315668
2025-03-22 16:12:49.612,-2.1044453059374537
2025-03-22 16:12:49.621,-0.23756383187737834
2025-03-22 16:12:49.622,2.2614524967593264
2025-03-22 16:12:49.622,-0.5459816565749199
2025-03-22 16:12:49.622,-6.417151419921199
2025-03-22 16:12:49.631,-7.198392074555866
2025-03-22 16:12:49.631,0.17507954874113058
2025-03-22 16:12:49.632,8.846220122757185
2025-03-22 16:12:49.632,9.815235957394618
2025-03-22 16:12:49.632,2.1806491087270943
2025-03-22 16:12:49.641,-6.472754384989047
2025-03-22 16:12:49.642,-8.671669675272554
2025-03-22 16:12:49.642,-3.9668559566683355
2025-03-22 16:12:49.642,2.3038011070339444
2025-03-22 16:12:49.642,5.061235299111887
2025-03-22 16:12:49.651,3.5239073644697605
2025-03-22 16:12:49.652,0.4204076397172448
2025-03-22 16:12:49.652,-1.4075221959523203
2025-03-22 16:12:49.652,-1.353665973573504
2025-03-22 16:12:49.652,-0.6784132636284039
2025-03-22 16:12:49.661,-0.5494718237340448
2025-03-22 16:12:49.662,-0.7940866775080646
2025-03-22 16:12:49.662,-0.4927941815894353
2025-03-22 16:12:49.662,0.6010654366570621
2025-03-22 16:12:49.662,1.622891281033124
2025-03-22 16:12:49.671,1.5484037665549744
2025-03-22 16:12:49.671,0.27666925809452525
2025-03-22 16:12:49.672,-1.2315140829838445
2025-03-22 16:12:49.672,-1.6621206856948298
2025-03-22 16:12:49.672,-0.4947521608856128
2025-03-22 16:12:49.681,1.0501381066788609
2025-03-22 16:12:49.681,0.8058259231698914
2025-03-22 16:12:49.682,-1.446439423276461
2025-03-22 16:12:49.682,-2.517004702045784
2025-03-22 16:12:49.682,0.5734962482965419
2025-03-22 16:12:49.691,5.382100234581311
2025-03-22 16:12:49.691,5.393039120462022
2025-03-22 16:12:49.692,-1.6245658531620568
2025-03-22 16:12:49.692,-8.980298450367439
2025-03-22 16:12:49.692,-7.927552402556758
2025-03-22 16:12:49.701,1.5186526842618118
2025-03-22 16:12:49.701,9.781353445939219
2025-03-22 16:12:49.701,8.517948771801127
2025-03-22 16:12:49.702,-0.19301920573388642
2025-03-22 16:12:49.702,-7.105889995020624
2025-03-22 16:12:49.711,-6.575009764197713
2025-03-22 16:12:49.711,-1.4894776223672914
2025-03-22 16:12:49.711,2.187480464671268
2025-03-22 16:12:49.712,2.650570132949276
2025-03-22 16:12:49.712,2.259499310211028
2025-03-22 16:12:49.720,2.4189651139611423
2025-03-22 16:12:49.720,1.5987990027887542
2025-03-22 16:12:49.720,-1.3750552142688315
2025-03-22 16:12:49.720,-4.476557511697247
2025-03-22 16:12:49.720,-4.3860455163609995
2025-03-22 16:12:49.730,-0.5082451889037408
2025-03-22 16:12:49.730,3.96109980420113
2025-03-22 16:12:49.730,5.057954197984934
2025-03-22 16:12:49.730,1.8833821461177807
2025-03-22 16:12:49.730,-2.5471225505640818
2025-03-22 16:12:49.740,-4.221754643246876
2025-03-22 16:12:49.740,-1.9768988305136432
2025-03-22 16:12:49.740,1.560159112774333
2025-03-22 16:12:49.740,2.868487296999335
2025-03-22 16:12:49.740,1.1469895368295253
2025-03-22 16:12:49.749,-1.222975613043426
2025-03-22 16:12:49.750,-1.6295825698380646
2025-03-22 16:12:49.750,-0.056408773471039814
2025-03-22 16:12:49.750,1.3005229362796724
2025-03-22 16:12:49.759,0.7905299751127325
2025-03-22 16:12:49.760,-0.8920576452667361
2025-03-22 16:12:49.760,-1.6771299926523342
2025-03-22 16:12:49.760,-0.4973217204463698
2025-03-22 16:12:49.760,1.528149158051936
2025-03-22 16:12:49.769,2.2428898948690374
2025-03-22 16:12:49.769,0.706492286370134
2025-03-22 16:12:49.770,-1.7372010696564808
2025-03-22 16:12:49.770,-2.693643171862103
2025-03-22 16:12:49.770,-1.094376156838388
2025-03-22 16:12:49.779,1.6144478136921339
2025-03-22 16:12:49.779,2.7563373617311044
2025-03-22 16:12:49.780,1.1094319780472985
2025-03-22 16:12:49.780,-1.6633324410152424
2025-03-22 16:12:49.780,-2.561873358348607
2025-03-22 16:12:49.789,-0.4540654746808402
2025-03-22 16:12:49.789,2.462321097671003
2025-03-22 16:12:49.790,2.7686560817925816
2025-03-22 16:12:49.790,-0.4639025066087006
2025-03-22 16:12:49.790,-4.194332423498998
2025-03-22 16:12:49.799,-4.035845741383646
2025-03-22 16:12:49.799,1.0259571112814303
2025-03-22 16:12:49.800,6.474638908759342
2025-03-22 16:12:49.800,6.007945965343539
2025-03-22 16:12:49.800,-1.3110181218366317
2025-03-22 16:12:49.809,-8.431748008757959
2025-03-22 16:12:49.809,-7.114273268096456
2025-03-22 16:12:49.809,2.147706481119046
2025-03-22 16:12:49.810,9.357246452318808
2025-03-22 16:12:49.810,6.086520370404213
2025-03-22 16:12:49.819,-4.150808176475023
2025-03-22 16:12:49.819,-9.452601512702998
2025-03-22 16:12:49.820,-3.5459874189418423
2025-03-22 16:12:49.820,6.643099255131073
2025-03-22 16:12:49.820,9.248802764870687
2025-03-22 16:12:49.828,1.4273107505968694
2025-03-22 16:12:49.828,-7.837890493257613
2025-03-22 16:12:49.828,-8.65677559069527
2025-03-22 16:12:49.828,-1.0112737225294435
2025-03-22 16:12:49.828,6.632083497955182
2025-03-22 16:12:49.838,7.299519896725273
2025-03-22 16:12:49.838,1.8804437047785223
2025-03-22 16:12:49.838,-3.6360250028090273
2025-03-22 16:12:49.838,-4.930920612824893
2025-03-22 16:12:49.849,-2.6030568314169815
2025-03-22 16:12:49.849,0.13149968482237923
2025-03-22 16:12:49.849,1.4666266429439476
2025-03-22 16:12:49.850,2.085587869193046
2025-03-22 16:12:49.850,2.7747487484925006
2025-03-22 16:12:49.850,2.4548199130675985
2025-03-22 16:12:49.857,-0.2659161901247622
2025-03-22 16:12:49.858,-4.112801010293215
2025-03-22 16:12:49.858,-5.38154438411773
2025-03-22 16:12:49.858,-1.9802325302849078
2025-03-22 16:12:49.867,3.5517597044011158
2025-03-22 16:12:49.868,6.176075644909356
2025-03-22 16:12:49.868,3.5306669242014777
2025-03-22 16:12:49.868,-1.7475920857655052
2025-03-22 16:12:49.868,-4.984164161020371
2025-03-22 16:12:49.877,-4.0071742410199
2025-03-22 16:12:49.878,-0.40686062204230955
2025-03-22 16:12:49.878,2.828243237245063
2025-03-22 16:12:49.878,3.8549505188227116
2025-03-22 16:12:49.878,2.4675194045646873
2025-03-22 16:12:49.887,-0.4902485549380492
2025-03-22 16:12:49.887,-3.380417071890353
2025-03-22 16:12:49.888,-4.162967237953847
2025-03-22 16:12:49.888,-1.7848403059607854
2025-03-22 16:12:49.888,2.3933463776114734
2025-03-22 16:12:49.897,5.0763590869451285
2025-03-22 16:12:49.897,3.7068234295742717
2025-03-22 16:12:49.898,-0.9187583424601895
2025-03-22 16:12:49.898,-4.910104708946349
2025-03-22 16:12:49.898,-4.743887798599457
2025-03-22 16:12:49.907,-0.6765640754567332
2025-03-22 16:12:49.907,3.619639159914278
2025-03-22 16:12:49.907,4.78338519427066
2025-03-22 16:12:49.908,2.502392240086394
2025-03-22 16:12:49.908,-1.2852630413624742
2025-03-22 16:12:49.917,-4.413612450135199
2025-03-22 16:12:49.917,-5.00897686628776
2025-03-22 16:12:49.918,-1.7886123494801114
2025-03-22 16:12:49.918,3.99347324029078
2025-03-22 16:12:49.918,7.624609439433889
2025-03-22 16:12:49.926,4.747997373168072
2025-03-22 16:12:49.926,-3.0324321118471254
2025-03-22 16:12:49.926,-8.468668243561584
2025-03-22 16:12:49.926,-6.218453992169056
2025-03-22 16:12:49.926,1.1427653383405634
2025-03-22 16:12:49.936,6.293451918915158
2025-03-22 16:12:49.936,5.370591890467302
2025-03-22 16:12:49.936,0.9882019066825369
2025-03-22 16:12:49.936,-2.3501539982870923
2025-03-22 16:12:49.936,-3.1148942964983055
2025-03-22 16:12:49.945,-2.293746031723527
2025-03-22 16:12:49.946,-0.640406277132656
2025-03-22 16:12:49.946,1.4471597359762582
2025-03-22 16:12:49.946,2.5403846745401135
2025-03-22 16:12:49.946,1.2192457892640358
2025-03-22 16:12:49.956,-1.396012502193501
2025-03-22 16:12:49.956,-2.2263321459403183
2025-03-22 16:12:49.956,-0.168111944677623
2025-03-22 16:12:49.956,2.1201272398928137
2025-03-22 16:12:49.965,1.6395280749224557
2025-03-22 16:12:49.966,-0.8621970236630009
2025-03-22 16:12:49.966,-2.0013976555804196
2025-03-22 16:12:49.966,-0.5521437662896791
2025-03-22 16:12:49.966,0.9833615981614541
2025-03-22 16:12:49.975,0.2895611850975395
2025-03-22 16:12:49.976,-1.1618012686476527
2025-03-22 16:12:49.976,-0.32679902043182685
2025-03-22 16:12:49.976,2.386835035943486
2025-03-22 16:12:49.976,2.8887135558523136
2025-03-22 16:12:49.985,-0.8472593126955944
2025-03-22 16:12:49.986,-4.88122016935924
2025-03-22 16:12:49.986,-3.613631614009279
2025-03-22 16:12:49.986,2.5097610690282544
2025-03-22 16:12:49.986,6.456913832606937
2025-03-22 16:12:49.995,3.0252849191925635
2025-03-22 16:12:49.995,-4.267192707201941
2025-03-22 16:12:49.996,-7.009631512562273
2025-03-22 16:12:49.996,-1.9117114826301458
2025-03-22 16:12:49.996,5.3545329136445
2025-03-22 16:12:50.005,6.816509461238217
2025-03-22 16:12:50.005,1.0928836805295847
2025-03-22 16:12:50.006,-5.445461595460615
2025-03-22 16:12:50.006,-5.861296029733951
2025-03-22 16:12:50.006,-0.12633996189251517
2025-03-22 16:12:50.014,4.986797349801095
2025-03-22 16:12:50.014,3.598278648436731
2025-03-22 16:12:50.014,-2.2841696373489855
2025-03-22 16:12:50.014,-4.880047861976867
2025-03-22 16:12:50.014,-0.21209707404469286
2025-03-22 16:12:50.023,6.285127181428719
2025-03-22 16:12:50.024,5.855056274539089
2025-03-22 16:12:50.024,-2.5353855075035
2025-03-22 16:12:50.024,-9.971094929419118
2025-03-22 16:12:50.033,-7.577460802840452
2025-03-22 16:12:50.033,2.9910466390056873
2025-03-22 16:12:50.034,11.055312840790535
2025-03-22 16:12:50.034,8.582406026959607
2025-03-22 16:12:50.034,-1.476433367663583
2025-03-22 16:12:50.043,-9.088437030925219
2025-03-22 16:12:50.043,-7.85403268286951
2025-03-22 16:12:50.044,-0.43431537779265095
2025-03-22 16:12:50.044,5.760962986305257
2025-03-22 16:12:50.044,6.105975775842719
2025-03-22 16:12:50.053,1.68080059804279
2025-03-22 16:12:50.053,-3.1784670173662137
2025-03-22 16:12:50.054,-4.679676727690764
2025-03-22 16:12:50.054,-2.038309148556899
2025-03-22 16:12:50.054,2.051648143025499
2025-03-22 16:12:50.063,3.6192715870273098
2025-03-22 16:12:50.063,1.3964976517591348
2025-03-22 16:12:50.064,-1.615593085982774
2025-03-22 16:12:50.064,-1.8077167504617067
2025-03-22 16:12:50.064,0.29065953097738634
2025-03-22 16:12:50.073,0.9218748801007658
2025-03-22 16:12:50.073,-1.1664919514709522
2025-03-22 16:12:50.073,-2.5103014974007167
2025-03-22 16:12:50.074,0.053445026937282425
2025-03-22 16:12:50.074,4.177356860754677
2025-03-22 16:12:50.083,4.408590621484227
2025-03-22 16:12:50.083,-0.6122409576722312
2025-03-22 16:12:50.084,-5.756467859879012
2025-03-22 16:12:50.084,-5.197674451230834
2025-03-22 16:12:50.084,0.646368682962752
2025-03-22 16:12:50.092,5.44800310677871
2025-03-22 16:12:50.092,4.239647231057961
2025-03-22 16:12:50.092,-0.9860476220653457
2025-03-22 16:12:50.092,-3.972578235916336
2025-03-22 16:12:50.092,-1.771218549754048
2025-03-22 16:12:50.102,2.131616583124953
2025-03-22 16:12:50.102,2.6376073851427435
2025-03-22 16:12:50.102,-0.6760898361135481
2025-03-22 16:12:50.102,-3.5047716142408474
2025-03-22 16:12:50.111,-2.3309099550501053
2025-03-22 16:12:50.112,1.6041100137355622
2025-03-22 16:12:50.112,4.098650117267495
2025-03-22 16:12:50.112,2.719115155191625
2025-03-22 16:12:50.112,-0.9406585962670858
2025-03-22 16:12:50.121,-3.34789711663651
2025-03-22 16:12:50.122,-2.7014682168963735
2025-03-22 16:12:50.122,-0.2873614751915274
2025-03-22 16:12:50.122,1.4889528459446002
2025-03-22 16:12:50.122,1.7167607404381642
2025-03-22 16:12:50.131,1.1883623696597103
2025-03-22 16:12:50.131,0.5836223696334215
2025-03-22 16:12:50.132,-0.3440301210407343
2025-03-22 16:12:50.132,-1.5452071974042816
2025-03-22 16:12:50.132,-1.8873577458208464
2025-03-22 16:12:50.141,-0.5711239153890847
2025-03-22 16:12:50.142,1.3438835067469266
2025-03-22 16:12:50.142,1.9614883282950917
2025-03-22 16:12:50.142,0.8841076733545741
2025-03-22 16:12:50.142,-0.48116713411696477
2025-03-22 16:12:50.151,-0.9307242794793693
2025-03-22 16:12:50.151,-0.7560575442603414
2025-03-22 16:12:50.152,-0.7241878502461768
2025-03-22 16:12:50.152,-0.6850164463793965
2025-03-22 16:12:50.152,0.05915739807756641
2025-03-22 16:12:50.161,1.3761296898536475
2025-03-22 16:12:50.161,2.060682413181083
2025-03-22 16:12:50.162,1.1380354986287438
2025-03-22 16:12:50.162,-0.904979678332108
2025-03-22 16:12:50.162,-2.4179905192172546
2025-03-22 16:12:50.171,-2.1236570000743504
2025-03-22 16:12:50.171,-0.30622718363442364
2025-03-22 16:12:50.172,1.551988963889909
2025-03-22 16:12:50.172,2.211030817267006
2025-03-22 16:12:50.172,1.5384287433668213
2025-03-22 16:12:50.181,0.046275655129800114
2025-03-22 16:12:50.181,-1.7170688295613785
2025-03-22 16:12:50.182,-2.7741499132327623
2025-03-22 16:12:50.182,-1.569011325689277
2025-03-22 16:12:50.182,2.0952704407313067
2025-03-22 16:12:50.190,4.924941948964959
2025-03-22 16:12:50.190,2.444585115608735
2025-03-22 16:12:50.190,-4.674842762571259
2025-03-22 16:12:50.190,-8.657350185282297
2025-03-22 16:12:50.190,-2.7647408459376672
2025-03-22 16:12:50.200,8.69052349456728
2025-03-22 16:12:50.200,12.82397724597305
2025-03-22 16:12:50.200,3.099226803888448
2025-03-22 16:12:50.200,-11.28432025148675
2025-03-22 16:12:50.209,-14.808148589276303
2025-03-22 16:12:50.209,-3.499170193956818
2025-03-22 16:12:50.210,10.493289177115187
2025-03-22 16:12:50.210,12.960457712991069
2025-03-22 16:12:50.210,3.0709410937182953
2025-03-22 16:12:50.219,-7.407557618129628
2025-03-22 16:12:50.219,-8.29468736126598
2025-03-22 16:12:50.220,-1.1653116803080437
2025-03-22 16:12:50.220,4.715402704183737
2025-03-22 16:12:50.220,3.621764688499818
2025-03-22 16:12:50.228,-1.5246261184515877
2025-03-22 16:12:50.228,-4.0818431991119475
2025-03-22 16:12:50.228,-1.301705330848654
2025-03-22 16:12:50.228,3.5282611509780777
2025-03-22 16:12:50.228,5.1642874821629405
2025-03-22 16:12:50.237,1.6632939146809957
2025-03-22 16:12:50.238,-3.9156704339595976
2025-03-22 16:12:50.238,-6.376172286174604
2025-03-22 16:12:50.238,-3.21370004129188
2025-03-22 16:12:50.247,2.879309948546186
2025-03-22 16:12:50.248,6.4045414441927395
2025-03-22 16:12:50.248,4.281665544892663
2025-03-22 16:12:50.248,-1.2878656323397148
2025-03-22 16:12:50.248,-5.1711497709800085
2025-03-22 16:12:50.257,-4.261282593147223
2025-03-22 16:12:50.258,-0.03712997075554636
2025-03-22 16:12:50.258,3.385352504160831
2025-03-22 16:12:50.258,3.334332840721883
2025-03-22 16:12:50.258,0.7521581980981155
2025-03-22 16:12:50.267,-1.4387958580018616
2025-03-22 16:12:50.267,-1.7452815943212745
2025-03-22 16:12:50.268,-1.2139644201518218
2025-03-22 16:12:50.268,-0.9503306189507222
2025-03-22 16:12:50.268,0.021677285477449973
2025-03-22 16:12:50.277,2.5619035609230014
2025-03-22 16:12:50.277,4.016143903123786
2025-03-22 16:12:50.278,0.5719511150877379
2025-03-22 16:12:50.278,-5.901307908042363
2025-03-22 16:12:50.278,-7.297316975028629
2025-03-22 16:12:50.286,0.7486216459182731
2025-03-22 16:12:50.286,10.64526185674414
2025-03-22 16:12:50.286,9.917786522496915
2025-03-22 16:12:50.286,-2.9037735953984547
2025-03-22 16:12:50.286,-14.32535360644523
2025-03-22 16:12:50.295,-10.979961102089863
2025-03-22 16:12:50.296,4.123446097357066
2025-03-22 16:12:50.296,14.677861247311903
2025-03-22 16:12:50.296,9.904485764542125
2025-03-22 16:12:50.305,-3.811477911030938
2025-03-22 16:12:50.306,-11.564051624490968
2025-03-22 16:12:50.306,-6.943972052526182
2025-03-22 16:12:50.306,2.7176987416648792
2025-03-22 16:12:50.306,6.7435618768552885
2025-03-22 16:12:50.315,2.9682412429129896
2025-03-22 16:12:50.315,-2.0241124085341693
2025-03-22 16:12:50.316,-2.1901313112046763
2025-03-22 16:12:50.316,1.1477136709829885
2025-03-22 16:12:50.316,2.2054215322955786
2025-03-22 16:12:50.325,-1.1887314206535589
2025-03-22 16:12:50.325,-4.548620238512727
2025-03-22 16:12:50.326,-2.581271825811847
2025-03-22 16:12:50.326,3.3982436762134296
2025-03-22 16:12:50.326,6.378301050017932
2025-03-22 16:12:50.335,2.361982538338137
2025-03-22 16:12:50.335,-4.308534410939848
2025-03-22 16:12:50.336,-6.223430443045677
2025-03-22 16:12:50.336,-1.8831595988610954
2025-03-22 16:12:50.336,3.288050560926311
2025-03-22 16:12:50.344,4.343077459375934
2025-03-22 16:12:50.344,2.0424232771130932
2025-03-22 16:12:50.344,-0.19468873355160898
2025-03-22 16:12:50.344,-1.4577378684223967
2025-03-22 16:12:50.344,-2.796911794871636
2025-03-22 16:12:50.354,-3.3956073360017225
2025-03-22 16:12:50.354,-1.121655885368167
2025-03-22 16:12:50.354,3.011778358653478
2025-03-22 16:12:50.354,4.610755645402023
2025-03-22 16:12:50.354,1.7240213991593532
2025-03-22 16:12:50.364,-1.942964796005141
2025-03-22 16:12:50.364,-2.022126895790621
2025-03-22 16:12:50.364,0.38024198279512117
2025-03-22 16:12:50.364,0.6178237054350435
2025-03-22 16:12:50.373,-2.3440601438608586
2025-03-22 16:12:50.374,-4.115462642599236
2025-03-22 16:12:50.374,-0.9722215726338338
2025-03-22 16:12:50.374,4.762898012822378
2025-03-22 16:12:50.374,7.157002434144486
2025-03-22 16:12:50.383,3.3951659195685298
2025-03-22 16:12:50.383,-3.3988461690990848
2025-03-22 16:12:50.384,-7.580654228479497
2025-03-22 16:12:50.384,-6.0250043946706535
2025-03-22 16:12:50.384,-0.1592008208667931
2025-03-22 16:12:50.393,5.519249312238447
2025-03-22 16:12:50.394,6.749412461486487
2025-03-22 16:12:50.394,2.7835962722147105
2025-03-22 16:12:50.394,-2.767954243672126
2025-03-22 16:12:50.394,-5.116243129810499
2025-03-22 16:12:50.403,-2.97818513389452
2025-03-22 16:12:50.404,0.5267723641314884
2025-03-22 16:12:50.404,2.0151633575173573
2025-03-22 16:12:50.404,1.619391440735925
2025-03-22 16:12:50.404,1.4746369059483286
2025-03-22 16:12:50.413,1.6524146170416303
2025-03-22 16:12:50.414,0.03576499887385341
2025-03-22 16:12:50.414,-3.487969545099794
2025-03-22 16:12:50.414,-5.183615545182897
2025-03-22 16:12:50.414,-1.7390398003480183
2025-03-22 16:12:50.423,4.636793290631864
2025-03-22 16:12:50.423,7.598426059377367
2025-03-22 16:12:50.424,3.587867110351329
2025-03-22 16:12:50.424,-3.9446119841309875
2025-03-22 16:12:50.424,-8.009446161792912
2025-03-22 16:12:50.433,-5.114498773641731
2025-03-22 16:12:50.434,1.7522712834748995
2025-03-22 16:12:50.434,6.549908263530317
2025-03-22 16:12:50.434,5.711136765562525
2025-03-22 16:12:50.434,0.5703751861175285
2025-03-22 16:12:50.443,-4.4495376529285995
2025-03-22 16:12:50.443,-5.486434005449661
2025-03-22 16:12:50.444,-1.9768448668427714
2025-03-22 16:12:50.444,2.989311433594725
2025-03-22 16:12:50.444,5.018878063453528
2025-03-22 16:12:50.453,2.2429463417429503
2025-03-22 16:12:50.454,-2.586194978260432
2025-03-22 16:12:50.454,-4.514730844426599
2025-03-22 16:12:50.454,-1.6028543983824561
2025-03-22 16:12:50.454,2.814018986860775
2025-03-22 16:12:50.463,3.857896785981348
2025-03-22 16:12:50.463,0.6201989576176319
2025-03-22 16:12:50.464,-3.0699640896646634
2025-03-22 16:12:50.464,-3.203930230161198
2025-03-22 16:12:50.464,0.12782886694372705
2025-03-22 16:12:50.473,3.2174378600605618
2025-03-22 16:12:50.473,2.790322246343076
2025-03-22 16:12:50.474,-0.692856920380279
2025-03-22 16:12:50.474,-3.486143828439806
2025-03-22 16:12:50.474,-2.4150020177166294
2025-03-22 16:12:50.483,1.4728700988229795
2025-03-22 16:12:50.483,3.723944577283203
2025-03-22 16:12:50.484,1.632951462274134
2025-03-22 16:12:50.484,-2.248219876232707
2025-03-22 16:12:50.484,-3.1742040143349417
2025-03-22 16:12:50.492,-0.28835471853850403
2025-03-22 16:12:50.492,2.3721906007090237
2025-03-22 16:12:50.492,1.359211565911197
2025-03-22 16:12:50.492,-1.6347028424613166
2025-03-22 16:12:50.492,-2.1041631329469404
2025-03-22 16:12:50.502,1.2843491894531667
2025-03-22 16:12:50.502,4.573399730010442
2025-03-22 16:12:50.502,2.8229382644383163
2025-03-22 16:12:50.502,-3.7881001098052467
2025-03-22 16:12:50.502,-8.782996962530788
2025-03-22 16:12:50.512,-5.4440879789980965
2025-03-22 16:12:50.512,5.1177217307819785
2025-03-22 16:12:50.512,13.001259147360447
2025-03-22 16:12:50.512,8.933400468416869
2025-03-22 16:12:50.521,-4.759977917883068
2025-03-22 16:12:50.521,-14.831481618028292
2025-03-22 16:12:50.522,-10.791722386017453
2025-03-22 16:12:50.522,3.2496272294960344
2025-03-22 16:12:50.522,12.929810455321984
2025-03-22 16:12:50.531,9.502492265017773
2025-03-22 16:12:50.531,-1.5378868259348326
2025-03-22 16:12:50.531,-8.383324846485896
2025-03-22 16:12:50.532,-6.191281732480532
2025-03-22 16:12:50.532,0.07022001618459495
2025-03-22 16:12:50.541,3.6975452001842783
2025-03-22 16:12:50.541,3.1528269317234345
2025-03-22 16:12:50.541,0.9622587082894936
2025-03-22 16:12:50.542,-0.62744528178877
2025-03-22 16:12:50.542,-1.1520821708310538
2025-03-22 16:12:50.549,-1.0199032337476706
2025-03-22 16:12:50.550,-0.8427041765818989
2025-03-22 16:12:50.550,-0.8859803860907521
2025-03-22 16:12:50.550,-0.3679887988069156
2025-03-22 16:12:50.559,1.5973573308401223
2025-03-22 16:12:50.560,3.679399164067243
2025-03-22 16:12:50.560,2.6989738720698777
2025-03-22 16:12:50.560,-2.034972258871684
2025-03-22 16:12:50.560,-6.16878006155271
2025-03-22 16:12:50.569,-4.620341142128047
2025-03-22 16:12:50.570,1.8037170791753612
2025-03-22 16:12:50.570,6.61243430454176
2025-03-22 16:12:50.570,5.101446879643829
2025-03-22 16:12:50.570,-0.4822318603301805
2025-03-22 16:12:50.579,-4.399600041789925
2025-03-22 16:12:50.580,-4.142026388592132
2025-03-22 16:12:50.580,-1.7131374226670992
2025-03-22 16:12:50.580,0.5509959651389734
2025-03-22 16:12:50.580,2.4930591436536087
2025-03-22 16:12:50.589,3.993602773322266
2025-03-22 16:12:50.590,3.11632915982552
2025-03-22 16:12:50.590,-1.1985378974903915
2025-03-22 16:12:50.590,-5.697879250671692
2025-03-22 16:12:50.590,-5.14544680485675
2025-03-22 16:12:50.599,0.9908933441269503
2025-03-22 16:12:50.600,6.4795843499660375
2025-03-22 16:12:50.600,5.071155933745681
2025-03-22 16:12:50.600,-1.7157324958645734
2025-03-22 16:12:50.600,-6.026225002941
2025-03-22 16:12:50.609,-3.136063450396992
2025-03-22 16:12:50.609,2.8228795748848396
2025-03-22 16:12:50.610,4.22897256572052
2025-03-22 16:12:50.610,-0.2659618398080304
2025-03-22 16:12:50.610,-4.079918869029272
2025-03-22 16:12:50.619,-1.5241710234552237
2025-03-22 16:12:50.619,4.2487579190096465
2025-03-22 16:12:50.620,5.039308824873395
2025-03-22 16:12:50.620,-1.2543945743253988
2025-03-22 16:12:50.620,-7.047667848876244
2025-03-22 16:12:50.629,-4.620110984866675
2025-03-22 16:12:50.629,3.4675930308054963
2025-03-22 16:12:50.630,7.280124275168221
2025-03-22 16:12:50.630,2.267852739581843
2025-03-22 16:12:50.630,-4.978158506069718
2025-03-22 16:12:50.639,-5.441788405144784
2025-03-22 16:12:50.639,0.899244077290605
2025-03-22 16:12:50.640,5.696703346792641
2025-03-22 16:12:50.640,3.2391109907796234
2025-03-22 16:12:50.640,-2.861121365033675
2025-03-22 16:12:50.649,-5.141840390696132
2025-03-22 16:12:50.649,-1.7035219943560764
2025-03-22 16:12:50.650,2.5265998980325723
2025-03-22 16:12:50.650,2.952890065247148
2025-03-22 16:12:50.650,0.6147125339762302
2025-03-22 16:12:50.658,-0.6260943631569348
2025-03-22 16:12:50.658,0.17650598618098395
2025-03-22 16:12:50.658,0.5132483021617071
2025-03-22 16:12:50.658,-1.0901788557624064
2025-03-22 16:12:50.658,-2.622226809760903
2025-03-22 16:12:50.668,-1.5469222932563225
2025-03-22 16:12:50.668,1.4313778958143553
2025-03-22 16:12:50.668,3.173408077218492
2025-03-22 16:12:50.668,2.0644201090740233
2025-03-22 16:12:50.668,-0.4164730272366561
2025-03-22 16:12:50.677,-2.048090452790725
2025-03-22 16:12:50.678,-2.189439552927986
2025-03-22 16:12:50.678,-1.253797462780774
2025-03-22 16:12:50.678,0.5085375871515352
2025-03-22 16:12:50.688,2.41395127645679
2025-03-22 16:12:50.688,2.7081029371849747
2025-03-22 16:12:50.688,0.3822870353816121
2025-03-22 16:12:50.688,-2.7011257644924656
2025-03-22 16:12:50.688,-3.279585430732285
2025-03-22 16:12:50.697,-0.5832570342897019
2025-03-22 16:12:50.698,2.5792533002616693
2025-03-22 16:12:50.698,3.0737346661990688
2025-03-22 16:12:50.698,0.750357417992108
2025-03-22 16:12:50.698,-1.939010987141711
2025-03-22 16:12:50.707,-2.722795953157918
2025-03-22 16:12:50.708,-1.3127487207154698
2025-03-22 16:12:50.708,0.9266967121764513
2025-03-22 16:12:50.708,2.3350686932680182
2025-03-22 16:12:50.708,2.0593416431008666
2025-03-22 16:12:50.717,0.38539206344305466
2025-03-22 16:12:50.718,-1.5696072030871169
2025-03-22 16:12:50.718,-2.4587763207604074
2025-03-22 16:12:50.718,-1.5143611000154646
2025-03-22 16:12:50.718,0.6405754081554179
2025-03-22 16:12:50.727,2.1520178334138524
2025-03-22 16:12:50.728,1.6505822497655205
2025-03-22 16:12:50.728,-0.1230400639960217
2025-03-22 16:12:50.728,-1.1557312119444498
2025-03-22 16:12:50.728,-0.7133046995378074
2025-03-22 16:12:50.737,-0.0552096123929323
2025-03-22 16:12:50.738,-0.24605647684554402
2025-03-22 16:12:50.738,-0.48225515653916984
2025-03-22 16:12:50.738,0.3900044938192759
2025-03-22 16:12:50.738,1.6059011807866128
2025-03-22 16:12:50.747,1.2579596258014412
2025-03-22 16:12:50.748,-0.8044676838616918
2025-03-22 16:12:50.748,-2.3289740518314392
2025-03-22 16:12:50.748,-1.4726494326481512
2025-03-22 16:12:50.748,0.7566648677244756
2025-03-22 16:12:50.757,1.8135715143117124
2025-03-22 16:12:50.758,0.903921012376362
2025-03-22 16:12:50.758,-0.19219957757026584
2025-03-22 16:12:50.758,0.15672776384465886
2025-03-22 16:12:50.758,0.9431798483321401
2025-03-22 16:12:50.767,-0.10670096553948216
2025-03-22 16:12:50.768,-2.890488302516225
2025-03-22 16:12:50.768,-4.090662301260607
2025-03-22 16:12:50.768,-0.9390948733773229
2025-03-22 16:12:50.768,4.736573729574498
2025-03-22 16:12:50.776,7.446084103612869
2025-03-22 16:12:50.776,3.568550574933428
2025-03-22 16:12:50.776,-4.314998673416593
2025-03-22 16:12:50.776,-9.195171436480788
2025-03-22 16:12:50.776,-6.287677304682738
2025-03-22 16:12:50.787,1.973718913831135
2025-03-22 16:12:50.787,8.095394174035226
2025-03-22 16:12:50.788,6.972563702371456
2025-03-22 16:12:50.788,0.6482629327572182
2025-03-22 16:12:50.788,-4.646768962704701
2025-03-22 16:12:50.797,-5.140006280577317
2025-03-22 16:12:50.798,-2.170925747432112
2025-03-22 16:12:50.798,0.8401377446222633
2025-03-22 16:12:50.798,2.1293473778238297
2025-03-22 16:12:50.798,2.048155626348892
2025-03-22 16:12:50.806,1.4186364767147333
2025-03-22 16:12:50.806,0.5661736073275742
2025-03-22 16:12:50.806,-0.4835226071069889
2025-03-22 16:12:50.806,-1.588678302512904
2025-03-22 16:12:50.806,-2.224496086209413
2025-03-22 16:12:50.816,-1.556728868754797
2025-03-22 16:12:50.816,0.649728142164426
2025-03-22 16:12:50.816,2.9327403308775737
2025-03-22 16:12:50.816,2.8513090795508775
2025-03-22 16:12:50.816,-0.19338258708817982
2025-03-22 16:12:50.826,-3.3372017094024895
2025-03-22 16:12:50.826,-2.912534681648367
2025-03-22 16:12:50.826,0.9540411125397996
2025-03-22 16:12:50.826,3.8240311828969435
2025-03-22 16:12:50.826,2.129089497620297
2025-03-22 16:12:50.836,-2.1499057667162913
2025-03-22 16:12:50.836,-3.766899813004111
2025-03-22 16:12:50.836,-0.931120905811652
2025-03-22 16:12:50.836,2.4385056654775434
2025-03-22 16:12:50.846,2.1128429879952306
2025-03-22 16:12:50.846,-0.7337102384717088
2025-03-22 16:12:50.846,-1.4424675083883571
2025-03-22 16:12:50.846,1.2134096942978037
2025-03-22 16:12:50.846,2.946983984821306
2025-03-22 16:12:50.856,0.03307656201135235
2025-03-22 16:12:50.856,-4.738009278854038
2025-03-22 16:12:50.856,-4.986541045452434
2025-03-22 16:12:50.856,0.7320948826851896
2025-03-22 16:12:50.856,6.3215439126602115
2025-03-22 16:12:50.865,5.4569429694158105
2025-03-22 16:12:50.866,-0.615477627865009
2025-03-22 16:12:50.866,-4.944827471313129
2025-03-22 16:12:50.866,-3.568909004856807
2025-03-22 16:12:50.866,0.42092938311369155
2025-03-22 16:12:50.875,1.8724047364947887
2025-03-22 16:12:50.876,0.10367289958930737
2025-03-22 16:12:50.876,-1.2840749715783248
2025-03-22 16:12:50.876,0.18914095648131315
2025-03-22 16:12:50.876,2.8492448302133004
2025-03-22 16:12:50.885,3.3386487840093846
2025-03-22 16:12:50.886,0.5853702679439429
2025-03-22 16:12:50.886,-3.2988672766035947
2025-03-22 16:12:50.886,-5.176328959574103
2025-03-22 16:12:50.886,-3.39854766920529
2025-03-22 16:12:50.896,1.0219264600188187
2025-03-22 16:12:50.896,4.990759703452559
2025-03-22 16:12:50.896,5.561278276287796
2025-03-22 16:12:50.896,2.3621676184621574
2025-03-22 16:12:50.896,-2.194082251034294
2025-03-22 16:12:50.905,-5.177568184765807
2025-03-22 16:12:50.906,-5.141670924237921
2025-03-22 16:12:50.906,-2.1223455781372094
2025-03-22 16:12:50.906,2.7298327564878417
2025-03-22 16:12:50.906,6.632862955395325
2025-03-22 16:12:50.915,5.969683682492307
2025-03-22 16:12:50.916,-0.0693747028586765
2025-03-22 16:12:50.916,-6.8340715147144575
2025-03-22 16:12:50.916,-7.619827847151674
2025-03-22 16:12:50.916,-1.058767882290236
2025-03-22 16:12:50.925,6.24964764078829
2025-03-22 16:12:50.926,6.460774861153344
2025-03-22 16:12:50.926,-0.34915375938251975
2025-03-22 16:12:50.926,-5.845457555993392
2025-03-22 16:12:50.926,-3.3259115035315334
2025-03-22 16:12:50.935,3.8332836721073935
2025-03-22 16:12:50.936,6.133878016415345
2025-03-22 16:12:50.936,0.011619226678976302
2025-03-22 16:12:50.936,-7.247616517933541
2025-03-22 16:12:50.936,-6.461406325047391
2025-03-22 16:12:50.945,1.85991877851076
2025-03-22 16:12:50.945,8.202108235006131
2025-03-22 16:12:50.945,5.8526616742891395
2025-03-22 16:12:50.946,-1.6303624530680887
2025-03-22 16:12:50.946,-6.026325376574504
2025-03-22 16:12:50.955,-4.333592662457984
