timestamp,bandpass_and_notch
2025-03-25 10:41:19.473,-0.2034737153959958
2025-03-25 10:41:19.473,3.795541609302371
2025-03-25 10:41:19.473,4.6352158704198665
2025-03-25 10:41:19.473,-4.208681089106246
2025-03-25 10:41:19.482,-19.513620798470406
2025-03-25 10:41:19.482,-21.146431832018326
2025-03-25 10:41:19.482,4.931204591416325
2025-03-25 10:41:19.482,38.96243549610925
2025-03-25 10:41:19.483,40.966263449863874
2025-03-25 10:41:19.490,-1.1377789765671746
2025-03-25 10:41:19.491,-49.55687915635799
2025-03-25 10:41:19.491,-54.468715547644734
2025-03-25 10:41:19.491,-9.324313434984887
2025-03-25 10:41:19.498,42.01177365073357
2025-03-25 10:41:19.499,52.997392007706374
2025-03-25 10:41:19.499,20.333407551348415
2025-03-25 10:41:19.499,-20.22460536274196
2025-03-25 10:41:19.508,-35.12903969772493
2025-03-25 10:41:19.508,-21.925638627904636
2025-03-25 10:41:19.509,-0.6718772235283497
2025-03-25 10:41:19.509,11.954773448866352
2025-03-25 10:41:19.509,14.313805177624063
2025-03-25 10:41:19.516,11.662235869608649
2025-03-25 10:41:19.516,6.10711606182583
2025-03-25 10:41:19.517,-2.5499825654240817
2025-03-25 10:41:19.517,-10.993194950137694
2025-03-25 10:41:19.526,-12.947611986875131
2025-03-25 10:41:19.526,-6.217730738755958
2025-03-25 10:41:19.527,3.6436173739559323
2025-03-25 10:41:19.527,8.695035070207037
2025-03-25 10:41:19.527,6.769088763802536
2025-03-25 10:41:19.536,2.3945848168899913
2025-03-25 10:41:19.536,-0.08011936906244457
2025-03-25 10:41:19.536,-1.428030093880107
2025-03-25 10:41:19.537,-4.096094809919075
2025-03-25 10:41:19.537,-6.441355829824645
2025-03-25 10:41:19.546,-4.180398434171886
2025-03-25 10:41:19.546,2.582567641027193
2025-03-25 10:41:19.547,7.582680414874596
2025-03-25 10:41:19.547,5.62053972567564
2025-03-25 10:41:19.547,-0.7684477131090602
2025-03-25 10:41:19.556,-4.504990542955233
2025-03-25 10:41:19.556,-2.707422710222106
2025-03-25 10:41:19.556,0.6606745862330344
2025-03-25 10:41:19.557,0.9807459720319593
2025-03-25 10:41:19.557,-1.070705987701862
2025-03-25 10:41:19.566,-1.4542851839436635
2025-03-25 10:41:19.566,1.0791805440904134
2025-03-25 10:41:19.566,3.3049391229620384
2025-03-25 10:41:19.567,2.0157283497153413
2025-03-25 10:41:19.567,-1.7795218563305912
2025-03-25 10:41:19.576,-4.104064664934998
2025-03-25 10:41:19.576,-2.485229578146869
2025-03-25 10:41:19.576,1.6716543242470319
2025-03-25 10:41:19.577,4.609725138865874
2025-03-25 10:41:19.577,3.537025493920898
2025-03-25 10:41:19.584,-0.9284719235857235
2025-03-25 10:41:19.585,-4.951454893531632
2025-03-25 10:41:19.585,-4.727634228812946
2025-03-25 10:41:19.585,-0.352640745061512
2025-03-25 10:41:19.585,3.975630042962425
2025-03-25 10:41:19.594,4.354156971946762
2025-03-25 10:41:19.595,1.280050302934512
2025-03-25 10:41:19.595,-1.5365677425952593
2025-03-25 10:41:19.595,-1.8800040530856879
2025-03-25 10:41:19.604,-1.0017292229159767
2025-03-25 10:41:19.605,-0.8214807821552242
2025-03-25 10:41:19.605,-1.0165425123216982
2025-03-25 10:41:19.605,-0.14119706796209336
2025-03-25 10:41:19.605,1.516230691630943
2025-03-25 10:41:19.614,2.060309403047308
2025-03-25 10:41:19.614,0.874138713037936
2025-03-25 10:41:19.614,-0.39213041016583355
2025-03-25 10:41:19.615,-0.4163497932416745
2025-03-25 10:41:19.615,-0.2708340487178222
2025-03-25 10:41:19.624,-1.4166714064760877
2025-03-25 10:41:19.624,-2.6259646424858354
2025-03-25 10:41:19.624,-1.162666239021992
2025-03-25 10:41:19.625,2.771593194412145
2025-03-25 10:41:19.625,5.017835300969598
2025-03-25 10:41:19.634,2.292060130043436
2025-03-25 10:41:19.634,-3.23732033052728
2025-03-25 10:41:19.635,-5.906313853712279
2025-03-25 10:41:19.635,-2.8126122446844892
2025-03-25 10:41:19.635,3.056884347250379
2025-03-25 10:41:19.644,5.973273666344264
2025-03-25 10:41:19.644,3.1072879782207785
2025-03-25 10:41:19.644,-2.813275077964933
2025-03-25 10:41:19.645,-6.030558731350281
2025-03-25 10:41:19.645,-3.2792603373694327
2025-03-25 10:41:19.654,2.749821735209877
2025-03-25 10:41:19.654,5.887511064892798
2025-03-25 10:41:19.654,2.96773973793885
2025-03-25 10:41:19.654,-2.664934046194201
2025-03-25 10:41:19.655,-4.935200203743335
2025-03-25 10:41:19.664,-1.908876275713951
2025-03-25 10:41:19.664,2.3941043078484183
2025-03-25 10:41:19.664,3.2102150112456895
2025-03-25 10:41:19.664,0.5214133672813002
2025-03-25 10:41:19.665,-1.8268844773665576
2025-03-25 10:41:19.672,-1.4364270214272963
2025-03-25 10:41:19.673,0.21754344656106642
2025-03-25 10:41:19.673,0.7622376440220088
2025-03-25 10:41:19.673,0.24905434352451833
2025-03-25 10:41:19.673,0.19570152824186998
2025-03-25 10:41:19.682,0.6855888699726433
2025-03-25 10:41:19.683,0.3960488866887588
2025-03-25 10:41:19.683,-0.8753616852462051
2025-03-25 10:41:19.683,-1.6691067394518138
2025-03-25 10:41:19.692,-1.0931849085233143
2025-03-25 10:41:19.693,0.11806615997869174
2025-03-25 10:41:19.693,1.2273537637674945
2025-03-25 10:41:19.693,2.3393463751109205
2025-03-25 10:41:19.693,2.746439989796609
2025-03-25 10:41:19.693,0.5568455688415112
2025-03-25 10:41:19.702,-3.985795263995195
2025-03-25 10:41:19.703,-6.395771765540281
2025-03-25 10:41:19.703,-2.4023872500112375
2025-03-25 10:41:19.703,5.378570576197994
2025-03-25 10:41:19.712,8.570277767070428
2025-03-25 10:41:19.712,2.8168973873677103
2025-03-25 10:41:19.712,-5.837307780181029
2025-03-25 10:41:19.713,-7.584279617172002
2025-03-25 10:41:19.713,-1.1184161579796905
2025-03-25 10:41:19.722,4.749803364283023
2025-03-25 10:41:19.722,3.0193074101921056
2025-03-25 10:41:19.722,-2.123550072660922
2025-03-25 10:41:19.723,-1.865955821940919
2025-03-25 10:41:19.723,3.814360910830098
2025-03-25 10:41:19.732,5.488306368212549
2025-03-25 10:41:19.732,-1.8682347791087888
2025-03-25 10:41:19.733,-10.129229479177916
2025-03-25 10:41:19.733,-7.730131461807939
2025-03-25 10:41:19.733,4.564559179413067
2025-03-25 10:41:19.740,13.269639062944547
2025-03-25 10:41:19.741,8.31080860073849
2025-03-25 10:41:19.741,-4.877573548869789
2025-03-25 10:41:19.741,-12.180512722423519
2025-03-25 10:41:19.750,-7.18011227939734
2025-03-25 10:41:19.750,3.009919953684975
2025-03-25 10:41:19.751,7.698836682286665
2025-03-25 10:41:19.751,4.483099424836289
2025-03-25 10:41:19.751,-0.5724726015553692
2025-03-25 10:41:19.760,-1.9682355250017334
2025-03-25 10:41:19.760,-0.6199513718862257
2025-03-25 10:41:19.760,-0.6036925531699396
2025-03-25 10:41:19.761,-2.7295427543385706
2025-03-25 10:41:19.761,-3.4675834325883366
2025-03-25 10:41:19.770,-0.045916014264404184
2025-03-25 10:41:19.771,5.101711486664607
2025-03-25 10:41:19.771,6.39535802197512
2025-03-25 10:41:19.771,1.5708958456510342
2025-03-25 10:41:19.771,-5.1459031578565595
2025-03-25 10:41:19.780,-7.223639313815777
2025-03-25 10:41:19.780,-2.734562665769411
2025-03-25 10:41:19.781,3.789256799008342
2025-03-25 10:41:19.781,6.267613659553858
2025-03-25 10:41:19.781,3.023936486655246
2025-03-25 10:41:19.790,-2.2491915108851277
2025-03-25 10:41:19.790,-4.6439688484990205
2025-03-25 10:41:19.790,-2.586744866593042
2025-03-25 10:41:19.791,1.3641713084014724
2025-03-25 10:41:19.791,3.403084724952423
2025-03-25 10:41:19.800,1.8631759310902094
2025-03-25 10:41:19.800,-1.5811188630057866
2025-03-25 10:41:19.800,-3.3703036100148456
2025-03-25 10:41:19.801,-1.2343854416948554
2025-03-25 10:41:19.801,3.0717675483186717
2025-03-25 10:41:19.810,4.69115153411277
2025-03-25 10:41:19.810,0.8468048285861443
2025-03-25 10:41:19.810,-5.046267243086962
2025-03-25 10:41:19.811,-6.361412501057907
2025-03-25 10:41:19.811,-0.9150517502861023
2025-03-25 10:41:19.820,6.00603599316366
2025-03-25 10:41:19.820,7.278824617605815
2025-03-25 10:41:19.820,1.5912101809184673
2025-03-25 10:41:19.820,-5.4454536550074675
2025-03-25 10:41:19.821,-7.211611276967007
2025-03-25 10:41:19.830,-2.3988010096703625
2025-03-25 10:41:19.830,4.179459113436477
2025-03-25 10:41:19.830,6.418075527592453
2025-03-25 10:41:19.831,2.608136703740213
2025-03-25 10:41:19.831,-3.2105310764393478
2025-03-25 10:41:19.840,-5.3440250470698984
2025-03-25 10:41:19.840,-2.025437573496825
2025-03-25 10:41:19.840,2.98492531165995
2025-03-25 10:41:19.840,4.449424614163853
2025-03-25 10:41:19.841,1.155616537122365
2025-03-25 10:41:19.848,-3.0826558531785846
2025-03-25 10:41:19.849,-3.8733382633107483
2025-03-25 10:41:19.849,-0.834969677502063
2025-03-25 10:41:19.849,2.6715475078392177
2025-03-25 10:41:19.849,3.4830604986711027
2025-03-25 10:41:19.858,1.3848042097912887
2025-03-25 10:41:19.859,-1.511835358894758
2025-03-25 10:41:19.859,-2.963989415738115
2025-03-25 10:41:19.859,-2.1389721046095813
2025-03-25 10:41:19.868,0.09556181970724452
2025-03-25 10:41:19.869,1.9713009430589745
2025-03-25 10:41:19.869,2.2412244545548075
2025-03-25 10:41:19.869,1.0645406153098087
2025-03-25 10:41:19.869,-0.5125091057180028
2025-03-25 10:41:19.878,-1.651170715455903
2025-03-25 10:41:19.879,-1.9501929922770556
2025-03-25 10:41:19.879,-1.0651123297288292
2025-03-25 10:41:19.879,0.9225986773871696
2025-03-25 10:41:19.879,2.7153179573528905
2025-03-25 10:41:19.888,2.456871486242381
2025-03-25 10:41:19.888,-0.1813890160460785
2025-03-25 10:41:19.889,-3.116307853159214
2025-03-25 10:41:19.889,-3.6372763700342894
2025-03-25 10:41:19.889,-0.9724212281393243
2025-03-25 10:41:19.898,2.9097497505883547
2025-03-25 10:41:19.898,4.713643594236704
2025-03-25 10:41:19.899,2.4222322424159928
2025-03-25 10:41:19.899,-2.489582678677816
2025-03-25 10:41:19.899,-5.529138922566091
2025-03-25 10:41:19.908,-3.278514488726032
2025-03-25 10:41:19.908,2.4209412812402067
2025-03-25 10:41:19.908,5.658450582356813
2025-03-25 10:41:19.909,2.905692813621309
2025-03-25 10:41:19.909,-2.6790142650221997
2025-03-25 10:41:19.918,-4.853109303540602
2025-03-25 10:41:19.918,-1.6411722588829856
2025-03-25 10:41:19.919,2.734596329707355
2025-03-25 10:41:19.919,3.403812661675836
2025-03-25 10:41:19.919,0.42009645524233474
2025-03-25 10:41:19.928,-2.267702261690372
2025-03-25 10:41:19.928,-2.029011082624147
2025-03-25 10:41:19.929,0.03202874270664485
2025-03-25 10:41:19.929,1.502077763178509
2025-03-25 10:41:19.929,1.5542345467315193
2025-03-25 10:41:19.938,0.6731163118385096
2025-03-25 10:41:19.938,-0.8946242403303161
2025-03-25 10:41:19.939,-2.668051817390676
2025-03-25 10:41:19.939,-2.7329952558129786
2025-03-25 10:41:19.939,0.5411988168007539
2025-03-25 10:41:19.948,5.084996573307205
2025-03-25 10:41:19.948,5.740853705002718
2025-03-25 10:41:19.948,0.1471482517667343
2025-03-25 10:41:19.949,-7.09486866175799
2025-03-25 10:41:19.949,-8.391009997447433
2025-03-25 10:41:19.958,-1.622891140437603
2025-03-25 10:41:19.958,6.916804417381943
2025-03-25 10:41:19.958,9.040225263044654
2025-03-25 10:41:19.959,3.2809748779904013
2025-03-25 10:41:19.959,-4.206623869021214
2025-03-25 10:41:19.968,-6.885468889260764
2025-03-25 10:41:19.968,-4.138044518456863
2025-03-25 10:41:19.969,0.11063078583503924
2025-03-25 10:41:19.969,2.8341816400582642
2025-03-25 10:41:19.969,3.8384083797088326
2025-03-25 10:41:19.978,3.4132132868815637
2025-03-25 10:41:19.978,1.0761127479362602
2025-03-25 10:41:19.978,-2.5408354736100924
2025-03-25 10:41:19.979,-4.703280112046523
2025-03-25 10:41:19.979,-3.246111873040816
2025-03-25 10:41:19.988,0.57390077139396
2025-03-25 10:41:19.988,3.418675866841152
2025-03-25 10:41:19.988,3.6118566019553784
2025-03-25 10:41:19.989,1.9758147996487447
2025-03-25 10:41:19.989,-0.5573035959159766
2025-03-25 10:41:19.998,-3.6140525229315417
2025-03-25 10:41:19.998,-5.2357318279807705
2025-03-25 10:41:19.998,-2.3311563878770287
2025-03-25 10:41:19.999,4.4072030530030215
2025-03-25 10:41:19.999,8.492336765043316
2025-03-25 10:41:20.006,4.234720369900952
2025-03-25 10:41:20.007,-5.2201029760960225
2025-03-25 10:41:20.007,-10.045321780614698
2025-03-25 10:41:20.007,-4.92804455445388
2025-03-25 10:41:20.007,4.574819284443362
2025-03-25 10:41:20.016,8.651292215964752
2025-03-25 10:41:20.017,4.344718454466156
2025-03-25 10:41:20.017,-2.356438977138554
2025-03-25 10:41:20.017,-4.701655804590275
2025-03-25 10:41:20.028,-2.4960516653155365
2025-03-25 10:41:20.028,-0.22854100090037358
2025-03-25 10:41:20.028,-0.14674871283791918
2025-03-25 10:41:20.029,0.008427109350292061
2025-03-25 10:41:20.029,2.241646503851785
2025-03-25 10:41:20.029,4.056720194615281
2025-03-25 10:41:20.036,1.5900568394958354
2025-03-25 10:41:20.037,-3.790828122167844
2025-03-25 10:41:20.037,-5.589607132162701
2025-03-25 10:41:20.037,-0.6414353646235581
2025-03-25 10:41:20.037,5.327035226902916
2025-03-25 10:41:20.047,4.263033162549387
2025-03-25 10:41:20.047,-3.0466730354948885
2025-03-25 10:41:20.047,-6.901836299799361
2025-03-25 10:41:20.047,-1.2582668100574852
2025-03-25 10:41:20.056,7.526184063110487
2025-03-25 10:41:20.056,8.155686395264917
2025-03-25 10:41:20.057,-1.1592455636370549
2025-03-25 10:41:20.057,-10.045182967918883
2025-03-25 10:41:20.057,-8.455142925787992
2025-03-25 10:41:20.066,1.5920608945001655
2025-03-25 10:41:20.066,9.100438631540115
2025-03-25 10:41:20.066,7.119630197208675
2025-03-25 10:41:20.067,-0.4547179233193658
2025-03-25 10:41:20.067,-5.20404645667013
2025-03-25 10:41:20.076,-4.161777473886864
2025-03-25 10:41:20.076,-1.1366503995028714
2025-03-25 10:41:20.077,0.21162973715388703
2025-03-25 10:41:20.077,0.7706448265568018
2025-03-25 10:41:20.077,2.477547379286625
2025-03-25 10:41:20.086,3.7401014899752525
2025-03-25 10:41:20.086,1.5218596353080227
2025-03-25 10:41:20.086,-3.1674757640009754
2025-03-25 10:41:20.087,-5.329978761243475
2025-03-25 10:41:20.087,-2.2305165362093233
2025-03-25 10:41:20.096,2.913672217356628
2025-03-25 10:41:20.096,4.873409422485248
2025-03-25 10:41:20.096,2.3405685121991118
2025-03-25 10:41:20.097,-1.634270388836757
2025-03-25 10:41:20.097,-3.8092467149403957
2025-03-25 10:41:20.106,-3.3195932219568465
2025-03-25 10:41:20.106,-0.7220153940180127
2025-03-25 10:41:20.106,2.985804053423844
2025-03-25 10:41:20.107,5.607376114965565
2025-03-25 10:41:20.107,4.122580623853685
2025-03-25 10:41:20.114,-1.9646673088834152
2025-03-25 10:41:20.115,-8.08583008193566
2025-03-25 10:41:20.115,-7.782762960566564
2025-03-25 10:41:20.115,0.18784538322746058
2025-03-25 10:41:20.115,8.999169495559658
2025-03-25 10:41:20.124,9.981831596895955
2025-03-25 10:41:20.125,1.98544744960059
2025-03-25 10:41:20.125,-7.115904231248673
2025-03-25 10:41:20.125,-9.07555025700423
2025-03-25 10:41:20.134,-3.763205975000756
2025-03-25 10:41:20.135,2.464012516960099
2025-03-25 10:41:20.135,4.999978532304571
2025-03-25 10:41:20.135,4.545140202739144
2025-03-25 10:41:20.135,3.0937143546757433
2025-03-25 10:41:20.135,0.3976813976207631
2025-03-25 10:41:20.144,-3.780299053170623
2025-03-25 10:41:20.145,-6.645802847668948
2025-03-25 10:41:20.145,-4.692858401403442
2025-03-25 10:41:20.145,1.413236655654963
2025-03-25 10:41:20.154,6.5510151442929265
2025-03-25 10:41:20.154,6.320239481725833
2025-03-25 10:41:20.155,1.39774138979742
2025-03-25 10:41:20.155,-3.678259049572786
2025-03-25 10:41:20.155,-5.16710601089768
2025-03-25 10:41:20.164,-2.98981232434654
2025-03-25 10:41:20.165,0.32203213201983655
2025-03-25 10:41:20.165,2.4214993243493455
2025-03-25 10:41:20.165,2.68455356842321
2025-03-25 10:41:20.165,1.7227069428105066
2025-03-25 10:41:20.165,0.24674661218720143
2025-03-25 10:41:20.174,-1.2714530476424786
2025-03-25 10:41:20.175,-2.1876737271610955
2025-03-25 10:41:20.175,-1.6933908547976162
2025-03-25 10:41:20.175,0.22899278776626417
2025-03-25 10:41:20.184,2.0638980580664197
2025-03-25 10:41:20.184,1.8080948154130947
2025-03-25 10:41:20.185,-0.6551742747483716
2025-03-25 10:41:20.185,-2.66049572881967
2025-03-25 10:41:20.185,-1.3092357401955423
2025-03-25 10:41:20.194,2.682402811904073
2025-03-25 10:41:20.194,4.6633363493935205
2025-03-25 10:41:20.195,0.9966929941976853
2025-03-25 10:41:20.195,-5.622036420742999
2025-03-25 10:41:20.195,-7.620656669879245
2025-03-25 10:41:20.204,-1.01952415674819
2025-03-25 10:41:20.204,8.407997576544993
2025-03-25 10:41:20.205,10.137879657274377
2025-03-25 10:41:20.205,1.0296395645040932
2025-03-25 10:41:20.205,-9.824450477346826
2025-03-25 10:41:20.214,-10.752672263090124
2025-03-25 10:41:20.214,-0.923542139011749
2025-03-25 10:41:20.215,8.843150146405563
2025-03-25 10:41:20.215,8.859961111121457
2025-03-25 10:41:20.215,0.9988011243914523
2025-03-25 10:41:20.224,-5.365982960211051
2025-03-25 10:41:20.224,-5.086186956725481
2025-03-25 10:41:20.225,-1.40776814329787
2025-03-25 10:41:20.225,0.6705262227712904
2025-03-25 10:41:20.225,0.9065204680714427
2025-03-25 10:41:20.234,1.8440761430979917
2025-03-25 10:41:20.234,3.27401517226856
2025-03-25 10:41:20.234,2.211100763722104
2025-03-25 10:41:20.234,-1.9108988671065488
2025-03-25 10:41:20.235,-5.1136922547664225
2025-03-25 10:41:20.244,-3.4841326001830386
2025-03-25 10:41:20.244,1.591658533743233
2025-03-25 10:41:20.244,4.7458671163932165
2025-03-25 10:41:20.245,2.9602427439698715
2025-03-25 10:41:20.245,-1.1489896011982395
2025-03-25 10:41:20.254,-2.990305572640521
2025-03-25 10:41:20.254,-1.4697125717808512
2025-03-25 10:41:20.254,0.6713776533856086
2025-03-25 10:41:20.255,1.1326800101721046
2025-03-25 10:41:20.255,0.4705174854301421
2025-03-25 10:41:20.263,-0.009327353973188776
2025-03-25 10:41:20.263,-0.46676838031177936
2025-03-25 10:41:20.263,-1.215726173209772
2025-03-25 10:41:20.263,-0.9617847517265143
2025-03-25 10:41:20.263,1.338117351866796
2025-03-25 10:41:20.272,3.5775595766562733
2025-03-25 10:41:20.273,2.172353462660762
2025-03-25 10:41:20.273,-2.708421050619794
2025-03-25 10:41:20.273,-5.899591026714965
2025-03-25 10:41:20.282,-3.1008805266413817
2025-03-25 10:41:20.282,3.2403695979780553
2025-03-25 10:41:20.283,6.283356483119066
2025-03-25 10:41:20.283,2.9677812330559235
2025-03-25 10:41:20.283,-2.507760309797069
2025-03-25 10:41:20.292,-4.266318614074414
2025-03-25 10:41:20.293,-1.702842161105666
2025-03-25 10:41:20.293,1.0412109048612825
2025-03-25 10:41:20.293,1.190778478077269
2025-03-25 10:41:20.293,0.19722210396428033
2025-03-25 10:41:20.302,0.35851523663779983
2025-03-25 10:41:20.302,1.1640706668530467
2025-03-25 10:41:20.303,0.6207018649018233
2025-03-25 10:41:20.303,-1.1655026791860987
2025-03-25 10:41:20.303,-1.887102524311128
2025-03-25 10:41:20.312,-0.4736253728918105
2025-03-25 10:41:20.313,1.209916148701471
2025-03-25 10:41:20.313,0.9846792341479649
2025-03-25 10:41:20.313,-0.5191897586523411
2025-03-25 10:41:20.313,-0.7891671590791931
2025-03-25 10:41:20.322,0.8823947030290599
2025-03-25 10:41:20.322,2.185908983872315
2025-03-25 10:41:20.323,0.8096273818837753
2025-03-25 10:41:20.323,-2.3629457621874015
2025-03-25 10:41:20.323,-4.01073699108233
2025-03-25 10:41:20.332,-2.0414845795094276
2025-03-25 10:41:20.332,2.1341847396818654
2025-03-25 10:41:20.333,4.9412645141208325
2025-03-25 10:41:20.333,3.9264658314612966
2025-03-25 10:41:20.333,-0.14894447384726145
2025-03-25 10:41:20.342,-4.082739427558934
2025-03-25 10:41:20.342,-4.956156255418629
2025-03-25 10:41:20.343,-2.3429799006390497
2025-03-25 10:41:20.343,1.6910705622265223
2025-03-25 10:41:20.343,4.339131767300225
2025-03-25 10:41:20.352,3.9292496886262667
2025-03-25 10:41:20.352,0.8599664194375646
2025-03-25 10:41:20.353,-2.656601671174436
2025-03-25 10:41:20.353,-4.025701124654473
2025-03-25 10:41:20.353,-2.2560138089326713
2025-03-25 10:41:20.362,1.0724127045345864
2025-03-25 10:41:20.362,3.0800048422878645
2025-03-25 10:41:20.363,2.204389016322803
2025-03-25 10:41:20.363,-0.36805168722954257
2025-03-25 10:41:20.363,-1.983586755064614
2025-03-25 10:41:20.372,-1.2534319634071023
2025-03-25 10:41:20.372,0.6292160617544189
2025-03-25 10:41:20.372,1.3837166213373537
2025-03-25 10:41:20.373,0.21206124204591295
2025-03-25 10:41:20.373,-1.4574613920074873
2025-03-25 10:41:20.382,-1.6570045039996273
2025-03-25 10:41:20.382,0.10275140047082588
2025-03-25 10:41:20.383,2.373467214386363
2025-03-25 10:41:20.383,2.904264710668709
2025-03-25 10:41:20.383,0.5868707581848147
2025-03-25 10:41:20.392,-3.0031380052156758
2025-03-25 10:41:20.392,-4.38893940695039
2025-03-25 10:41:20.393,-1.640593149103944
2025-03-25 10:41:20.393,2.973944773992108
2025-03-25 10:41:20.393,4.912147945663328
2025-03-25 10:41:20.402,2.2425516475357945
2025-03-25 10:41:20.402,-2.2472191210927606
2025-03-25 10:41:20.402,-4.186206589763149
2025-03-25 10:41:20.403,-2.148348198317364
2025-03-25 10:41:20.403,1.3982626710393187
2025-03-25 10:41:20.411,3.0557757335761893
2025-03-25 10:41:20.411,1.7104591929655406
2025-03-25 10:41:20.411,-0.9719593047766079
2025-03-25 10:41:20.411,-2.4667079216924988
2025-03-25 10:41:20.411,-1.5516715824466625
2025-03-25 10:41:20.421,0.880026404198894
2025-03-25 10:41:20.421,2.6094973370696652
2025-03-25 10:41:20.421,1.9191575047116864
2025-03-25 10:41:20.421,-0.7439686014913645
2025-03-25 10:41:20.421,-2.8749312426559896
2025-03-25 10:41:20.431,-2.259077443874945
2025-03-25 10:41:20.431,0.5362231032847764
2025-03-25 10:41:20.431,2.5509486272616226
2025-03-25 10:41:20.431,1.7463758168821033
2025-03-25 10:41:20.431,-0.600322731192089
2025-03-25 10:41:20.440,-1.5777609233622238
2025-03-25 10:41:20.441,-0.33523063511807927
2025-03-25 10:41:20.441,1.0835234103528548
2025-03-25 10:41:20.441,0.7069244858072872
2025-03-25 10:41:20.450,-0.884037546781082
2025-03-25 10:41:20.451,-1.7138227219819409
2025-03-25 10:41:20.451,-0.9423514585427308
2025-03-25 10:41:20.451,0.7172711433381651
2025-03-25 10:41:20.451,2.1792213172165114
2025-03-25 10:41:20.460,2.443272169943441
2025-03-25 10:41:20.460,0.7346717013419067
2025-03-25 10:41:20.461,-2.2967412992470484
2025-03-25 10:41:20.461,-4.0130706459282175
2025-03-25 10:41:20.461,-2.186130760375345
2025-03-25 10:41:20.470,1.900672069608364
2025-03-25 10:41:20.470,4.267662276071178
2025-03-25 10:41:20.471,2.655787902216281
2025-03-25 10:41:20.471,-1.025966405563051
2025-03-25 10:41:20.471,-3.1734271219049126
2025-03-25 10:41:20.480,-2.3092671192073193
2025-03-25 10:41:20.480,0.1840269462366351
2025-03-25 10:41:20.481,2.0289812698905547
2025-03-25 10:41:20.481,1.8266639748091256
2025-03-25 10:41:20.481,-0.19732467006969234
2025-03-25 10:41:20.490,-2.096409837925307
2025-03-25 10:41:20.490,-1.5619110747591236
2025-03-25 10:41:20.491,1.3615179023400872
2025-03-25 10:41:20.491,3.415309500231333
2025-03-25 10:41:20.491,1.5203065283224713
2025-03-25 10:41:20.500,-2.9214737017122627
2025-03-25 10:41:20.500,-4.79839098784281
2025-03-25 10:41:20.501,-1.340415168186855
2025-03-25 10:41:20.501,3.861775850449723
2025-03-25 10:41:20.501,4.737994828201167
2025-03-25 10:41:20.510,0.32552985157867653
2025-03-25 10:41:20.510,-3.8293163497450813
2025-03-25 10:41:20.511,-2.7734790014261783
2025-03-25 10:41:20.511,1.526826402702616
2025-03-25 10:41:20.511,3.1567162199203485
2025-03-25 10:41:20.520,0.26069668908885196
2025-03-25 10:41:20.520,-2.941172699391977
2025-03-25 10:41:20.520,-2.3203636818209086
2025-03-25 10:41:20.521,0.9010478686293288
2025-03-25 10:41:20.521,2.5922047902067433
2025-03-25 10:41:20.529,1.3786158387822498
2025-03-25 10:41:20.529,-0.41498516146212433
2025-03-25 10:41:20.529,-0.6647970177743074
2025-03-25 10:41:20.529,0.008055423915922844
2025-03-25 10:41:20.529,-0.10478077683137715
2025-03-25 10:41:20.538,-1.2162976445181057
2025-03-25 10:41:20.539,-1.9307746098477487
2025-03-25 10:41:20.539,-0.977572844109363
2025-03-25 10:41:20.539,1.467830651793671
2025-03-25 10:41:20.548,3.7132372773663787
2025-03-25 10:41:20.548,3.5535036760285936
2025-03-25 10:41:20.549,0.14152479612057198
2025-03-25 10:41:20.549,-4.407045358788589
2025-03-25 10:41:20.549,-5.923287293027834
2025-03-25 10:41:20.558,-2.1437845912141156
2025-03-25 10:41:20.559,3.968953511862468
2025-03-25 10:41:20.559,6.34900117803152
2025-03-25 10:41:20.559,2.427660216931063
2025-03-25 10:41:20.559,-3.415523249184534
2025-03-25 10:41:20.568,-4.659906100990788
2025-03-25 10:41:20.568,-0.4095304945022421
2025-03-25 10:41:20.569,3.6618418358653164
2025-03-25 10:41:20.569,2.4714113655799976
2025-03-25 10:41:20.569,-2.297915147023633
2025-03-25 10:41:20.578,-4.557285790038647
2025-03-25 10:41:20.579,-1.372748864875291
2025-03-25 10:41:20.579,3.648535620640837
2025-03-25 10:41:20.579,4.920443770827776
2025-03-25 10:41:20.579,1.4575677558040285
2025-03-25 10:41:20.588,-2.5744575582439264
2025-03-25 10:41:20.588,-3.492216236990334
2025-03-25 10:41:20.589,-2.1006533167238093
2025-03-25 10:41:20.589,-0.971798815879432
2025-03-25 10:41:20.589,0.09589044110275156
2025-03-25 10:41:20.598,2.899317092918856
2025-03-25 10:41:20.598,5.825033899077247
2025-03-25 10:41:20.598,4.064701362856411
2025-03-25 10:41:20.599,-3.3331053388970275
2025-03-25 10:41:20.599,-9.635079611584183
2025-03-25 10:41:20.607,-7.164789068702998
2025-03-25 10:41:20.607,2.840021403567723
2025-03-25 10:41:20.607,10.405529253554022
2025-03-25 10:41:20.607,7.832719651816981
2025-03-25 10:41:20.607,-1.6722802139164872
2025-03-25 10:41:20.617,-8.07015117139992
2025-03-25 10:41:20.617,-5.89560224265686
2025-03-25 10:41:20.617,0.7038449276563914
2025-03-25 10:41:20.617,4.23470828388879
2025-03-25 10:41:20.617,2.5532923240265624
2025-03-25 10:41:20.627,-0.39760932692345485
2025-03-25 10:41:20.627,-0.9224695931177284
2025-03-25 10:41:20.627,0.2627050365373277
2025-03-25 10:41:20.627,0.5388070231879588
2025-03-25 10:41:20.636,-0.49551197430623434
2025-03-25 10:41:20.637,-1.1889065935323087
2025-03-25 10:41:20.637,-0.7755813951743757
2025-03-25 10:41:20.637,-0.03299852763920592
2025-03-25 10:41:20.637,0.5372632000248803
2025-03-25 10:41:20.646,1.1259670681828242
2025-03-25 10:41:20.647,1.2305953475456273
2025-03-25 10:41:20.647,0.005241539710998763
2025-03-25 10:41:20.647,-1.6044777444904657
2025-03-25 10:41:20.647,-1.3679006839948336
2025-03-25 10:41:20.656,0.6871602721503055
2025-03-25 10:41:20.656,1.588246980728519
2025-03-25 10:41:20.657,-0.21623742229776738
2025-03-25 10:41:20.657,-2.018708926094418
2025-03-25 10:41:20.657,-0.6304160481619902
2025-03-25 10:41:20.666,2.557971962889797
2025-03-25 10:41:20.666,3.0508875218405223
2025-03-25 10:41:20.667,-0.5686402400806322
2025-03-25 10:41:20.667,-4.380857485458139
2025-03-25 10:41:20.667,-3.7830604753494734
2025-03-25 10:41:20.676,1.0090150570971363
2025-03-25 10:41:20.676,5.139270702392147
2025-03-25 10:41:20.676,4.380714560278162
2025-03-25 10:41:20.677,-0.4970818065875893
2025-03-25 10:41:20.677,-4.7218774359146
2025-03-25 10:41:20.686,-4.465790482215664
2025-03-25 10:41:20.686,-0.4218646950249154
2025-03-25 10:41:20.686,3.4036325826575324
2025-03-25 10:41:20.687,3.8074764449983327
2025-03-25 10:41:20.687,1.006562587779382
2025-03-25 10:41:20.696,-2.1697474128362226
2025-03-25 10:41:20.696,-2.9426638488417716
2025-03-25 10:41:20.697,-0.8064960929381747
2025-03-25 10:41:20.697,2.027696838134408
2025-03-25 10:41:20.697,2.519029351252705
2025-03-25 10:41:20.706,-0.036521845723345464
2025-03-25 10:41:20.706,-2.806280069059128
2025-03-25 10:41:20.707,-2.388816735456448
2025-03-25 10:41:20.707,0.9470585457297531
2025-03-25 10:41:20.707,3.270301494419827
2025-03-25 10:41:20.715,1.8140789464955422
2025-03-25 10:41:20.715,-1.4816331928913578
2025-03-25 10:41:20.715,-2.512735663405409
2025-03-25 10:41:20.715,-0.33306145037409773
2025-03-25 10:41:20.715,1.7887627085769384
2025-03-25 10:41:20.725,0.8508267553928748
2025-03-25 10:41:20.725,-1.8549399944650535
2025-03-25 10:41:20.725,-2.3789200909491326
2025-03-25 10:41:20.725,0.7026445833205972
2025-03-25 10:41:20.725,4.078437088234864
2025-03-25 10:41:20.735,3.365644720220992
2025-03-25 10:41:20.735,-1.5029697587496862
2025-03-25 10:41:20.735,-5.5779846760855785
2025-03-25 10:41:20.735,-4.143259369458
2025-03-25 10:41:20.744,1.7386206934497337
2025-03-25 10:41:20.745,5.907983702687966
2025-03-25 10:41:20.745,3.822550048306224
2025-03-25 10:41:20.745,-2.114826373852184
2025-03-25 10:41:20.745,-5.121975270259342
2025-03-25 10:41:20.754,-1.956456733007982
2025-03-25 10:41:20.754,3.1899548169370506
2025-03-25 10:41:20.755,3.7875694365579102
2025-03-25 10:41:20.755,-0.9784858530250514
2025-03-25 10:41:20.755,-5.066606593068914
2025-03-25 10:41:20.764,-2.8376200055163996
2025-03-25 10:41:20.764,3.913523468162287
2025-03-25 10:41:20.765,7.478578545380731
2025-03-25 10:41:20.765,2.852870755693533
2025-03-25 10:41:20.765,-6.019090752627173
2025-03-25 10:41:20.774,-9.690845678006058
2025-03-25 10:41:20.774,-3.410004730040301
2025-03-25 10:41:20.775,6.949942515418333
2025-03-25 10:41:20.775,10.608869440028604
2025-03-25 10:41:20.775,3.6396511919196595
2025-03-25 10:41:20.784,-6.58165012779501
2025-03-25 10:41:20.784,-9.598368639087187
2025-03-25 10:41:20.785,-3.199334732862545
2025-03-25 10:41:20.785,5.08518325468562
2025-03-25 10:41:20.785,7.055062249835062
2025-03-25 10:41:20.794,2.255628640497827
2025-03-25 10:41:20.794,-3.1053136426410526
2025-03-25 10:41:20.795,-3.844891902382731
2025-03-25 10:41:20.795,-0.8449192076024227
2025-03-25 10:41:20.795,1.3175920154199727
2025-03-25 10:41:20.804,0.41372439338767464
2025-03-25 10:41:20.804,-1.0502929959268539
2025-03-25 10:41:20.804,0.14356263456184273
2025-03-25 10:41:20.805,2.871040862176789
2025-03-25 10:41:20.805,2.8204252001211674
2025-03-25 10:41:20.814,-1.20918839896273
2025-03-25 10:41:20.814,-4.8411806255920045
2025-03-25 10:41:20.815,-3.6005272686633125
2025-03-25 10:41:20.815,1.1742124528139861
2025-03-25 10:41:20.815,4.304332948996414
2025-03-25 10:41:20.823,3.365509941322546
2025-03-25 10:41:20.823,0.5135841474782789
2025-03-25 10:41:20.823,-1.6606402888845726
2025-03-25 10:41:20.823,-2.8330705286176405
2025-03-25 10:41:20.823,-2.9866068841044306
2025-03-25 10:41:20.833,-1.0530169503087854
2025-03-25 10:41:20.833,2.534184822679584
2025-03-25 10:41:20.833,4.353066335112402
2025-03-25 10:41:20.833,1.8719455699396346
2025-03-25 10:41:20.833,-2.385140887780075
2025-03-25 10:41:20.843,-3.4972495807804704
2025-03-25 10:41:20.843,-0.6807920211129472
2025-03-25 10:41:20.843,1.8359425237159614
2025-03-25 10:41:20.843,1.064734467387494
2025-03-25 10:41:20.852,-0.7402052265919977
2025-03-25 10:41:20.853,-0.2792347247933317
2025-03-25 10:41:20.853,1.274249638320398
2025-03-25 10:41:20.853,0.42606820998631917
2025-03-25 10:41:20.853,-2.232848362086444
2025-03-25 10:41:20.862,-2.1525050750473516
2025-03-25 10:41:20.862,1.8455503272816347
2025-03-25 10:41:20.863,4.530231147681184
2025-03-25 10:41:20.863,1.3677955387990044
2025-03-25 10:41:20.863,-4.217865325061685
2025-03-25 10:41:20.872,-4.876861787590034
2025-03-25 10:41:20.873,0.34834468782168404
2025-03-25 10:41:20.873,4.434028254841016
2025-03-25 10:41:20.873,2.2665734963998574
2025-03-25 10:41:20.873,-2.2076088222632158
2025-03-25 10:41:20.882,-2.027865283251396
2025-03-25 10:41:20.882,2.4111180571767834
2025-03-25 10:41:20.883,3.8616283658421247
2025-03-25 10:41:20.883,-1.1206507761573312
2025-03-25 10:41:20.883,-6.694080727913877
2025-03-25 10:41:20.892,-5.19829387652865
2025-03-25 10:41:20.892,2.677883147146147
2025-03-25 10:41:20.893,8.432015437639338
2025-03-25 10:41:20.893,5.846022363567319
2025-03-25 10:41:20.893,-2.1311390922774605
2025-03-25 10:41:20.902,-7.292779139172301
2025-03-25 10:41:20.903,-5.228542045053293
2025-03-25 10:41:20.903,0.866773346707524
2025-03-25 10:41:20.903,4.664530839397523
2025-03-25 10:41:20.903,3.37826082485644
2025-03-25 10:41:20.912,-0.40649307259600065
2025-03-25 10:41:20.912,-2.4746789676159286
2025-03-25 10:41:20.913,-1.3921993058813047
2025-03-25 10:41:20.913,0.8800221260495368
2025-03-25 10:41:20.913,1.8261967771583099
2025-03-25 10:41:20.922,0.8485954965964502
2025-03-25 10:41:20.922,-0.9998643771640776
2025-03-25 10:41:20.923,-2.4874894988066343
2025-03-25 10:41:20.923,-2.5786047492999407
2025-03-25 10:41:20.923,-0.4148938444291666
2025-03-25 10:41:20.932,3.3638703578571216
2025-03-25 10:41:20.932,5.583079502658729
2025-03-25 10:41:20.932,2.991700577111347
2025-03-25 10:41:20.933,-3.2956022727046608
2025-03-25 10:41:20.933,-7.47231227941989
2025-03-25 10:41:20.942,-4.9450528262331765
2025-03-25 10:41:20.942,2.0321737670499354
2025-03-25 10:41:20.942,6.45786106707342
2025-03-25 10:41:20.943,4.4790275693209995
2025-03-25 10:41:20.943,-0.5598662227442122
2025-03-25 10:41:20.950,-2.8578354309935308
2025-03-25 10:41:20.951,-1.3290641589075018
2025-03-25 10:41:20.951,0.05785361089131727
2025-03-25 10:41:20.951,-1.343743723886239
2025-03-25 10:41:20.960,-2.87910304354004
2025-03-25 10:41:20.961,-0.6135805319005778
2025-03-25 10:41:20.961,4.254098935247279
2025-03-25 10:41:20.961,5.85860689497454
2025-03-25 10:41:20.961,1.1533825256085015
2025-03-25 10:41:20.970,-5.33850868008935
2025-03-25 10:41:20.971,-6.344608043868478
2025-03-25 10:41:20.971,-0.6460403709052913
2025-03-25 10:41:20.971,5.269218334852101
2025-03-25 10:41:20.971,4.901163438668244
2025-03-25 10:41:20.980,-0.7744214451860354
2025-03-25 10:41:20.980,-4.961531017123521
2025-03-25 10:41:20.981,-3.205538557704953
2025-03-25 10:41:20.981,1.973663346364721
2025-03-25 10:41:20.981,4.741969438296215
2025-03-25 10:41:20.990,2.5818947217216532
2025-03-25 10:41:20.990,-1.8188707405078148
2025-03-25 10:41:20.991,-4.317377102667246
2025-03-25 10:41:20.991,-3.291013619849849
2025-03-25 10:41:20.991,0.041687709278413365
2025-03-25 10:41:21.000,3.4205540849494653
2025-03-25 10:41:21.000,4.676304438036622
2025-03-25 10:41:21.000,2.464981387249946
2025-03-25 10:41:21.001,-2.2409824384570154
2025-03-25 10:41:21.001,-5.6454609153083375
2025-03-25 10:41:21.010,-4.103497242564468
2025-03-25 10:41:21.010,1.4576677014275128
2025-03-25 10:41:21.011,5.448357721939851
2025-03-25 10:41:21.011,3.546844720934006
2025-03-25 10:41:21.011,-1.8792139003191988
2025-03-25 10:41:21.018,-4.245192101617143
2025-03-25 10:41:21.019,-0.8667886352290749
2025-03-25 10:41:21.019,3.547610834728127
2025-03-25 10:41:21.019,2.916861950867752
2025-03-25 10:41:21.019,-2.2798185106427136
2025-03-25 10:41:21.029,-5.444783879796411
2025-03-25 10:41:21.029,-2.122175606361735
2025-03-25 10:41:21.029,4.313263468803102
2025-03-25 10:41:21.029,6.440417184945536
2025-03-25 10:41:21.029,1.480768620903846
2025-03-25 10:41:21.039,-5.225621162103695
2025-03-25 10:41:21.039,-6.107356675759478
2025-03-25 10:41:21.039,-0.1402468014078544
2025-03-25 10:41:21.039,5.730356590797793
2025-03-25 10:41:21.048,4.681641889647291
2025-03-25 10:41:21.048,-1.8213388067238765
2025-03-25 10:41:21.049,-5.8847987335402
2025-03-25 10:41:21.049,-2.8434054652890817
2025-03-25 10:41:21.049,3.3395446933404043
2025-03-25 10:41:21.058,5.334780582899351
2025-03-25 10:41:21.059,1.2908980274377464
2025-03-25 10:41:21.059,-3.6045752199607035
2025-03-25 10:41:21.059,-3.9408378394434602
2025-03-25 10:41:21.059,-0.29203335684175863
2025-03-25 10:41:21.068,2.4725912851301337
2025-03-25 10:41:21.068,1.761076695370912
2025-03-25 10:41:21.069,-0.08959927433429152
2025-03-25 10:41:21.069,-0.08985337923449427
2025-03-25 10:41:21.069,0.8216985015002668
2025-03-25 10:41:21.078,-0.2798028712886777
2025-03-25 10:41:21.078,-2.8983694686675716
2025-03-25 10:41:21.079,-2.937283171294525
2025-03-25 10:41:21.079,1.1970485112196116
2025-03-25 10:41:21.079,5.147727024303711
2025-03-25 10:41:21.088,3.704428091811018
2025-03-25 10:41:21.088,-2.0202506470976873
2025-03-25 10:41:21.088,-5.44217233525633
2025-03-25 10:41:21.089,-2.729396569779104
2025-03-25 10:41:21.089,2.4258143965158774
2025-03-25 10:41:21.098,3.7405795327363593
2025-03-25 10:41:21.098,0.318101146624745
2025-03-25 10:41:21.099,-2.723299397443745
2025-03-25 10:41:21.099,-1.3213421663776423
2025-03-25 10:41:21.099,2.3545244626191417
2025-03-25 10:41:21.107,3.1309486919317973
2025-03-25 10:41:21.107,-0.2758552094463005
2025-03-25 10:41:21.107,-3.762360841328773
2025-03-25 10:41:21.107,-3.217807329033016
2025-03-25 10:41:21.107,0.5277216668233853
2025-03-25 10:41:21.116,3.2236460592579035
2025-03-25 10:41:21.117,2.5123957413283264
2025-03-25 10:41:21.117,0.06351640317102222
2025-03-25 10:41:21.117,-1.3886021517091927
2025-03-25 10:41:21.117,-1.3212640782494944
2025-03-25 10:41:21.127,-0.8862881154215739
2025-03-25 10:41:21.127,-0.48678403450979546
2025-03-25 10:41:21.127,0.4188176231620045
2025-03-25 10:41:21.127,1.5199726933283368
2025-03-25 10:41:21.127,1.4668061942297381
2025-03-25 10:41:21.137,-0.08745036350540232
2025-03-25 10:41:21.137,-1.5868902850709332
2025-03-25 10:41:21.137,-1.4451495061727198
2025-03-25 10:41:21.137,0.02427166265738115
2025-03-25 10:41:21.146,1.1805947160499881
2025-03-25 10:41:21.146,0.967232939246466
2025-03-25 10:41:21.147,-0.19290438728633358
2025-03-25 10:41:21.147,-0.9513096198773922
2025-03-25 10:41:21.147,-0.33155822701455384
2025-03-25 10:41:21.156,1.0257978853384675
2025-03-25 10:41:21.157,1.1671508507270254
2025-03-25 10:41:21.157,-0.7004344285260428
2025-03-25 10:41:21.157,-2.4503213089060463
2025-03-25 10:41:21.157,-1.3421720925049259
2025-03-25 10:41:21.166,1.9289076581879716
2025-03-25 10:41:21.167,3.459309077088796
2025-03-25 10:41:21.167,1.1203103777102152
2025-03-25 10:41:21.167,-2.468602437771552
2025-03-25 10:41:21.167,-3.237914181808672
2025-03-25 10:41:21.176,-0.6950626645359542
2025-03-25 10:41:21.177,1.9327875946787145
2025-03-25 10:41:21.177,2.0107249621042684
2025-03-25 10:41:21.177,0.291277619706224
2025-03-25 10:41:21.177,-0.8403875875205147
2025-03-25 10:41:21.186,-0.5537859932551229
2025-03-25 10:41:21.186,0.0015359016110513407
2025-03-25 10:41:21.187,-0.13103200298650539
2025-03-25 10:41:21.187,-0.42263179268156176
2025-03-25 10:41:21.187,-0.05728673600682786
2025-03-25 10:41:21.196,0.5822565611600281
2025-03-25 10:41:21.196,0.5130563052032593
2025-03-25 10:41:21.197,-0.1971665099160364
2025-03-25 10:41:21.197,-0.4148340404882357
2025-03-25 10:41:21.197,0.28865322661665543
2025-03-25 10:41:21.206,0.7571795080686419
2025-03-25 10:41:21.207,-0.17731751254626732
2025-03-25 10:41:21.207,-1.682965087538504
2025-03-25 10:41:21.207,-1.53899409639545
2025-03-25 10:41:21.207,0.8680863233552651
2025-03-25 10:41:21.216,3.0558871889169326
2025-03-25 10:41:21.216,2.1008151117941107
2025-03-25 10:41:21.216,-1.4178381480744753
2025-03-25 10:41:21.217,-3.556513251338087
2025-03-25 10:41:21.217,-1.739094946104903
2025-03-25 10:41:21.226,1.8182722899595956
2025-03-25 10:41:21.226,2.7620508863597872
2025-03-25 10:41:21.226,0.1905540235146215
2025-03-25 10:41:21.227,-2.1836272173316
2025-03-25 10:41:21.227,-1.049169881128668
2025-03-25 10:41:21.236,1.9282081292113276
2025-03-25 10:41:21.236,2.3179433100634044
2025-03-25 10:41:21.236,-0.8628519052575989
2025-03-25 10:41:21.237,-3.491653342035168
2025-03-25 10:41:21.237,-1.8042982194908443
2025-03-25 10:41:21.246,2.354623343802683
2025-03-25 10:41:21.246,3.7729038574939056
2025-03-25 10:41:21.246,0.6755919129992985
2025-03-25 10:41:21.247,-3.0357151012045818
2025-03-25 10:41:21.247,-2.932549864543723
2025-03-25 10:41:21.256,0.44067666417788626
2025-03-25 10:41:21.256,2.764900777445448
2025-03-25 10:41:21.257,1.6638741411345923
2025-03-25 10:41:21.257,-0.8214438603139622
2025-03-25 10:41:21.257,-1.6575820343470642
2025-03-25 10:41:21.266,-0.7281021295508101
2025-03-25 10:41:21.266,0.06819343460954157
2025-03-25 10:41:21.267,0.27624590983618863
2025-03-25 10:41:21.267,1.0190799303553426
2025-03-25 10:41:21.267,1.8112646420885348
2025-03-25 10:41:21.276,0.27069317729059394
2025-03-25 10:41:21.276,-3.385163297124044
2025-03-25 10:41:21.277,-4.351123145923971
2025-03-25 10:41:21.277,0.7778835116138301
2025-03-25 10:41:21.277,7.366856671127323
2025-03-25 10:41:21.284,6.675667260697527
2025-03-25 10:41:21.285,-2.5848813905616943
2025-03-25 10:41:21.285,-10.728451696140395
2025-03-25 10:41:21.285,-8.005635096649844
2025-03-25 10:41:21.285,3.3421514718768175
2025-03-25 10:41:21.294,11.378511264121506
2025-03-25 10:41:21.295,8.108917321189278
2025-03-25 10:41:21.295,-2.277799616626864
2025-03-25 10:41:21.295,-9.210372913529058
2025-03-25 10:41:21.304,-7.150489942507021
2025-03-25 10:41:21.305,0.25264891035828113
2025-03-25 10:41:21.305,5.674333276969717
2025-03-25 10:41:21.305,5.429492414695656
2025-03-25 10:41:21.305,1.3532728649856338
2025-03-25 10:41:21.314,-2.5096311153471866
2025-03-25 10:41:21.315,-3.57067318384029
2025-03-25 10:41:21.315,-1.7402532448956245
2025-03-25 10:41:21.315,1.2336262541784466
2025-03-25 10:41:21.315,2.6960743446073345
2025-03-25 10:41:21.324,0.8664173202439935
2025-03-25 10:41:21.325,-2.7179178417977603
