timestamp,bandpass_and_notch
2025-03-23 09:52:12.268,-0.259677243483336
2025-03-23 09:52:12.268,3.245885664291137
2025-03-23 09:52:12.269,4.252352744338717
2025-03-23 09:52:12.269,-4.331406178555651
2025-03-23 09:52:12.277,-20.010698927218257
2025-03-23 09:52:12.278,-21.703499365938782
2025-03-23 09:52:12.278,6.376679102459378
2025-03-23 09:52:12.278,43.64368964897254
2025-03-23 09:52:12.278,45.93991991623538
2025-03-23 09:52:12.286,-1.5024758272132284
2025-03-23 09:52:12.286,-56.982695665060795
2025-03-23 09:52:12.286,-62.92517339094631
2025-03-23 09:52:12.286,-10.482372938880903
2025-03-23 09:52:12.294,49.15421851673593
2025-03-23 09:52:12.294,60.41837995207511
2025-03-23 09:52:12.294,20.3025141661111
2025-03-23 09:52:12.294,-26.131955928056065
2025-03-23 09:52:12.303,-38.68372562605701
2025-03-23 09:52:12.304,-18.86959610873287
2025-03-23 09:52:12.304,4.369664367311381
2025-03-23 09:52:12.304,11.915386025753758
2025-03-23 09:52:12.304,8.58980474763592
2025-03-23 09:52:12.313,6.48056530013695
2025-03-23 09:52:12.313,6.874568738911221
2025-03-23 09:52:12.314,2.952271785646099
2025-03-23 09:52:12.314,-6.337503101968819
2025-03-23 09:52:12.314,-12.705956912305556
2025-03-23 09:52:12.324,-9.014429162149192
2025-03-23 09:52:12.324,1.4294138805308274
2025-03-23 09:52:12.324,8.66622044797581
2025-03-23 09:52:12.324,7.315970305340207
2025-03-23 09:52:12.324,1.3411951944666143
2025-03-23 09:52:12.333,-2.1878798438037963
2025-03-23 09:52:12.333,-1.4395868925893611
2025-03-23 09:52:12.334,-0.26041633682293364
2025-03-23 09:52:12.334,-1.6648672527373511
2025-03-23 09:52:12.334,-3.687813313341477
2025-03-23 09:52:12.343,-2.591243666004387
2025-03-23 09:52:12.344,1.6697809961365482
2025-03-23 09:52:12.344,5.096823818032466
2025-03-23 09:52:12.344,4.382353310475177
2025-03-23 09:52:12.344,0.44241697231182564
2025-03-23 09:52:12.353,-3.074906327246984
2025-03-23 09:52:12.354,-3.7070371096596304
2025-03-23 09:52:12.354,-1.9653000509681269
2025-03-23 09:52:12.354,0.11662933139383208
2025-03-23 09:52:12.354,1.2724649890437245
2025-03-23 09:52:12.363,1.6762695592637549
2025-03-23 09:52:12.364,1.8449046592773315
2025-03-23 09:52:12.364,1.5181267763176778
2025-03-23 09:52:12.364,0.052203218631703345
2025-03-23 09:52:12.364,-2.1735533600374035
2025-03-23 09:52:12.373,-3.3737924114943136
2025-03-23 09:52:12.374,-1.9696329150118128
2025-03-23 09:52:12.374,1.3926829176746316
2025-03-23 09:52:12.374,3.862693813804589
2025-03-23 09:52:12.374,2.92543471431933
2025-03-23 09:52:12.383,-0.8014078781817486
2025-03-23 09:52:12.384,-3.6248775278485814
2025-03-23 09:52:12.384,-2.4471455871680057
2025-03-23 09:52:12.384,1.428513114575225
2025-03-23 09:52:12.384,3.2655307686471895
2025-03-23 09:52:12.393,0.5746705578528724
2025-03-23 09:52:12.394,-3.255023257090238
2025-03-23 09:52:12.394,-2.8608393518037474
2025-03-23 09:52:12.394,1.8964736338264347
2025-03-23 09:52:12.394,5.115575528207337
2025-03-23 09:52:12.402,2.2821431195180777
2025-03-23 09:52:12.402,-3.6039296355526225
2025-03-23 09:52:12.402,-5.592615815389927
2025-03-23 09:52:12.402,-1.5192530443571248
2025-03-23 09:52:12.402,3.574838524517648
2025-03-23 09:52:12.412,4.163212581805047
2025-03-23 09:52:12.412,0.7914049990545872
2025-03-23 09:52:12.412,-1.815821084333681
2025-03-23 09:52:12.412,-1.437534360279968
2025-03-23 09:52:12.422,-0.35292712451418184
2025-03-23 09:52:12.422,-0.8115110106457164
2025-03-23 09:52:12.422,-1.4156648433836563
2025-03-23 09:52:12.422,0.26506285753869263
2025-03-23 09:52:12.422,3.138585131478117
2025-03-23 09:52:12.431,3.329168961381089
2025-03-23 09:52:12.432,-0.3731040999846429
2025-03-23 09:52:12.432,-4.1531878343451405
2025-03-23 09:52:12.432,-3.6969755004717233
2025-03-23 09:52:12.432,0.36269837711580116
2025-03-23 09:52:12.441,3.439512429708082
2025-03-23 09:52:12.442,2.755085611006823
2025-03-23 09:52:12.442,0.01781822039235509
2025-03-23 09:52:12.442,-1.6690307825483097
2025-03-23 09:52:12.442,-1.4800845442635364
2025-03-23 09:52:12.452,-0.6016713359901646
2025-03-23 09:52:12.452,0.10937014523523593
2025-03-23 09:52:12.452,0.7160926788863496
2025-03-23 09:52:12.452,1.0640993655153665
2025-03-23 09:52:12.452,0.5307678290526625
2025-03-23 09:52:12.461,-0.7695596717346781
2025-03-23 09:52:12.462,-1.4513323970101284
2025-03-23 09:52:12.462,-0.36037099104903136
2025-03-23 09:52:12.462,1.5687705996221954
2025-03-23 09:52:12.462,1.9001196048498827
2025-03-23 09:52:12.471,-0.28198172364331
2025-03-23 09:52:12.472,-2.625845931641205
2025-03-23 09:52:12.472,-2.023037072258822
2025-03-23 09:52:12.472,1.1919681752161453
2025-03-23 09:52:12.472,3.12799666889929
2025-03-23 09:52:12.481,1.2229129952318707
2025-03-23 09:52:12.482,-2.1720336539730005
2025-03-23 09:52:12.482,-2.685989585550074
2025-03-23 09:52:12.482,0.3374525818991984
2025-03-23 09:52:12.482,2.982299361696979
2025-03-23 09:52:12.491,1.8588490548207646
2025-03-23 09:52:12.492,-1.6657749463142106
2025-03-23 09:52:12.492,-3.362598335411098
2025-03-23 09:52:12.492,-1.3262706221269358
2025-03-23 09:52:12.492,2.013383989677318
2025-03-23 09:52:12.501,2.9962871006493526
2025-03-23 09:52:12.502,0.8670581556777691
2025-03-23 09:52:12.502,-1.7112134533360712
2025-03-23 09:52:12.502,-1.9088949261400592
2025-03-23 09:52:12.502,0.14128815653506047
2025-03-23 09:52:12.510,1.7245399886904844
2025-03-23 09:52:12.510,0.8034619956369924
2025-03-23 09:52:12.510,-1.578945393745621
2025-03-23 09:52:12.511,-2.4645282626122644
2025-03-23 09:52:12.511,-0.43383182465912845
2025-03-23 09:52:12.520,2.5792162670530128
2025-03-23 09:52:12.520,3.3192340879549302
2025-03-23 09:52:12.520,0.8648538481293411
2025-03-23 09:52:12.520,-2.3637728163032574
2025-03-23 09:52:12.521,-3.3772261957597918
2025-03-23 09:52:12.531,-1.685038872530061
2025-03-23 09:52:12.532,0.8383885727172917
2025-03-23 09:52:12.532,2.3607629547761904
2025-03-23 09:52:12.532,2.4056375208722547
2025-03-23 09:52:12.532,1.2312406317699764
2025-03-23 09:52:12.540,-0.7358647200191156
2025-03-23 09:52:12.540,-2.51847896983109
2025-03-23 09:52:12.540,-2.708084923551896
2025-03-23 09:52:12.540,-0.8267439268849762
2025-03-23 09:52:12.549,1.7702389052374448
2025-03-23 09:52:12.550,3.0044933202241433
2025-03-23 09:52:12.550,2.01548945329019
2025-03-23 09:52:12.550,-0.31714463006323645
2025-03-23 09:52:12.550,-2.413371011653878
2025-03-23 09:52:12.560,-2.9895302937218147
2025-03-23 09:52:12.560,-1.464050877326882
2025-03-23 09:52:12.560,1.5100783829648965
2025-03-23 09:52:12.560,3.7652042843257867
2025-03-23 09:52:12.560,3.026758096307855
2025-03-23 09:52:12.569,-0.5541682019973606
2025-03-23 09:52:12.570,-3.8462325933769237
2025-03-23 09:52:12.570,-3.6894138611054994
2025-03-23 09:52:12.570,-0.34446505253915854
2025-03-23 09:52:12.570,2.7925162544921625
2025-03-23 09:52:12.579,3.0152334046788516
2025-03-23 09:52:12.579,0.9901223473668094
2025-03-23 09:52:12.580,-0.7891085900996776
2025-03-23 09:52:12.580,-1.2473625226766676
2025-03-23 09:52:12.580,-1.2681681750970593
2025-03-23 09:52:12.589,-1.4286507220828157
2025-03-23 09:52:12.590,-0.8240331528173724
2025-03-23 09:52:12.590,1.1849568905250318
2025-03-23 09:52:12.590,3.1135476664633974
2025-03-23 09:52:12.590,2.5075985587186103
2025-03-23 09:52:12.599,-0.9307868765577255
2025-03-23 09:52:12.600,-4.148437279889716
2025-03-23 09:52:12.600,-3.501140252983838
2025-03-23 09:52:12.600,1.009903351323272
2025-03-23 09:52:12.600,4.910206638898036
2025-03-23 09:52:12.608,3.724051169523298
2025-03-23 09:52:12.608,-1.6791475341444888
2025-03-23 09:52:12.608,-5.466607905850766
2025-03-23 09:52:12.609,-3.328330718105276
2025-03-23 09:52:12.609,2.4068948867530984
2025-03-23 09:52:12.618,5.400242377874384
2025-03-23 09:52:12.618,2.612943455112474
2025-03-23 09:52:12.618,-2.4887927263375795
2025-03-23 09:52:12.618,-4.355941706516765
2025-03-23 09:52:12.628,-1.6837067318404677
2025-03-23 09:52:12.628,1.8237651594422857
2025-03-23 09:52:12.628,2.464188178362415
2025-03-23 09:52:12.628,0.6581906571324749
2025-03-23 09:52:12.628,-0.6491749199931639
2025-03-23 09:52:12.638,-0.36050561321559044
2025-03-23 09:52:12.638,-0.10952126696120343
2025-03-23 09:52:12.638,-0.9216471867294466
2025-03-23 09:52:12.638,-1.2196781422624978
2025-03-23 09:52:12.638,0.5284744108592134
2025-03-23 09:52:12.647,2.667081596967301
2025-03-23 09:52:12.648,2.021875986115764
2025-03-23 09:52:12.648,-1.4972567468714557
2025-03-23 09:52:12.648,-4.019060235616607
2025-03-23 09:52:12.648,-2.2945329550893985
2025-03-23 09:52:12.657,2.1097204746156564
2025-03-23 09:52:12.658,4.447580137833751
2025-03-23 09:52:12.658,2.222065433042874
2025-03-23 09:52:12.658,-2.0849763246026116
2025-03-23 09:52:12.658,-3.911105271755789
2025-03-23 09:52:12.667,-1.6309309160058605
2025-03-23 09:52:12.668,1.8688042455304426
2025-03-23 09:52:12.668,2.685721912802679
2025-03-23 09:52:12.668,0.4245062627622508
2025-03-23 09:52:12.668,-1.655935430068611
2025-03-23 09:52:12.677,-1.0645231880889916
2025-03-23 09:52:12.677,0.7949030184712027
2025-03-23 09:52:12.678,1.0637083600055353
2025-03-23 09:52:12.678,-0.3150056776117325
2025-03-23 09:52:12.678,-0.9712544397796395
2025-03-23 09:52:12.687,-0.14671728084619823
2025-03-23 09:52:12.688,0.4223098727600843
2025-03-23 09:52:12.688,-0.05618068472910986
2025-03-23 09:52:12.688,-0.07806989647430101
2025-03-23 09:52:12.688,0.9396096664379453
2025-03-23 09:52:12.696,0.9766076684658166
2025-03-23 09:52:12.696,-1.0574134921361582
2025-03-23 09:52:12.696,-2.5325241730437464
2025-03-23 09:52:12.697,-0.6278946103832281
2025-03-23 09:52:12.697,2.8144384284260715
2025-03-23 09:52:12.706,3.1380369901993115
2025-03-23 09:52:12.706,-0.6136767357516176
2025-03-23 09:52:12.706,-3.945195162762859
2025-03-23 09:52:12.706,-2.6666083376107936
2025-03-23 09:52:12.716,1.6760795119457244
2025-03-23 09:52:12.716,3.870515505702603
2025-03-23 09:52:12.716,1.5837975555957717
2025-03-23 09:52:12.716,-2.093071060602337
2025-03-23 09:52:12.716,-2.8353294119155974
2025-03-23 09:52:12.726,-0.26719663319807
2025-03-23 09:52:12.726,2.1200585224915263
2025-03-23 09:52:12.726,1.5488734845419874
2025-03-23 09:52:12.726,-0.9175476643556366
2025-03-23 09:52:12.726,-2.1273322414476965
2025-03-23 09:52:12.736,-0.7298399227318977
2025-03-23 09:52:12.736,1.5527626456658898
2025-03-23 09:52:12.736,2.214050876860029
2025-03-23 09:52:12.736,0.6496962900903183
2025-03-23 09:52:12.736,-1.5491827544714574
2025-03-23 09:52:12.746,-2.329130963749028
2025-03-23 09:52:12.746,-0.966137341912403
2025-03-23 09:52:12.746,1.3440659117854954
2025-03-23 09:52:12.746,2.4160996020054317
2025-03-23 09:52:12.746,1.0907155605191754
2025-03-23 09:52:12.756,-1.363254316130802
2025-03-23 09:52:12.756,-2.362164088808513
2025-03-23 09:52:12.756,-0.8822593179917317
2025-03-23 09:52:12.756,1.3732576225234243
2025-03-23 09:52:12.756,2.146950047089708
2025-03-23 09:52:12.766,1.1351640728778283
2025-03-23 09:52:12.766,-0.5006583613225605
2025-03-23 09:52:12.766,-2.0430334445989873
2025-03-23 09:52:12.766,-2.9987621632454267
2025-03-23 09:52:12.766,-1.8637153054562878
2025-03-23 09:52:12.775,2.200727850876496
2025-03-23 09:52:12.776,6.223261493983975
2025-03-23 09:52:12.776,5.0306828374023125
2025-03-23 09:52:12.776,-2.121969393198066
2025-03-23 09:52:12.776,-8.670301100457635
2025-03-23 09:52:12.785,-7.291400584534351
2025-03-23 09:52:12.786,1.263503836994031
2025-03-23 09:52:12.786,8.440848722097778
2025-03-23 09:52:12.786,7.375848517343469
2025-03-23 09:52:12.786,0.0866657551268244
2025-03-23 09:52:12.795,-5.744062602082142
2025-03-23 09:52:12.796,-5.463882643858119
2025-03-23 09:52:12.796,-1.181381092234654
2025-03-23 09:52:12.796,2.30088145745249
2025-03-23 09:52:12.796,2.860438217665509
2025-03-23 09:52:12.804,1.650029278251384
2025-03-23 09:52:12.804,0.22957366522492256
2025-03-23 09:52:12.804,-0.932424916140524
2025-03-23 09:52:12.804,-1.5500978124388303
2025-03-23 09:52:12.805,-1.05764750914485
2025-03-23 09:52:12.814,0.29262228124212925
2025-03-23 09:52:12.814,1.0689285491367062
2025-03-23 09:52:12.814,0.3555419330165638
2025-03-23 09:52:12.815,-0.7780603624962475
2025-03-23 09:52:12.815,-0.4971501341063938
2025-03-23 09:52:12.824,1.1800351168895014
2025-03-23 09:52:12.824,1.9488633908530257
2025-03-23 09:52:12.824,0.051576033257039286
2025-03-23 09:52:12.824,-2.92250891246454
2025-03-23 09:52:12.825,-3.2609251800526904
2025-03-23 09:52:12.834,0.3195132676893249
2025-03-23 09:52:12.834,4.319719247986101
2025-03-23 09:52:12.834,4.00464566101953
2025-03-23 09:52:12.834,-0.8018014139797098
2025-03-23 09:52:12.835,-4.903799162258654
2025-03-23 09:52:12.844,-3.5478399400269547
2025-03-23 09:52:12.844,1.773709177502775
2025-03-23 09:52:12.844,4.747296669494647
2025-03-23 09:52:12.845,1.7223659537101752
2025-03-23 09:52:12.845,-3.5941761984136926
2025-03-23 09:52:12.854,-4.391482327381768
2025-03-23 09:52:12.854,0.7536082961673258
2025-03-23 09:52:12.854,5.739588995422
2025-03-23 09:52:12.854,4.253999280281043
2025-03-23 09:52:12.855,-2.4231876731147555
2025-03-23 09:52:12.864,-6.873960256040514
2025-03-23 09:52:12.864,-4.278235997671732
2025-03-23 09:52:12.864,2.346310196458888
2025-03-23 09:52:12.864,6.1357726906020655
2025-03-23 09:52:12.865,4.004158900038922
2025-03-23 09:52:12.874,-0.9604074289706745
2025-03-23 09:52:12.874,-3.868569239710067
2025-03-23 09:52:12.874,-3.0887410843475682
2025-03-23 09:52:12.874,-0.610955530421684
2025-03-23 09:52:12.884,1.206771798092645
2025-03-23 09:52:12.884,1.8101994845052174
2025-03-23 09:52:12.884,1.6243073029254544
2025-03-23 09:52:12.884,0.6832960600150242
2025-03-23 09:52:12.884,-0.9054181480459556
2025-03-23 09:52:12.894,-1.9584521497170755
2025-03-23 09:52:12.894,-1.176935556387852
2025-03-23 09:52:12.894,0.8117612765614782
2025-03-23 09:52:12.894,1.725454588940823
2025-03-23 09:52:12.894,0.521196864852798
2025-03-23 09:52:12.904,-1.1301280373693794
2025-03-23 09:52:12.904,-1.1381363280570043
2025-03-23 09:52:12.904,0.255390505631928
2025-03-23 09:52:12.904,1.1881582150527084
2025-03-23 09:52:12.904,0.8192016475210517
2025-03-23 09:52:12.913,-0.14756635910333293
2025-03-23 09:52:12.914,-1.005803092986794
2025-03-23 09:52:12.914,-1.5013699715845346
2025-03-23 09:52:12.914,-0.9942554788294479
2025-03-23 09:52:12.914,1.0031750465573082
2025-03-23 09:52:12.923,3.0886245810313593
2025-03-23 09:52:12.924,2.55929633079844
2025-03-23 09:52:12.924,-1.0884099380982337
2025-03-23 09:52:12.924,-4.431870452458709
2025-03-23 09:52:12.924,-3.575460815641129
2025-03-23 09:52:12.933,0.9326991863108851
2025-03-23 09:52:12.934,4.28645871384263
2025-03-23 09:52:12.934,3.0362063049750945
2025-03-23 09:52:12.934,-0.835676078343036
2025-03-23 09:52:12.934,-2.611824330882818
2025-03-23 09:52:12.943,-0.779217104557373
2025-03-23 09:52:12.944,1.447401451912993
2025-03-23 09:52:12.944,0.721238304937697
2025-03-23 09:52:12.944,-1.9675647609472056
2025-03-23 09:52:12.944,-2.7109484430003077
2025-03-23 09:52:12.953,0.09394609739868175
2025-03-23 09:52:12.954,3.5425165538402195
2025-03-23 09:52:12.954,3.7091078018352266
2025-03-23 09:52:12.954,0.28010330845623915
2025-03-23 09:52:12.954,-3.2582475455901645
2025-03-23 09:52:12.963,-3.6425085633372527
2025-03-23 09:52:12.964,-1.039557414024996
2025-03-23 09:52:12.964,1.776777282878808
2025-03-23 09:52:12.964,2.532351088693337
2025-03-23 09:52:12.964,1.3101290433766326
2025-03-23 09:52:12.972,-0.19210274827624224
2025-03-23 09:52:12.972,-0.735211096560573
2025-03-23 09:52:12.972,-0.7177893181629607
2025-03-23 09:52:12.972,-1.1484979624339626
2025-03-23 09:52:12.982,-1.6605114432753711
2025-03-23 09:52:12.982,-0.5740603671587264
2025-03-23 09:52:12.982,2.374177542122956
2025-03-23 09:52:12.982,4.382577897709816
2025-03-23 09:52:12.983,2.307746820182217
2025-03-23 09:52:12.992,-2.968141233821716
2025-03-23 09:52:12.992,-6.465751761817206
2025-03-23 09:52:12.992,-4.266491443012608
2025-03-23 09:52:12.992,2.0286118779892464
2025-03-23 09:52:12.992,6.817067856869951
2025-03-23 09:52:13.002,6.040077269954523
2025-03-23 09:52:13.002,0.5772066018225537
2025-03-23 09:52:13.002,-5.220701422386099
2025-03-23 09:52:13.002,-7.18453090632633
2025-03-23 09:52:13.002,-3.8905183146067612
2025-03-23 09:52:13.012,2.5406788117171417
2025-03-23 09:52:13.012,7.37417580849586
2025-03-23 09:52:13.012,6.438281690316085
2025-03-23 09:52:13.012,0.06787449590252709
2025-03-23 09:52:13.012,-6.349938075864738
2025-03-23 09:52:13.022,-7.1069868376606395
2025-03-23 09:52:13.022,-1.8282659096785743
2025-03-23 09:52:13.022,4.249406664150023
2025-03-23 09:52:13.022,5.78278026671074
2025-03-23 09:52:13.022,2.409579851212124
2025-03-23 09:52:13.032,-1.8531694364438274
2025-03-23 09:52:13.032,-3.332020410461384
2025-03-23 09:52:13.032,-1.9060397287253081
2025-03-23 09:52:13.032,0.09063331403811442
2025-03-23 09:52:13.033,0.9175855295156002
2025-03-23 09:52:13.042,0.7760767595292357
2025-03-23 09:52:13.042,0.6645206863364572
2025-03-23 09:52:13.042,0.7689765936141381
2025-03-23 09:52:13.042,0.37968786525888937
2025-03-23 09:52:13.043,-0.7786170076088008
2025-03-23 09:52:13.052,-1.6766854058844696
2025-03-23 09:52:13.052,-1.0061256992611936
2025-03-23 09:52:13.052,0.9162643264898203
2025-03-23 09:52:13.052,2.010464251996193
2025-03-23 09:52:13.052,0.8199840879416689
2025-03-23 09:52:13.061,-1.4008236302933958
2025-03-23 09:52:13.062,-1.9407772488918362
2025-03-23 09:52:13.062,-0.028491376748508906
2025-03-23 09:52:13.062,2.016925339588564
2025-03-23 09:52:13.062,1.6227848335556323
2025-03-23 09:52:13.071,-0.7697129765277121
2025-03-23 09:52:13.072,-2.279561299516094
2025-03-23 09:52:13.072,-1.222049353694156
2025-03-23 09:52:13.072,0.9713691103812004
2025-03-23 09:52:13.072,1.8307747620997195
2025-03-23 09:52:13.081,0.8424640098308701
2025-03-23 09:52:13.081,-0.47156803316725926
2025-03-23 09:52:13.082,-0.8356180403275567
2025-03-23 09:52:13.082,-0.4738628718942017
2025-03-23 09:52:13.082,-0.17965793457645607
2025-03-23 09:52:13.091,-0.13531878091648086
2025-03-23 09:52:13.092,0.004206215410221377
2025-03-23 09:52:13.092,0.4129692352186272
2025-03-23 09:52:13.092,0.8126986789019872
2025-03-23 09:52:13.092,0.6814483310313096
2025-03-23 09:52:13.100,-0.2470910060280325
2025-03-23 09:52:13.100,-1.407479722252736
2025-03-23 09:52:13.100,-1.5387318039375928
2025-03-23 09:52:13.101,-0.011459383042562839
2025-03-23 09:52:13.101,1.9881607295685781
2025-03-23 09:52:13.110,2.32452359229578
2025-03-23 09:52:13.110,0.3063763468889008
2025-03-23 09:52:13.110,-2.247941603179237
2025-03-23 09:52:13.111,-2.778619078033292
2025-03-23 09:52:13.120,-0.6850516451418995
2025-03-23 09:52:13.120,2.0059037965846924
2025-03-23 09:52:13.120,2.6920549823427797
2025-03-23 09:52:13.120,0.8572743298710348
2025-03-23 09:52:13.121,-1.4226198630919007
2025-03-23 09:52:13.130,-1.8172667383536765
2025-03-23 09:52:13.130,-0.402859111805658
2025-03-23 09:52:13.130,0.6561631897918017
2025-03-23 09:52:13.130,0.14130327391383513
2025-03-23 09:52:13.130,-0.5998466191516547
2025-03-23 09:52:13.140,0.15717915616641942
2025-03-23 09:52:13.140,1.6825173985459023
2025-03-23 09:52:13.140,1.6144139299085594
2025-03-23 09:52:13.140,-0.629944449157394
2025-03-23 09:52:13.140,-2.7484043262470967
2025-03-23 09:52:13.150,-2.2814386252314605
2025-03-23 09:52:13.150,0.5008508486232075
2025-03-23 09:52:13.150,2.9325438333674936
2025-03-23 09:52:13.150,2.661693453995559
2025-03-23 09:52:13.150,-0.1658378259539978
2025-03-23 09:52:13.160,-2.9534308166488463
2025-03-23 09:52:13.160,-2.899686452033753
2025-03-23 09:52:13.160,0.16535475986797693
2025-03-23 09:52:13.160,3.1937733088437885
2025-03-23 09:52:13.160,2.9237106065502982
2025-03-23 09:52:13.170,-0.41369936973125376
2025-03-23 09:52:13.170,-3.19702092175101
2025-03-23 09:52:13.170,-2.5346534847698177
2025-03-23 09:52:13.170,0.5188915267215153
2025-03-23 09:52:13.170,2.509337961876735
2025-03-23 09:52:13.179,1.7321569562130288
2025-03-23 09:52:13.180,-0.2520255618183119
2025-03-23 09:52:13.180,-1.2147611268196479
2025-03-23 09:52:13.180,-0.9953815290104233
2025-03-23 09:52:13.180,-0.7013757620664042
2025-03-23 09:52:13.190,-0.30097315923023144
2025-03-23 09:52:13.190,1.0429900550118287
2025-03-23 09:52:13.190,2.443836796020517
2025-03-23 09:52:13.190,1.508817694923538
2025-03-23 09:52:13.190,-1.9056177238814553
2025-03-23 09:52:13.199,-4.209692974197485
2025-03-23 09:52:13.200,-2.206989611855308
2025-03-23 09:52:13.200,2.488547809355109
2025-03-23 09:52:13.200,5.093875419281459
2025-03-23 09:52:13.200,3.1122917965732464
2025-03-23 09:52:13.208,-1.5045017425199156
2025-03-23 09:52:13.208,-5.0510397321109615
2025-03-23 09:52:13.208,-5.098171258936792
2025-03-23 09:52:13.208,-1.3155825258036251
2025-03-23 09:52:13.209,4.313254069392644
2025-03-23 09:52:13.218,7.611302876966885
2025-03-23 09:52:13.218,4.90253570004375
2025-03-23 09:52:13.218,-2.675865304922657
2025-03-23 09:52:13.218,-8.721467252515659
2025-03-23 09:52:13.228,-7.403762143498281
2025-03-23 09:52:13.228,0.23001984099653072
2025-03-23 09:52:13.228,7.097862188417762
2025-03-23 09:52:13.228,7.416688764435728
2025-03-23 09:52:13.228,2.0762186765713126
2025-03-23 09:52:13.229,-3.496578347379526
2025-03-23 09:52:13.238,-5.263254508289099
2025-03-23 09:52:13.238,-3.289001034120215
2025-03-23 09:52:13.238,0.09991923105918793
2025-03-23 09:52:13.239,2.7390606226082648
2025-03-23 09:52:13.239,3.2752103368323837
2025-03-23 09:52:13.248,1.432783234830208
2025-03-23 09:52:13.248,-1.3289568228764084
2025-03-23 09:52:13.248,-2.5156201076256126
2025-03-23 09:52:13.249,-1.1095244118354033
2025-03-23 09:52:13.258,1.0829504270821984
2025-03-23 09:52:13.258,1.5283061864270742
2025-03-23 09:52:13.258,0.07104315751881768
2025-03-23 09:52:13.258,-1.1080491062124753
2025-03-23 09:52:13.259,-0.5684646528138406
2025-03-23 09:52:13.268,0.608480301685892
2025-03-23 09:52:13.268,0.6626584482435102
2025-03-23 09:52:13.268,-0.28891667442139835
2025-03-23 09:52:13.268,-0.6662337480244637
2025-03-23 09:52:13.268,0.10672586822746913
2025-03-23 09:52:13.278,0.8705741309085513
2025-03-23 09:52:13.278,0.5628649249185043
2025-03-23 09:52:13.278,-0.3774482764873979
2025-03-23 09:52:13.278,-0.9061094523847056
2025-03-23 09:52:13.278,-0.7639287342281718
2025-03-23 09:52:13.288,-0.30067141662685665
2025-03-23 09:52:13.288,0.3822886253939285
2025-03-23 09:52:13.288,1.2130207987696267
2025-03-23 09:52:13.288,1.4618734344784137
2025-03-23 09:52:13.288,0.35004171195694406
2025-03-23 09:52:13.298,-1.5223942925125142
2025-03-23 09:52:13.298,-2.287715957324188
2025-03-23 09:52:13.298,-0.906972753227241
2025-03-23 09:52:13.298,1.3726501858536884
2025-03-23 09:52:13.298,2.2960442025198007
2025-03-23 09:52:13.308,1.1159522748847055
2025-03-23 09:52:13.308,-0.7430872526759861
2025-03-23 09:52:13.308,-1.4858773556339306
2025-03-23 09:52:13.308,-0.8516117664823616
2025-03-23 09:52:13.308,0.008912205145665708
2025-03-23 09:52:13.318,0.18431202176694617
2025-03-23 09:52:13.318,0.01620063662945348
2025-03-23 09:52:13.318,0.32471397098770244
2025-03-23 09:52:13.318,1.0150109858813692
2025-03-23 09:52:13.318,1.0440495709603537
2025-03-23 09:52:13.327,-0.0999898142905319
2025-03-23 09:52:13.328,-1.4390751370981916
2025-03-23 09:52:13.328,-1.5512213609678605
2025-03-23 09:52:13.328,-0.34054956758958305
2025-03-23 09:52:13.328,0.867937006244175
2025-03-23 09:52:13.338,1.0334341994699792
2025-03-23 09:52:13.338,0.5253220966385883
2025-03-23 09:52:13.338,0.21523789743007093
2025-03-23 09:52:13.338,0.103140179412687
2025-03-23 09:52:13.338,-0.382119923978853
2025-03-23 09:52:13.348,-1.0373214404593605
2025-03-23 09:52:13.348,-0.875676971926501
2025-03-23 09:52:13.348,0.3081092382536266
2025-03-23 09:52:13.348,1.2475098632310408
2025-03-23 09:52:13.348,0.7151630548641191
2025-03-23 09:52:13.357,-0.7404942536566522
2025-03-23 09:52:13.358,-1.2974130170811067
2025-03-23 09:52:13.358,-0.08099048527650894
2025-03-23 09:52:13.358,1.651730758224941
2025-03-23 09:52:13.358,1.8322307309994923
2025-03-23 09:52:13.367,-0.08030585776657628
2025-03-23 09:52:13.368,-2.3641807760784306
2025-03-23 09:52:13.368,-2.729753864578378
2025-03-23 09:52:13.368,-0.6372978450575774
2025-03-23 09:52:13.368,2.140553914431689
2025-03-23 09:52:13.376,3.18027740804988
2025-03-23 09:52:13.376,1.632164438099718
2025-03-23 09:52:13.376,-1.033987080866148
2025-03-23 09:52:13.376,-2.468456771106901
2025-03-23 09:52:13.377,-1.7616276127344248
2025-03-23 09:52:13.388,-0.20620749369618535
2025-03-23 09:52:13.388,0.4956432743711885
2025-03-23 09:52:13.388,0.3944839112065141
2025-03-23 09:52:13.388,0.843164196990166
2025-03-23 09:52:13.388,1.9722637103838871
2025-03-23 09:52:13.396,1.914678341468272
2025-03-23 09:52:13.396,-0.5794166822837734
2025-03-23 09:52:13.396,-3.613185650248999
2025-03-23 09:52:13.397,-3.7335557900560548
2025-03-23 09:52:13.406,-0.2166786903099356
2025-03-23 09:52:13.406,3.519453606590503
2025-03-23 09:52:13.406,3.685086584567241
2025-03-23 09:52:13.406,0.6026652909892196
2025-03-23 09:52:13.407,-1.850330981848529
2025-03-23 09:52:13.416,-1.263290812325502
2025-03-23 09:52:13.416,0.33898543497394845
2025-03-23 09:52:13.416,-0.36536803247486493
2025-03-23 09:52:13.416,-2.8464335844591293
2025-03-23 09:52:13.416,-2.8259262837876697
2025-03-23 09:52:13.426,1.7887580443156323
2025-03-23 09:52:13.426,6.849043583491583
2025-03-23 09:52:13.426,5.977401630863673
2025-03-23 09:52:13.426,-1.492176910367096
2025-03-23 09:52:13.426,-8.619884907789492
2025-03-23 09:52:13.436,-8.077593082267658
2025-03-23 09:52:13.436,-0.2630041527710384
2025-03-23 09:52:13.436,7.189417488843664
2025-03-23 09:52:13.436,7.69904229368895
2025-03-23 09:52:13.436,2.1136578461685582
2025-03-23 09:52:13.445,-3.474555942100964
2025-03-23 09:52:13.446,-4.75347858902671
2025-03-23 09:52:13.446,-2.6508697550200315
2025-03-23 09:52:13.446,-0.45614710661762614
2025-03-23 09:52:13.446,0.4858859616136232
2025-03-23 09:52:13.456,1.2394690914950441
2025-03-23 09:52:13.456,2.534407901395187
2025-03-23 09:52:13.456,3.2021319749615764
2025-03-23 09:52:13.456,1.695368610115494
2025-03-23 09:52:13.456,-1.6793449741465403
2025-03-23 09:52:13.466,-4.623876324291544
2025-03-23 09:52:13.466,-4.731219997193689
2025-03-23 09:52:13.466,-1.4379517197464124
2025-03-23 09:52:13.466,3.3352947097119388
2025-03-23 09:52:13.466,6.200102175101091
2025-03-23 09:52:13.474,4.679631662090288
2025-03-23 09:52:13.474,-0.47955075397095515
2025-03-23 09:52:13.474,-5.3605209250863135
2025-03-23 09:52:13.475,-6.014696206916318
2025-03-23 09:52:13.475,-2.0751072176368552
2025-03-23 09:52:13.484,2.8892787588752396
2025-03-23 09:52:13.484,4.859704110036995
2025-03-23 09:52:13.484,3.053725990721789
2025-03-23 09:52:13.484,-0.06912264924637834
2025-03-23 09:52:13.485,-2.009881256030451
2025-03-23 09:52:13.494,-2.470520769760991
2025-03-23 09:52:13.494,-2.2472228354065944
2025-03-23 09:52:13.494,-1.227182487267686
2025-03-23 09:52:13.495,1.1097128715594846
2025-03-23 09:52:13.504,3.6133664922716386
2025-03-23 09:52:13.504,3.678320976365469
2025-03-23 09:52:13.504,0.36919165386609454
2025-03-23 09:52:13.504,-3.6718081937022453
2025-03-23 09:52:13.505,-4.614451548342315
2025-03-23 09:52:13.514,-1.5510620682669924
2025-03-23 09:52:13.514,2.571532357910603
2025-03-23 09:52:13.514,4.08491935810655
2025-03-23 09:52:13.514,2.0599605072728506
2025-03-23 09:52:13.514,-1.2828819077017823
2025-03-23 09:52:13.524,-2.9286733852052387
2025-03-23 09:52:13.524,-1.7111723862313113
2025-03-23 09:52:13.524,0.8068118328439928
2025-03-23 09:52:13.524,1.9036363583956648
2025-03-23 09:52:13.524,0.6102512558225307
2025-03-23 09:52:13.534,-1.035414414260584
2025-03-23 09:52:13.534,-0.5613988739831658
2025-03-23 09:52:13.534,1.1849621372854313
2025-03-23 09:52:13.534,0.7484921150292684
2025-03-23 09:52:13.534,-2.4632010725407523
2025-03-23 09:52:13.544,-3.7661754005836263
2025-03-23 09:52:13.544,0.8034141645588523
2025-03-23 09:52:13.544,7.280193659021175
2025-03-23 09:52:13.544,6.851362441999944
2025-03-23 09:52:13.544,-2.5727926406069246
2025-03-23 09:52:13.554,-11.577118228771239
2025-03-23 09:52:13.554,-9.374496346734924
2025-03-23 09:52:13.554,2.879514518326187
2025-03-23 09:52:13.554,12.60677225411651
2025-03-23 09:52:13.554,9.960179756671778
2025-03-23 09:52:13.562,-1.5261116132814603
2025-03-23 09:52:13.562,-9.859285377049138
2025-03-23 09:52:13.562,-7.99819151873999
2025-03-23 09:52:13.563,-0.017733064282838717
2025-03-23 09:52:13.563,5.269513633903457
2025-03-23 09:52:13.573,4.124073280254931
2025-03-23 09:52:13.574,0.23288319707556732
2025-03-23 09:52:13.574,-1.221228068707053
2025-03-23 09:52:13.574,0.2780486909378419
2025-03-23 09:52:13.574,1.0488005318003886
2025-03-23 09:52:13.582,-1.180207147068905
2025-03-23 09:52:13.582,-3.8645552724189107
2025-03-23 09:52:13.582,-2.805457119278888
2025-03-23 09:52:13.582,2.063677736687604
2025-03-23 09:52:13.583,5.794677941990682
2025-03-23 09:52:13.592,3.999426111207081
2025-03-23 09:52:13.592,-1.8346911227189593
2025-03-23 09:52:13.592,-5.848185873581211
2025-03-23 09:52:13.593,-4.261514903633346
2025-03-23 09:52:13.602,0.8700710425591838
2025-03-23 09:52:13.602,4.4451603486358335
2025-03-23 09:52:13.602,3.72518982218808
2025-03-23 09:52:13.602,0.3108289970893634
2025-03-23 09:52:13.603,-2.4543239251072024
2025-03-23 09:52:13.612,-2.8007998058477974
2025-03-23 09:52:13.612,-1.2326745686128682
2025-03-23 09:52:13.612,0.8070591054916383
2025-03-23 09:52:13.612,2.0382806251420726
2025-03-23 09:52:13.613,1.6974529446042508
2025-03-23 09:52:13.622,-0.03849182000662946
2025-03-23 09:52:13.622,-1.7987518997928384
2025-03-23 09:52:13.622,-1.9254026292782633
2025-03-23 09:52:13.622,-0.08979156267586222
2025-03-23 09:52:13.622,2.1373301370621562
2025-03-23 09:52:13.632,2.54380663954004
2025-03-23 09:52:13.632,0.31491031487998444
2025-03-23 09:52:13.632,-2.876234104443172
2025-03-23 09:52:13.632,-3.915716253794422
2025-03-23 09:52:13.632,-1.1191334424396993
2025-03-23 09:52:13.641,3.503249944656165
2025-03-23 09:52:13.642,5.48491847184851
2025-03-23 09:52:13.642,2.3267988943066413
2025-03-23 09:52:13.642,-3.390236233156342
2025-03-23 09:52:13.642,-6.182422346474306
2025-03-23 09:52:13.652,-3.291219235634929
2025-03-23 09:52:13.652,2.402823764436241
2025-03-23 09:52:13.652,5.456691190363349
2025-03-23 09:52:13.652,3.4236673608978716
2025-03-23 09:52:13.652,-1.1040770873033072
2025-03-23 09:52:13.662,-3.6702064375904655
2025-03-23 09:52:13.662,-2.505598056619959
2025-03-23 09:52:13.662,0.2570227498806959
2025-03-23 09:52:13.662,1.5119446220109067
2025-03-23 09:52:13.662,0.6937126839410551
2025-03-23 09:52:13.672,-0.14616114893424187
2025-03-23 09:52:13.672,0.4661659721301639
2025-03-23 09:52:13.672,1.3433690109113594
2025-03-23 09:52:13.672,0.5472622139905878
2025-03-23 09:52:13.672,-1.5452182016044609
2025-03-23 09:52:13.682,-2.5554414058240043
2025-03-23 09:52:13.682,-1.2593315817900228
2025-03-23 09:52:13.682,1.0036021101318693
2025-03-23 09:52:13.682,2.256623913821365
2025-03-23 09:52:13.682,1.9656198419264268
2025-03-23 09:52:13.691,0.7876200376669706
2025-03-23 09:52:13.692,-0.6359740587536273
2025-03-23 09:52:13.692,-1.8615168384994707
2025-03-23 09:52:13.692,-2.2675896595098566
2025-03-23 09:52:13.692,-1.3718683406254502
2025-03-23 09:52:13.702,0.4895390977572914
2025-03-23 09:52:13.702,2.201191271304233
2025-03-23 09:52:13.702,2.6494756957349215
2025-03-23 09:52:13.702,1.4497577987687802
2025-03-23 09:52:13.702,-0.7905888496427791
2025-03-23 09:52:13.711,-2.668129239043174
2025-03-23 09:52:13.712,-2.7573475869230584
2025-03-23 09:52:13.712,-0.797429913138131
2025-03-23 09:52:13.712,1.74852423567991
2025-03-23 09:52:13.712,2.763556853051645
2025-03-23 09:52:13.720,1.495656635648077
2025-03-23 09:52:13.720,-0.6297333841864671
2025-03-23 09:52:13.720,-1.5585853097091857
2025-03-23 09:52:13.720,-0.8864264435205783
2025-03-23 09:52:13.730,-0.08138273936795806
2025-03-23 09:52:13.730,-0.29858330674790146
2025-03-23 09:52:13.730,-0.7052203382469127
2025-03-23 09:52:13.730,0.21987384022139095
2025-03-23 09:52:13.731,2.0655100038727023
2025-03-23 09:52:13.740,2.417465010621182
2025-03-23 09:52:13.740,-0.02716426430690258
2025-03-23 09:52:13.740,-3.152678333809385
2025-03-23 09:52:13.740,-3.4076087025179795
2025-03-23 09:52:13.740,-0.09051934728927766
2025-03-23 09:52:13.749,3.4082334339036526
2025-03-23 09:52:13.750,3.316184976202488
2025-03-23 09:52:13.750,-0.13698327607453
2025-03-23 09:52:13.750,-3.0126667639695
2025-03-23 09:52:13.750,-2.3252500039853192
2025-03-23 09:52:13.760,0.637665255754067
2025-03-23 09:52:13.760,2.2609188349460094
2025-03-23 09:52:13.760,1.0429860195406309
2025-03-23 09:52:13.760,-1.067729853527054
2025-03-23 09:52:13.760,-1.5533955186331492
2025-03-23 09:52:13.770,-0.23852409385503587
2025-03-23 09:52:13.770,1.1253588271276882
2025-03-23 09:52:13.770,1.2148694183383866
2025-03-23 09:52:13.770,0.2579857550729997
2025-03-23 09:52:13.770,-0.7595896585309042
2025-03-23 09:52:13.780,-1.1772414287735757
2025-03-23 09:52:13.780,-0.8615805728108681
2025-03-23 09:52:13.780,0.0964301980112447
2025-03-23 09:52:13.780,1.3356420622823668
2025-03-23 09:52:13.780,1.8843680040558823
2025-03-23 09:52:13.789,0.6371518554869855
2025-03-23 09:52:13.790,-2.007847183953235
2025-03-23 09:52:13.790,-3.4392443877454064
2025-03-23 09:52:13.790,-1.257574185964568
2025-03-23 09:52:13.790,3.191499429069505
2025-03-23 09:52:13.798,5.21335177520725
2025-03-23 09:52:13.798,1.9164659800401338
2025-03-23 09:52:13.798,-3.873710829160427
2025-03-23 09:52:13.798,-6.281228815264544
2025-03-23 09:52:13.799,-2.7990182467730302
2025-03-23 09:52:13.808,3.1093184390692716
2025-03-23 09:52:13.808,5.91942654307142
2025-03-23 09:52:13.808,3.550006610795912
2025-03-23 09:52:13.809,-1.3244948265462606
2025-03-23 09:52:13.809,-4.436579467100666
2025-03-23 09:52:13.818,-3.631632576312063
2025-03-23 09:52:13.818,-0.09305709464262024
2025-03-23 09:52:13.818,3.0032586162908386
2025-03-23 09:52:13.819,3.0619095289365976
2025-03-23 09:52:13.819,0.2491347705266393
2025-03-23 09:52:13.828,-2.511435958591654
2025-03-23 09:52:13.828,-2.327803062211649
2025-03-23 09:52:13.829,0.5040500578657796
2025-03-23 09:52:13.829,2.692517436745304
2025-03-23 09:52:13.829,1.728875531151338
2025-03-23 09:52:13.838,-1.1621531397614318
2025-03-23 09:52:13.838,-2.6015552297192093
2025-03-23 09:52:13.838,-1.1493719515022152
2025-03-23 09:52:13.839,1.221119594961612
2025-03-23 09:52:13.848,1.808343381598555
2025-03-23 09:52:13.848,0.35801150246878344
2025-03-23 09:52:13.848,-1.0332885790310822
2025-03-23 09:52:13.848,-0.6793450552318133
2025-03-23 09:52:13.849,0.7615592335216081
2025-03-23 09:52:13.858,1.200917499914071
2025-03-23 09:52:13.858,-0.3197170593072437
2025-03-23 09:52:13.858,-2.214027544877809
2025-03-23 09:52:13.858,-1.8670428026903163
2025-03-23 09:52:13.859,1.0976145594738282
2025-03-23 09:52:13.868,3.625669060866317
2025-03-23 09:52:13.868,2.450646540685323
2025-03-23 09:52:13.868,-1.5923803034507222
2025-03-23 09:52:13.868,-4.046709379907882
2025-03-23 09:52:13.868,-2.2182397289939058
2025-03-23 09:52:13.878,1.4857062867377513
2025-03-23 09:52:13.878,2.8184465366568388
2025-03-23 09:52:13.878,1.0375569135731098
2025-03-23 09:52:13.878,-0.8177931038379069
2025-03-23 09:52:13.879,-0.4982754928024382
2025-03-23 09:52:13.888,0.6692668514896749
2025-03-23 09:52:13.888,0.24419696007878822
2025-03-23 09:52:13.888,-1.5719404741645127
2025-03-23 09:52:13.888,-2.173804341816474
2025-03-23 09:52:13.888,-0.22451225813506676
2025-03-23 09:52:13.898,2.3856772845221696
2025-03-23 09:52:13.898,2.8061529843492212
2025-03-23 09:52:13.898,0.5663014040569101
2025-03-23 09:52:13.898,-2.0798668476518007
2025-03-23 09:52:13.898,-2.672769124939167
2025-03-23 09:52:13.908,-0.8140473106746455
2025-03-23 09:52:13.908,1.7039727574251662
2025-03-23 09:52:13.908,2.507521390668957
2025-03-23 09:52:13.908,0.7416859042737793
2025-03-23 09:52:13.908,-1.918318491956932
2025-03-23 09:52:13.918,-2.677719159812459
2025-03-23 09:52:13.918,-0.5634274018331898
2025-03-23 09:52:13.918,2.30495174760003
2025-03-23 09:52:13.918,2.9038959776225197
2025-03-23 09:52:13.918,0.6070735878009109
2025-03-23 09:52:13.928,-2.1929601130569303
2025-03-23 09:52:13.928,-2.7368444852480254
2025-03-23 09:52:13.928,-0.7401475337955137
2025-03-23 09:52:13.928,1.5767502535446043
2025-03-23 09:52:13.928,2.0187527368661584
2025-03-23 09:52:13.936,0.5909145754237289
2025-03-23 09:52:13.936,-0.9348480754224182
2025-03-23 09:52:13.937,-1.1895421532343864
2025-03-23 09:52:13.937,-0.39349633753276825
2025-03-23 09:52:13.937,0.48184154136526947
2025-03-23 09:52:13.946,0.9190388977952031
2025-03-23 09:52:13.946,0.8525273113418403
2025-03-23 09:52:13.946,0.1422694347018576
2025-03-23 09:52:13.947,-1.1406274547162838
2025-03-23 09:52:13.947,-2.061455077667645
2025-03-23 09:52:13.956,-1.3309629455906504
2025-03-23 09:52:13.956,1.0639721685262993
2025-03-23 09:52:13.956,3.1731429020880353
2025-03-23 09:52:13.957,2.7473595853438937
2025-03-23 09:52:13.957,-0.2509817784115609
2025-03-23 09:52:13.966,-3.24319619492703
2025-03-23 09:52:13.966,-3.491943960798538
2025-03-23 09:52:13.966,-0.8426865820615722
2025-03-23 09:52:13.967,2.1992177575390093
2025-03-23 09:52:13.976,3.0202723701377203
2025-03-23 09:52:13.976,1.3215154414531656
2025-03-23 09:52:13.976,-0.9255233116904056
2025-03-23 09:52:13.976,-1.6607468653583748
2025-03-23 09:52:13.977,-0.7117413593736691
2025-03-23 09:52:13.986,0.3727287898456718
2025-03-23 09:52:13.986,0.28640873879968953
2025-03-23 09:52:13.986,-0.5376375481360047
2025-03-23 09:52:13.987,-0.6292685942254438
2025-03-23 09:52:13.987,0.4880065636925445
2025-03-23 09:52:13.996,1.5156341561929991
2025-03-23 09:52:13.996,0.9737307859668621
2025-03-23 09:52:13.996,-0.7694243034724002
2025-03-23 09:52:13.996,-1.7448072757928947
2025-03-23 09:52:13.996,-0.7840924674185378
2025-03-23 09:52:14.006,0.9721079687893496
2025-03-23 09:52:14.006,1.462968236598409
2025-03-23 09:52:14.006,0.208889812969532
2025-03-23 09:52:14.006,-1.2281170143542264
2025-03-23 09:52:14.006,-1.1933995051668749
2025-03-23 09:52:14.016,0.23094778051066828
2025-03-23 09:52:14.016,1.4654792041573388
2025-03-23 09:52:14.016,1.1631373546948738
2025-03-23 09:52:14.016,-0.4182936006828109
2025-03-23 09:52:14.016,-1.6594117999110132
2025-03-23 09:52:14.026,-1.2286390230122892
2025-03-23 09:52:14.026,0.49524886227944975
2025-03-23 09:52:14.026,1.805495037088991
2025-03-23 09:52:14.026,1.4187686923101992
2025-03-23 09:52:14.026,-0.36562805403319926
2025-03-23 09:52:14.036,-2.029915958189778
2025-03-23 09:52:14.036,-2.015080041148883
2025-03-23 09:52:14.036,0.024415443690709276
2025-03-23 09:52:14.036,2.483158853794235
2025-03-23 09:52:14.036,2.8058760911368745
2025-03-23 09:52:14.046,0.22614562928435716
2025-03-23 09:52:14.046,-2.800480609263977
2025-03-23 09:52:14.046,-3.0545041188556294
2025-03-23 09:52:14.046,-0.33874864293024676
2025-03-23 09:52:14.046,2.360870425228497
2025-03-23 09:52:14.054,2.5119064690269934
2025-03-23 09:52:14.054,0.5943345117234284
2025-03-23 09:52:14.054,-1.2230389778761357
2025-03-23 09:52:14.055,-1.6985569962766978
2025-03-23 09:52:14.055,-1.0867441283982209
2025-03-23 09:52:14.064,-0.007709903946990074
2025-03-23 09:52:14.064,1.1228968790091607
2025-03-23 09:52:14.065,1.6951093650549365
2025-03-23 09:52:14.065,0.9819440933713569
2025-03-23 09:52:14.065,-0.8328968255677847
2025-03-23 09:52:14.074,-2.203922145820392
2025-03-23 09:52:14.074,-1.600600762393603
2025-03-23 09:52:14.074,0.6013911905241021
2025-03-23 09:52:14.075,2.246026968704998
2025-03-23 09:52:14.075,1.7257040724920594
2025-03-23 09:52:14.084,-0.26021811373627557
2025-03-23 09:52:14.084,-1.6377780728956985
2025-03-23 09:52:14.084,-1.2903915439829945
2025-03-23 09:52:14.085,-0.008205347838605437
2025-03-23 09:52:14.094,0.7094438571712114
2025-03-23 09:52:14.094,0.34975400387244243
2025-03-23 09:52:14.094,-0.2122576987653508
2025-03-23 09:52:14.094,0.09688599887388635
2025-03-23 09:52:14.095,1.0265341146902986
2025-03-23 09:52:14.104,1.0136924763153974
2025-03-23 09:52:14.104,-0.7686502921656853
2025-03-23 09:52:14.104,-2.651757832466103
2025-03-23 09:52:14.104,-1.9337219665414378
2025-03-23 09:52:14.105,1.449646815384659
2025-03-23 09:52:14.114,3.9668227075531544
2025-03-23 09:52:14.114,2.443899170106269
