timestamp,bandpass_and_notch
2025-03-23 19:46:11.743,-0.1669572294220838
2025-03-23 19:46:11.743,-2.2812637572722103
2025-03-23 19:46:11.743,-1.6621012385011735
2025-03-23 19:46:11.743,-4.187089244377855
2025-03-23 19:46:11.752,-12.196859076190632
2025-03-23 19:46:11.753,-12.483495618852404
2025-03-23 19:46:11.753,7.441651066236578
2025-03-23 19:46:11.753,33.42147761255977
2025-03-23 19:46:11.753,32.8046577988352
2025-03-23 19:46:11.761,-4.49089189339397
2025-03-23 19:46:11.761,-45.545542321766604
2025-03-23 19:46:11.761,-47.296417690942526
2025-03-23 19:46:11.761,-5.693480544160131
2025-03-23 19:46:11.769,38.90204534520702
2025-03-23 19:46:11.769,45.91169652343895
2025-03-23 19:46:11.769,15.203178629693921
2025-03-23 19:46:11.770,-19.53079471891703
2025-03-23 19:46:11.770,-29.78601156467582
2025-03-23 19:46:11.779,-16.534359472960713
2025-03-23 19:46:11.779,0.9550953211827743
2025-03-23 19:46:11.779,9.530029955230107
2025-03-23 19:46:11.779,10.324577108081657
2025-03-23 19:46:11.788,8.728917751013741
2025-03-23 19:46:11.789,5.337982147737785
2025-03-23 19:46:11.789,-1.259940216976449
2025-03-23 19:46:11.789,-8.247180494616206
2025-03-23 19:46:11.789,-10.050488441566976
2025-03-23 19:46:11.798,-5.215501243343541
2025-03-23 19:46:11.799,1.6572275368536291
2025-03-23 19:46:11.799,5.494015512120853
2025-03-23 19:46:11.799,5.803148697895078
2025-03-23 19:46:11.799,4.857385669828963
2025-03-23 19:46:11.808,2.9984243428887103
2025-03-23 19:46:11.809,-1.3619400915109225
2025-03-23 19:46:11.809,-7.250039924692613
2025-03-23 19:46:11.809,-9.647357248638235
2025-03-23 19:46:11.809,-4.627226679464398
2025-03-23 19:46:11.818,4.919849200539133
2025-03-23 19:46:11.819,10.887878482111093
2025-03-23 19:46:11.819,8.007715525058222
2025-03-23 19:46:11.819,-0.6941004732211873
2025-03-23 19:46:11.819,-7.2354816666939215
2025-03-23 19:46:11.828,-6.832654498207077
2025-03-23 19:46:11.829,-1.7985662932790993
2025-03-23 19:46:11.829,2.285034837496281
2025-03-23 19:46:11.829,2.755515450909231
2025-03-23 19:46:11.829,1.4160262302914517
2025-03-23 19:46:11.838,0.8787143892197302
2025-03-23 19:46:11.839,1.1148014837452798
2025-03-23 19:46:11.839,0.32079648959594825
2025-03-23 19:46:11.839,-1.7763830491424564
2025-03-23 19:46:11.839,-2.9614240749848473
2025-03-23 19:46:11.848,-1.3064239395973365
2025-03-23 19:46:11.849,1.9524591584733904
2025-03-23 19:46:11.849,3.3447779847231023
2025-03-23 19:46:11.849,1.093217247458726
2025-03-23 19:46:11.849,-2.5874814577960503
2025-03-23 19:46:11.859,-3.6975018181921926
2025-03-23 19:46:11.859,-0.8254940665992182
2025-03-23 19:46:11.859,3.1988950242381136
2025-03-23 19:46:11.859,4.245316928153866
2025-03-23 19:46:11.859,1.2155402388443393
2025-03-23 19:46:11.867,-2.8805571384067914
2025-03-23 19:46:11.867,-4.12752981424392
2025-03-23 19:46:11.867,-1.6477326618512127
2025-03-23 19:46:11.867,1.8133473257615742
2025-03-23 19:46:11.868,2.9725697481190854
2025-03-23 19:46:11.878,1.2640992773107678
2025-03-23 19:46:11.879,-1.0487820174371374
2025-03-23 19:46:11.879,-1.6007241533113337
2025-03-23 19:46:11.879,-0.30627684260478105
2025-03-23 19:46:11.879,1.0007679785092485
2025-03-23 19:46:11.887,0.8800927014791442
2025-03-23 19:46:11.887,-0.21819808483798986
2025-03-23 19:46:11.887,-0.8289788295370251
2025-03-23 19:46:11.887,-0.41955945349259616
2025-03-23 19:46:11.898,0.08147504745004171
2025-03-23 19:46:11.898,-0.2278470499862527
2025-03-23 19:46:11.899,-0.783997187890566
2025-03-23 19:46:11.899,-0.2305059824545786
2025-03-23 19:46:11.899,1.5373988534124896
2025-03-23 19:46:11.899,2.697515562654616
2025-03-23 19:46:11.907,1.4074481474612677
2025-03-23 19:46:11.907,-1.7823268809379311
2025-03-23 19:46:11.907,-4.011607381190456
2025-03-23 19:46:11.907,-2.9373737813644567
2025-03-23 19:46:11.917,0.702766141885205
2025-03-23 19:46:11.917,3.671188920216201
2025-03-23 19:46:11.917,3.4123744288058395
2025-03-23 19:46:11.917,0.48587668538880646
2025-03-23 19:46:11.918,-2.2071856253239632
2025-03-23 19:46:11.926,-2.417545181200404
2025-03-23 19:46:11.927,-0.5762378377299822
2025-03-23 19:46:11.927,1.074249955181756
2025-03-23 19:46:11.927,1.0183321479303509
2025-03-23 19:46:11.927,-0.16133316946067788
2025-03-23 19:46:11.937,-0.8484229426781583
2025-03-23 19:46:11.937,-0.36238837104230825
2025-03-23 19:46:11.937,0.49624923242150254
2025-03-23 19:46:11.937,0.7039739352923282
2025-03-23 19:46:11.937,0.2833437755357161
2025-03-23 19:46:11.946,0.019440504229951007
2025-03-23 19:46:11.947,0.2058933807946135
2025-03-23 19:46:11.947,0.2196021210745408
2025-03-23 19:46:11.947,-0.49805831690937685
2025-03-23 19:46:11.947,-1.4260011319248158
2025-03-23 19:46:11.957,-1.3774157926272255
2025-03-23 19:46:11.957,0.04923551881278683
2025-03-23 19:46:11.957,1.7659630965238846
2025-03-23 19:46:11.957,2.1931073932253033
2025-03-23 19:46:11.957,0.8976816746724071
2025-03-23 19:46:11.965,-0.9538509365911632
2025-03-23 19:46:11.965,-1.796476663958385
2025-03-23 19:46:11.965,-1.1666909840846045
2025-03-23 19:46:11.966,0.05222443687964981
2025-03-23 19:46:11.966,0.706823712934243
2025-03-23 19:46:11.976,0.48348025779507375
2025-03-23 19:46:11.977,-0.037261706407288986
2025-03-23 19:46:11.977,-0.18621218751357407
2025-03-23 19:46:11.977,0.1365417092089029
2025-03-23 19:46:11.977,0.5324771055190511
2025-03-23 19:46:11.985,0.586854717284594
2025-03-23 19:46:11.985,0.19179929923464872
2025-03-23 19:46:11.985,-0.44271909362079925
2025-03-23 19:46:11.985,-0.9364426049270042
2025-03-23 19:46:11.995,-0.9570559189786242
2025-03-23 19:46:11.995,-0.4494561605809655
2025-03-23 19:46:11.995,0.3052830790201752
2025-03-23 19:46:11.995,0.904158321293083
2025-03-23 19:46:11.996,1.104387145511872
2025-03-23 19:46:12.005,0.8797962772831184
2025-03-23 19:46:12.005,0.2804748384520837
2025-03-23 19:46:12.005,-0.5876027567262727
2025-03-23 19:46:12.005,-1.3769829611565312
2025-03-23 19:46:12.005,-1.4990832793348325
2025-03-23 19:46:12.015,-0.6212132083426716
2025-03-23 19:46:12.015,0.779490506383047
2025-03-23 19:46:12.015,1.6185272788870713
2025-03-23 19:46:12.015,1.1995393194028796
2025-03-23 19:46:12.015,-0.029718601765526986
2025-03-23 19:46:12.024,-0.8897844101807929
2025-03-23 19:46:12.025,-0.6833068390158339
2025-03-23 19:46:12.025,0.11571482032135665
2025-03-23 19:46:12.025,0.4688444646864819
2025-03-23 19:46:12.025,-0.027085772935125325
2025-03-23 19:46:12.034,-0.7294646517995267
2025-03-23 19:46:12.035,-0.7579977068370094
2025-03-23 19:46:12.035,-0.012174020995141643
2025-03-23 19:46:12.035,0.7795793184016998
2025-03-23 19:46:12.035,0.9286798187670685
2025-03-23 19:46:12.044,0.4819133764807624
2025-03-23 19:46:12.045,-0.006419107758880223
2025-03-23 19:46:12.045,-0.21375042441568853
2025-03-23 19:46:12.045,-0.33992874347626323
2025-03-23 19:46:12.045,-0.6410562269048568
2025-03-23 19:46:12.054,-0.8954696607877295
2025-03-23 19:46:12.055,-0.585924850108332
2025-03-23 19:46:12.055,0.3636745332498472
2025-03-23 19:46:12.055,1.2589397446414416
2025-03-23 19:46:12.055,1.2621956194715944
2025-03-23 19:46:12.063,0.3329301514921608
2025-03-23 19:46:12.063,-0.6557557258516923
2025-03-23 19:46:12.063,-0.8478806742680254
2025-03-23 19:46:12.063,-0.3224378731104251
2025-03-23 19:46:12.064,0.09669890273859585
2025-03-23 19:46:12.073,-0.10812771494420206
2025-03-23 19:46:12.073,-0.5393273175383951
2025-03-23 19:46:12.073,-0.4374526262493731
2025-03-23 19:46:12.073,0.34208818902200916
2025-03-23 19:46:12.074,1.1304314959654012
2025-03-23 19:46:12.083,1.186842534867464
2025-03-23 19:46:12.083,0.4377200606583837
2025-03-23 19:46:12.083,-0.5547953335148597
2025-03-23 19:46:12.083,-1.1656228746896686
2025-03-23 19:46:12.093,-1.1352180623200974
2025-03-23 19:46:12.093,-0.5877341639303856
2025-03-23 19:46:12.093,0.15135021575749752
2025-03-23 19:46:12.093,0.7344928560315508
2025-03-23 19:46:12.093,0.938239694794027
2025-03-23 19:46:12.103,0.7471203218383246
2025-03-23 19:46:12.103,0.31469244806974783
2025-03-23 19:46:12.103,-0.16289363461177445
2025-03-23 19:46:12.103,-0.5404786915678416
2025-03-23 19:46:12.103,-0.7257802034376614
2025-03-23 19:46:12.112,-0.6528614981830217
2025-03-23 19:46:12.113,-0.31822571582602416
2025-03-23 19:46:12.113,0.1424368732132812
2025-03-23 19:46:12.113,0.4829266848128212
2025-03-23 19:46:12.113,0.5445117658392782
2025-03-23 19:46:12.122,0.41931670505920043
2025-03-23 19:46:12.123,0.3168653935071311
2025-03-23 19:46:12.123,0.2501232029682043
2025-03-23 19:46:12.123,-0.007051449577689533
2025-03-23 19:46:12.123,-0.5487513160402107
2025-03-23 19:46:12.131,-1.0350374032050262
2025-03-23 19:46:12.131,-0.9475313328892118
2025-03-23 19:46:12.131,-0.1749551382914548
2025-03-23 19:46:12.131,0.7710115620179269
2025-03-23 19:46:12.132,1.1989914727378195
2025-03-23 19:46:12.141,0.8720329653399477
2025-03-23 19:46:12.141,0.16527386175497114
2025-03-23 19:46:12.141,-0.3759231365159089
2025-03-23 19:46:12.141,-0.5487221247890686
2025-03-23 19:46:12.151,-0.5258012375806768
2025-03-23 19:46:12.151,-0.48383163379908634
2025-03-23 19:46:12.151,-0.3737834471862148
2025-03-23 19:46:12.151,-0.0864399145503996
2025-03-23 19:46:12.151,0.31168401765448733
2025-03-23 19:46:12.161,0.6179162049294382
2025-03-23 19:46:12.161,0.6958222867688719
2025-03-23 19:46:12.161,0.540162845051622
2025-03-23 19:46:12.161,0.18643431424794138
2025-03-23 19:46:12.161,-0.3173200748655321
2025-03-23 19:46:12.171,-0.8093318715160277
2025-03-23 19:46:12.171,-0.9888219444185519
2025-03-23 19:46:12.171,-0.6379740546610508
2025-03-23 19:46:12.171,0.09448774496988942
2025-03-23 19:46:12.171,0.7337670229457918
2025-03-23 19:46:12.181,0.8930815767180478
2025-03-23 19:46:12.181,0.6109874891621432
2025-03-23 19:46:12.181,0.216956306148935
2025-03-23 19:46:12.181,-0.07639559430129922
2025-03-23 19:46:12.181,-0.32707383763045955
2025-03-23 19:46:12.190,-0.6120316442999851
2025-03-23 19:46:12.191,-0.7728356630733066
2025-03-23 19:46:12.191,-0.5512978733243086
2025-03-23 19:46:12.191,0.04100692845592191
2025-03-23 19:46:12.191,0.624825977117105
2025-03-23 19:46:12.201,0.8051944787421808
2025-03-23 19:46:12.201,0.5624479951742055
2025-03-23 19:46:12.201,0.19991782924189205
2025-03-23 19:46:12.201,-0.062484591489203475
2025-03-23 19:46:12.201,-0.28788212484315784
2025-03-23 19:46:12.211,-0.5593620613088172
2025-03-23 19:46:12.211,-0.6971684754323976
2025-03-23 19:46:12.211,-0.45078340480618645
2025-03-23 19:46:12.211,0.08505900907021932
2025-03-23 19:46:12.211,0.49129755171299383
2025-03-23 19:46:12.220,0.5176959144263146
2025-03-23 19:46:12.221,0.3562767215425151
2025-03-23 19:46:12.221,0.30528758435711245
2025-03-23 19:46:12.221,0.3130707567144159
2025-03-23 19:46:12.221,0.05858754300749408
2025-03-23 19:46:12.230,-0.5264263151581922
2025-03-23 19:46:12.231,-1.0098712118165094
2025-03-23 19:46:12.231,-0.87415450482641
2025-03-23 19:46:12.231,-0.12472861335701169
2025-03-23 19:46:12.231,0.6632120537628304
2025-03-23 19:46:12.240,0.9369325311838868
2025-03-23 19:46:12.241,0.6838341292990597
2025-03-23 19:46:12.241,0.284888768348388
2025-03-23 19:46:12.241,-0.017987970565173664
2025-03-23 19:46:12.241,-0.3066528525585308
2025-03-23 19:46:12.250,-0.6421802995461415
2025-03-23 19:46:12.251,-0.7880424343698598
2025-03-23 19:46:12.251,-0.4840043079550992
2025-03-23 19:46:12.251,0.11004693991138663
2025-03-23 19:46:12.251,0.5083428531493909
2025-03-23 19:46:12.261,0.48038712128189587
2025-03-23 19:46:12.261,0.31495550952130236
2025-03-23 19:46:12.261,0.3653268348957192
2025-03-23 19:46:12.261,0.49688732784908574
2025-03-23 19:46:12.261,0.2347221926652993
2025-03-23 19:46:12.271,-0.539870434618031
2025-03-23 19:46:12.271,-1.2662179494208916
2025-03-23 19:46:12.271,-1.2239254011704346
2025-03-23 19:46:12.271,-0.3086472876409244
2025-03-23 19:46:12.271,0.8217726639716586
2025-03-23 19:46:12.280,1.3646325125906498
2025-03-23 19:46:12.281,1.0662241265541315
2025-03-23 19:46:12.281,0.3137938327980387
2025-03-23 19:46:12.281,-0.3511612977611417
2025-03-23 19:46:12.281,-0.6963620009013807
2025-03-23 19:46:12.291,-0.7818499450073186
2025-03-23 19:46:12.291,-0.6584147181610434
2025-03-23 19:46:12.291,-0.29289594720074014
2025-03-23 19:46:12.291,0.21250086910037178
2025-03-23 19:46:12.291,0.5577216092722659
2025-03-23 19:46:12.301,0.549270114143285
2025-03-23 19:46:12.301,0.3487366747123594
2025-03-23 19:46:12.301,0.2498547934857556
2025-03-23 19:46:12.301,0.25580062218568006
2025-03-23 19:46:12.301,0.0630319021956652
2025-03-23 19:46:12.310,-0.4781778827963901
2025-03-23 19:46:12.311,-1.023126108258114
2025-03-23 19:46:12.311,-1.00195722937847
2025-03-23 19:46:12.311,-0.2462574092862451
2025-03-23 19:46:12.311,0.7390382569781974
2025-03-23 19:46:12.320,1.2076050361850612
2025-03-23 19:46:12.321,0.8804447934485196
2025-03-23 19:46:12.321,0.17057185439392558
2025-03-23 19:46:12.321,-0.3211432821434566
2025-03-23 19:46:12.321,-0.44032251470631667
2025-03-23 19:46:12.329,-0.4829460954260632
2025-03-23 19:46:12.329,-0.6220609254999967
2025-03-23 19:46:12.329,-0.5911038061160048
2025-03-23 19:46:12.329,-0.09886794785225494
2025-03-23 19:46:12.339,0.6130862407535793
2025-03-23 19:46:12.339,0.9231660853693198
2025-03-23 19:46:12.339,0.5727425891511179
2025-03-23 19:46:12.339,0.005068913983461324
2025-03-23 19:46:12.339,-0.20347648762576603
2025-03-23 19:46:12.349,-0.07754327241001738
2025-03-23 19:46:12.349,-0.13131256776968153
2025-03-23 19:46:12.349,-0.5572167371294917
2025-03-23 19:46:12.349,-0.8598788513072846
2025-03-23 19:46:12.349,-0.48306691942868485
2025-03-23 19:46:12.359,0.40275013838394813
2025-03-23 19:46:12.359,1.0197798397764752
2025-03-23 19:46:12.359,0.8688260050957497
2025-03-23 19:46:12.359,0.25313383974413384
2025-03-23 19:46:12.359,-0.18187161446749953
2025-03-23 19:46:12.369,-0.24080314399663388
2025-03-23 19:46:12.369,-0.27838833163286913
2025-03-23 19:46:12.369,-0.5573423618263756
2025-03-23 19:46:12.369,-0.7973092749487529
2025-03-23 19:46:12.369,-0.5284774338988916
2025-03-23 19:46:12.379,0.25285725377520113
2025-03-23 19:46:12.379,0.993892401985266
2025-03-23 19:46:12.379,1.142210251713821
2025-03-23 19:46:12.379,0.6470185533516837
2025-03-23 19:46:12.379,-0.10958451390427441
2025-03-23 19:46:12.387,-0.7146752001584751
2025-03-23 19:46:12.387,-0.9502772394601133
2025-03-23 19:46:12.387,-0.7612040732093247
2025-03-23 19:46:12.387,-0.23860602025741992
2025-03-23 19:46:12.388,0.33429785729433625
2025-03-23 19:46:12.399,0.6144593041726315
2025-03-23 19:46:12.399,0.5057873997571376
2025-03-23 19:46:12.399,0.2600186354236797
2025-03-23 19:46:12.399,0.17161033905665168
2025-03-23 19:46:12.399,0.20726864079353421
2025-03-23 19:46:12.407,0.04957024525729942
2025-03-23 19:46:12.407,-0.44523541801755084
2025-03-23 19:46:12.407,-0.9227122444071039
2025-03-23 19:46:12.408,-0.8266753639479897
2025-03-23 19:46:12.408,-0.07252369740487943
2025-03-23 19:46:12.417,0.730929082259753
2025-03-23 19:46:12.417,0.8992441469675497
2025-03-23 19:46:12.417,0.440485234973239
2025-03-23 19:46:12.418,-0.0040958015073109255
2025-03-23 19:46:12.418,-0.0030564618007351413
2025-03-23 19:46:12.427,0.12796639940476442
2025-03-23 19:46:12.427,-0.1777420263402396
2025-03-23 19:46:12.427,-0.8467683076824528
2025-03-23 19:46:12.428,-1.0998885312473614
2025-03-23 19:46:12.437,-0.4004292450244395
2025-03-23 19:46:12.437,0.756500122258201
2025-03-23 19:46:12.437,1.2853655319234276
2025-03-23 19:46:12.437,0.7361797293839579
2025-03-23 19:46:12.437,-0.18213684800137525
2025-03-23 19:46:12.447,-0.4674570160100804
2025-03-23 19:46:12.447,-0.03874847654490718
2025-03-23 19:46:12.447,0.23158454763074804
2025-03-23 19:46:12.447,-0.27335017774753056
2025-03-23 19:46:12.447,-1.029360940355482
2025-03-23 19:46:12.457,-0.9929201146641796
2025-03-23 19:46:12.457,0.04995907974317941
2025-03-23 19:46:12.457,1.15148373161479
2025-03-23 19:46:12.457,1.3098092613579768
2025-03-23 19:46:12.457,0.5894523373291177
2025-03-23 19:46:12.467,-0.1339791809108541
2025-03-23 19:46:12.467,-0.3592234461018776
2025-03-23 19:46:12.467,-0.4459285080025573
2025-03-23 19:46:12.467,-0.8151743613147979
2025-03-23 19:46:12.467,-1.1070026751529918
2025-03-23 19:46:12.477,-0.5944026222283926
2025-03-23 19:46:12.477,0.6691439070659823
2025-03-23 19:46:12.477,1.6187431441966542
2025-03-23 19:46:12.477,1.3261399642642826
2025-03-23 19:46:12.477,0.10479950374156674
2025-03-23 19:46:12.485,-0.854403478317273
2025-03-23 19:46:12.485,-0.8525332710991724
2025-03-23 19:46:12.485,-0.32785939653615626
2025-03-23 19:46:12.485,-0.07027765224858566
2025-03-23 19:46:12.495,-0.18289157589486676
2025-03-23 19:46:12.495,-0.16074086842543348
2025-03-23 19:46:12.495,0.20255258090611927
2025-03-23 19:46:12.495,0.4833414618310668
2025-03-23 19:46:12.496,0.3255302328523833
2025-03-23 19:46:12.505,0.053971801906268844
2025-03-23 19:46:12.505,0.19129733960824688
2025-03-23 19:46:12.505,0.5334908577627635
2025-03-23 19:46:12.505,0.26496916447803687
2025-03-23 19:46:12.505,-0.8111757640387495
2025-03-23 19:46:12.515,-1.6519320579864476
2025-03-23 19:46:12.515,-1.1113370727683223
2025-03-23 19:46:12.515,0.502430060446481
2025-03-23 19:46:12.515,1.6376732694930578
2025-03-23 19:46:12.516,1.3449833459329428
2025-03-23 19:46:12.525,0.3052645837807097
2025-03-23 19:46:12.525,-0.28862207825504504
2025-03-23 19:46:12.525,-0.30545098923891156
2025-03-23 19:46:12.525,-0.4999384826475709
2025-03-23 19:46:12.525,-1.0555212861967003
2025-03-23 19:46:12.535,-1.145726765738775
2025-03-23 19:46:12.535,-0.17551046100930698
2025-03-23 19:46:12.535,1.1633671529192549
2025-03-23 19:46:12.535,1.593380920689478
2025-03-23 19:46:12.535,0.7712004253127811
2025-03-23 19:46:12.544,-0.3694269095156142
2025-03-23 19:46:12.545,-0.7797835664038834
2025-03-23 19:46:12.545,-0.4099254420854658
2025-03-23 19:46:12.545,-0.01982459590420812
2025-03-23 19:46:12.545,-0.14960396890572586
2025-03-23 19:46:12.555,-0.5396755076990795
2025-03-23 19:46:12.555,-0.5317833288438103
2025-03-23 19:46:12.555,0.12947293704508087
2025-03-23 19:46:12.555,0.9612627688661465
2025-03-23 19:46:12.555,1.1883884651441765
2025-03-23 19:46:12.564,0.5205333990745363
2025-03-23 19:46:12.565,-0.5194360692869654
2025-03-23 19:46:12.565,-1.0613068721619563
2025-03-23 19:46:12.565,-0.6951604762855366
2025-03-23 19:46:12.565,0.14836003289131489
2025-03-23 19:46:12.575,0.5947359996796691
2025-03-23 19:46:12.575,0.17465351265764006
2025-03-23 19:46:12.575,-0.6442973843035398
2025-03-23 19:46:12.575,-0.8643028794349897
2025-03-23 19:46:12.575,-0.01211520610916729
2025-03-23 19:46:12.584,1.2903634014338337
2025-03-23 19:46:12.585,1.888384308171481
2025-03-23 19:46:12.585,1.1078749933179488
2025-03-23 19:46:12.585,-0.7607222040277406
2025-03-23 19:46:12.585,-2.5930849350526834
2025-03-23 19:46:12.595,-2.920410027465726
2025-03-23 19:46:12.595,-0.9506757483081297
2025-03-23 19:46:12.595,2.238802245677722
2025-03-23 19:46:12.595,3.9515839922391223
2025-03-23 19:46:12.595,2.3452323547066882
2025-03-23 19:46:12.603,-1.219211927268893
2025-03-23 19:46:12.603,-3.2564463309897884
2025-03-23 19:46:12.603,-2.0428086229750013
2025-03-23 19:46:12.604,0.45158602205875376
2025-03-23 19:46:12.604,1.2740698623804831
2025-03-23 19:46:12.613,0.26392998787931143
2025-03-23 19:46:12.613,-0.27284603345211617
2025-03-23 19:46:12.613,0.6999243372621423
2025-03-23 19:46:12.614,1.4122456729680681
2025-03-23 19:46:12.614,0.17524968754093628
2025-03-23 19:46:12.623,-1.768679725904489
2025-03-23 19:46:12.623,-1.8132073620252673
2025-03-23 19:46:12.623,0.28977537307533924
2025-03-23 19:46:12.623,1.9743209981504612
2025-03-23 19:46:12.633,1.2642432773951156
2025-03-23 19:46:12.633,-0.7658877608270461
2025-03-23 19:46:12.633,-1.622053818388381
2025-03-23 19:46:12.633,-0.5916048799104989
2025-03-23 19:46:12.634,0.6823527156644928
2025-03-23 19:46:12.643,0.6268347951107603
2025-03-23 19:46:12.643,-0.20891660709800025
2025-03-23 19:46:12.643,-0.11773168643623583
2025-03-23 19:46:12.643,1.0848065147207155
2025-03-23 19:46:12.644,1.4269254695315399
2025-03-23 19:46:12.653,-0.44540005493886536
2025-03-23 19:46:12.653,-2.7205853304825407
2025-03-23 19:46:12.653,-2.3079736624621
2025-03-23 19:46:12.653,0.7727960915985674
2025-03-23 19:46:12.654,2.9067403344485383
2025-03-23 19:46:12.663,1.6365439402010704
2025-03-23 19:46:12.663,-0.9968621529614013
2025-03-23 19:46:12.663,-1.4665922148933883
2025-03-23 19:46:12.663,0.33521364454757296
2025-03-23 19:46:12.663,1.3838648708911416
2025-03-23 19:46:12.673,0.09353110281545858
2025-03-23 19:46:12.673,-1.714716726904761
2025-03-23 19:46:12.673,-1.7608331162967208
2025-03-23 19:46:12.673,-0.30798817966001013
2025-03-23 19:46:12.673,0.8608416324597714
2025-03-23 19:46:12.683,1.2214419832334025
2025-03-23 19:46:12.683,1.6441375084808842
2025-03-23 19:46:12.683,2.0507617904839552
2025-03-23 19:46:12.683,0.7925007781428911
2025-03-23 19:46:12.683,-2.6064002716727668
2025-03-23 19:46:12.693,-5.262759164909617
2025-03-23 19:46:12.693,-3.4229430619947596
2025-03-23 19:46:12.693,2.577602915592096
2025-03-23 19:46:12.693,7.317392212290539
2025-03-23 19:46:12.694,5.457359511639515
2025-03-23 19:46:12.703,-2.216603680785942
2025-03-23 19:46:12.703,-8.601737698263666
2025-03-23 19:46:12.703,-6.8113031111134825
2025-03-23 19:46:12.703,2.441924274499117
2025-03-23 19:46:12.703,10.239626145300033
2025-03-23 19:46:12.711,7.844306312330034
2025-03-23 19:46:12.711,-3.3588656497500615
2025-03-23 19:46:12.711,-11.889111626085741
2025-03-23 19:46:12.712,-8.173428158309806
2025-03-23 19:46:12.712,4.268051673233771
2025-03-23 19:46:12.721,12.15521489816451
2025-03-23 19:46:12.721,7.226330826138509
2025-03-23 19:46:12.721,-4.7224912448008
2025-03-23 19:46:12.721,-10.855642218098213
2025-03-23 19:46:12.731,-5.510548999026719
2025-03-23 19:46:12.731,4.768534673349204
2025-03-23 19:46:12.731,9.526963002884258
2025-03-23 19:46:12.731,4.997347596355732
2025-03-23 19:46:12.731,-3.962565526862862
2025-03-23 19:46:12.739,-9.668448703099253
2025-03-23 19:46:12.739,-7.555214235890689
2025-03-23 19:46:12.739,1.3501213150865519
2025-03-23 19:46:12.740,10.71204517605717
2025-03-23 19:46:12.740,12.37406402972522
2025-03-23 19:46:12.749,3.191082131014263
2025-03-23 19:46:12.749,-10.214111945141976
2025-03-23 19:46:12.749,-15.842792353555062
2025-03-23 19:46:12.749,-7.84505623200827
2025-03-23 19:46:12.757,6.777676826477645
2025-03-23 19:46:12.757,14.665946574348393
2025-03-23 19:46:12.757,9.492095587913953
2025-03-23 19:46:12.757,-2.2529616511728943
2025-03-23 19:46:12.758,-9.040793481982671
2025-03-23 19:46:12.767,-6.372789108699569
2025-03-23 19:46:12.767,0.16255498542767122
2025-03-23 19:46:12.767,2.835604896790786
2025-03-23 19:46:12.768,0.3727389215343953
2025-03-23 19:46:12.777,-2.1749328631034555
2025-03-23 19:46:12.777,-0.42906790789301547
2025-03-23 19:46:12.777,4.264643434637715
2025-03-23 19:46:12.777,6.582102004305299
2025-03-23 19:46:12.778,2.896184094917858
2025-03-23 19:46:12.787,-4.814141314143375
2025-03-23 19:46:12.787,-10.072767467564637
2025-03-23 19:46:12.787,-7.379319869313344
2025-03-23 19:46:12.787,2.150683096855686
2025-03-23 19:46:12.788,10.603107076288161
2025-03-23 19:46:12.797,10.17869603481764
2025-03-23 19:46:12.797,1.0458962424575682
2025-03-23 19:46:12.797,-8.470170285640323
2025-03-23 19:46:12.797,-10.048652977891189
2025-03-23 19:46:12.797,-3.1608497078722193
2025-03-23 19:46:12.807,5.327949950811447
2025-03-23 19:46:12.807,8.193455663015945
2025-03-23 19:46:12.807,3.992257930990692
2025-03-23 19:46:12.807,-2.673180992850009
2025-03-23 19:46:12.807,-5.854123899645264
2025-03-23 19:46:12.815,-3.481866249912381
2025-03-23 19:46:12.815,1.2376411898193729
2025-03-23 19:46:12.815,3.400325853366398
2025-03-23 19:46:12.816,1.4678412964972523
2025-03-23 19:46:12.816,-1.4416823791930378
2025-03-23 19:46:12.825,-1.4335912530496318
2025-03-23 19:46:12.825,1.5206794412127467
2025-03-23 19:46:12.825,3.4969605485239055
2025-03-23 19:46:12.826,1.1936313985996925
2025-03-23 19:46:12.826,-3.9517231919024822
2025-03-23 19:46:12.835,-6.711962890174956
2025-03-23 19:46:12.835,-3.3378459765994295
2025-03-23 19:46:12.835,4.165410976224071
2025-03-23 19:46:12.836,9.283672762573906
2025-03-23 19:46:12.845,6.875862547578812
2025-03-23 19:46:12.845,-1.7995987251458834
2025-03-23 19:46:12.845,-9.658464900827331
2025-03-23 19:46:12.845,-9.727277086128288
2025-03-23 19:46:12.845,-1.5203906316726952
2025-03-23 19:46:12.853,7.970814923948271
2025-03-23 19:46:12.853,10.339412367079298
2025-03-23 19:46:12.854,3.6723486730340875
2025-03-23 19:46:12.854,-5.603440754957627
2025-03-23 19:46:12.854,-9.034957886667907
2025-03-23 19:46:12.863,-4.147372864330288
2025-03-23 19:46:12.863,3.7886941977596003
2025-03-23 19:46:12.863,7.328670226625755
2025-03-23 19:46:12.864,3.825297739265872
2025-03-23 19:46:12.864,-2.6958372785153473
2025-03-23 19:46:12.873,-5.957043394559857
2025-03-23 19:46:12.873,-3.469979281326896
2025-03-23 19:46:12.873,1.6930087910200675
2025-03-23 19:46:12.873,4.626987536151397
2025-03-23 19:46:12.883,3.333642444656213
2025-03-23 19:46:12.883,-0.3331963104128018
2025-03-23 19:46:12.883,-3.289916828829675
2025-03-23 19:46:12.883,-3.6708446159853745
2025-03-23 19:46:12.883,-1.312544735098376
2025-03-23 19:46:12.893,2.4021680598233015
2025-03-23 19:46:12.893,4.710908532107975
2025-03-23 19:46:12.893,3.06879337081684
2025-03-23 19:46:12.893,-1.9698025216533723
2025-03-23 19:46:12.894,-6.051608279723417
2025-03-23 19:46:12.903,-4.7946800072178135
2025-03-23 19:46:12.903,1.3077214159572
2025-03-23 19:46:12.903,6.66358149629055
2025-03-23 19:46:12.903,6.006357814538534
2025-03-23 19:46:12.903,-0.13409029738544948
2025-03-23 19:46:12.913,-5.8517339015260745
2025-03-23 19:46:12.913,-5.83887282050125
2025-03-23 19:46:12.913,-0.6724981327872895
2025-03-23 19:46:12.913,4.09589805725367
2025-03-23 19:46:12.913,3.962901906276728
2025-03-23 19:46:12.923,0.04651951101567692
2025-03-23 19:46:12.923,-2.6917796987722977
2025-03-23 19:46:12.923,-1.3467638495489938
2025-03-23 19:46:12.923,1.7727328548031065
2025-03-23 19:46:12.923,2.3183363094130987
2025-03-23 19:46:12.933,-0.5573360396653451
2025-03-23 19:46:12.933,-3.180511784722248
2025-03-23 19:46:12.933,-2.1725889396719005
2025-03-23 19:46:12.933,1.13195122489108
2025-03-23 19:46:12.933,2.6230334290312585
2025-03-23 19:46:12.942,1.1069710794689216
2025-03-23 19:46:12.943,-0.40964734170927436
2025-03-23 19:46:12.943,0.17749183669991403
2025-03-23 19:46:12.943,0.560991320797076
2025-03-23 19:46:12.943,-1.7904275943832526
2025-03-23 19:46:12.952,-4.119343051462412
2025-03-23 19:46:12.953,-1.4274421454857986
2025-03-23 19:46:12.953,5.095809583145518
2025-03-23 19:46:12.953,7.486381574606936
2025-03-23 19:46:12.953,1.1569911010764387
2025-03-23 19:46:12.961,-7.80205634319151
2025-03-23 19:46:12.961,-9.13352507735055
2025-03-23 19:46:12.961,-0.8749599221906927
2025-03-23 19:46:12.962,8.24296463576319
2025-03-23 19:46:12.971,9.062217081356977
2025-03-23 19:46:12.971,1.7498731678829684
2025-03-23 19:46:12.971,-5.933173705667285
2025-03-23 19:46:12.971,-7.779584748133499
2025-03-23 19:46:12.971,-4.11887582967446
2025-03-23 19:46:12.981,1.2222439688083648
2025-03-23 19:46:12.981,5.472720119835794
2025-03-23 19:46:12.981,7.167230554487175
2025-03-23 19:46:12.981,4.644784898284408
2025-03-23 19:46:12.982,-2.2649779148967513
2025-03-23 19:46:12.991,-9.230726800940381
2025-03-23 19:46:12.991,-9.453653140837924
2025-03-23 19:46:12.991,-0.9893252128177679
2025-03-23 19:46:12.991,9.213416393420964
2025-03-23 19:46:12.991,11.25171301400014
2025-03-23 19:46:12.999,2.8807232746227753
2025-03-23 19:46:12.999,-7.506247821285305
2025-03-23 19:46:12.999,-9.740709724062224
2025-03-23 19:46:13.000,-2.6936625900906193
2025-03-23 19:46:13.000,5.330584074418685
2025-03-23 19:46:13.009,6.435577098885469
2025-03-23 19:46:13.009,1.20471350154516
2025-03-23 19:46:13.009,-3.614994657715313
2025-03-23 19:46:13.010,-3.415866046825524
2025-03-23 19:46:13.019,0.14927061262106783
2025-03-23 19:46:13.019,2.5279597525601765
2025-03-23 19:46:13.019,1.6458510078538784
2025-03-23 19:46:13.019,-0.7040512426118659
2025-03-23 19:46:13.019,-1.7458144094279615
2025-03-23 19:46:13.020,-0.8363482459948931
2025-03-23 19:46:13.029,0.5133630303984856
2025-03-23 19:46:13.029,1.0222478122268819
2025-03-23 19:46:13.030,0.9243068106016232
2025-03-23 19:46:13.030,0.6074486159577983
2025-03-23 19:46:13.030,-0.563812131860349
2025-03-23 19:46:13.039,-2.5486011226669953
2025-03-23 19:46:13.039,-2.8499028901194867
2025-03-23 19:46:13.039,0.7992084224451892
2025-03-23 19:46:13.040,5.738336633549309
2025-03-23 19:46:13.049,5.6152439443193645
2025-03-23 19:46:13.049,-1.5985075834245062
2025-03-23 19:46:13.049,-9.131062096074055
2025-03-23 19:46:13.049,-8.10565985861564
2025-03-23 19:46:13.049,1.8432361151156478
2025-03-23 19:46:13.057,11.256984896777562
2025-03-23 19:46:13.057,10.530206067545874
2025-03-23 19:46:13.057,-0.4324443078383762
2025-03-23 19:46:13.057,-12.027302828052344
2025-03-23 19:46:13.067,-13.409315874735535
2025-03-23 19:46:13.067,-2.269989705050011
2025-03-23 19:46:13.067,11.945023098094069
2025-03-23 19:46:13.067,15.647502440016888
2025-03-23 19:46:13.067,4.627195079902219
2025-03-23 19:46:13.075,-10.4140516775077
2025-03-23 19:46:13.075,-14.664741934844642
2025-03-23 19:46:13.075,-5.349600785975543
2025-03-23 19:46:13.076,6.284285714679644
2025-03-23 19:46:13.076,9.258993746164949
2025-03-23 19:46:13.085,4.458048578430491
2025-03-23 19:46:13.085,-0.25573799170762307
2025-03-23 19:46:13.085,-1.6790522456156571
2025-03-23 19:46:13.086,-2.745764074792005
2025-03-23 19:46:13.086,-4.605556215640901
2025-03-23 19:46:13.095,-3.824195754332435
2025-03-23 19:46:13.095,1.0706491948380394
2025-03-23 19:46:13.095,5.422708183814613
2025-03-23 19:46:13.096,4.337322058075218
2025-03-23 19:46:13.096,-0.24664550533906487
2025-03-23 19:46:13.105,-2.3601778013243786
2025-03-23 19:46:13.105,-0.483912334843427
2025-03-23 19:46:13.105,0.9347126470240885
2025-03-23 19:46:13.105,-1.311745239380207
2025-03-23 19:46:13.115,-4.245929533050754
2025-03-23 19:46:13.115,-2.940112787577353
2025-03-23 19:46:13.115,2.4785343462592615
2025-03-23 19:46:13.115,6.556828300032053
2025-03-23 19:46:13.116,4.848085208171455
2025-03-23 19:46:13.116,-1.1982517005886753
2025-03-23 19:46:13.125,-5.977655682998564
2025-03-23 19:46:13.125,-5.397744103131425
2025-03-23 19:46:13.125,-0.3946651064025132
2025-03-23 19:46:13.125,4.4763590657269745
2025-03-23 19:46:13.135,5.157387219264548
2025-03-23 19:46:13.135,1.1933628167047645
2025-03-23 19:46:13.135,-3.9728248920165004
2025-03-23 19:46:13.135,-5.523129644651866
2025-03-23 19:46:13.135,-1.520571001864618
2025-03-23 19:46:13.143,4.445636586100355
2025-03-23 19:46:13.143,6.180396697073673
2025-03-23 19:46:13.143,1.7011171119430886
2025-03-23 19:46:13.143,-4.137194051723139
2025-03-23 19:46:13.144,-5.377001196357632
2025-03-23 19:46:13.153,-1.8792258904413717
2025-03-23 19:46:13.153,1.7262441765225216
2025-03-23 19:46:13.153,2.674724443486266
2025-03-23 19:46:13.154,2.2930051642162343
2025-03-23 19:46:13.154,1.8438167453892127
2025-03-23 19:46:13.163,0.1623426902604655
2025-03-23 19:46:13.163,-2.9290953323704314
2025-03-23 19:46:13.163,-4.205214383233819
2025-03-23 19:46:13.163,-1.1379343754824036
2025-03-23 19:46:13.173,3.4029245111204105
2025-03-23 19:46:13.173,4.066504980955497
2025-03-23 19:46:13.173,0.22633205390962902
2025-03-23 19:46:13.173,-3.1111416684821736
2025-03-23 19:46:13.173,-2.2429467319565766
2025-03-23 19:46:13.183,0.5955141073428843
2025-03-23 19:46:13.183,1.3500407854309955
2025-03-23 19:46:13.183,0.20384695170118947
2025-03-23 19:46:13.183,0.35434317656442615
2025-03-23 19:46:13.184,2.017700047858737
2025-03-23 19:46:13.193,1.5548288466976516
2025-03-23 19:46:13.193,-2.524198932694488
2025-03-23 19:46:13.193,-5.851921935226517
2025-03-23 19:46:13.193,-3.1854150901516958
2025-03-23 19:46:13.194,4.028021702173833
2025-03-23 19:46:13.203,8.106058136669187
2025-03-23 19:46:13.203,4.135742299166656
2025-03-23 19:46:13.203,-3.6514558424923416
2025-03-23 19:46:13.203,-6.852062745129202
2025-03-23 19:46:13.203,-3.232590130613855
2025-03-23 19:46:13.213,1.2839637830762416
2025-03-23 19:46:13.213,1.5999297913364
2025-03-23 19:46:13.213,0.3278082947315786
2025-03-23 19:46:13.213,2.3683254271505354
2025-03-23 19:46:13.213,5.62024554791003
2025-03-23 19:46:13.221,2.9955808099912313
2025-03-23 19:46:13.221,-5.926619571379696
2025-03-23 19:46:13.221,-11.252086334223629
2025-03-23 19:46:13.222,-4.72076605447102
2025-03-23 19:46:13.231,8.07519190553712
2025-03-23 19:46:13.231,12.86153271907194
2025-03-23 19:46:13.231,3.9819594445955064
2025-03-23 19:46:13.231,-8.30303935173434
2025-03-23 19:46:13.231,-10.264578801175105
2025-03-23 19:46:13.239,-1.2235951805693157
2025-03-23 19:46:13.239,6.713656717000735
2025-03-23 19:46:13.239,4.715299831184873
2025-03-23 19:46:13.240,-2.275377758387314
2025-03-23 19:46:13.249,-3.8413150689085644
2025-03-23 19:46:13.249,1.299162502010044
2025-03-23 19:46:13.249,4.714304601100739
2025-03-23 19:46:13.249,1.1847960770896098
2025-03-23 19:46:13.250,-4.333167560433469
2025-03-23 19:46:13.259,-4.7773264030092015
2025-03-23 19:46:13.259,-0.6323443657052201
2025-03-23 19:46:13.259,2.5384658990479307
2025-03-23 19:46:13.260,2.61290397757019
2025-03-23 19:46:13.260,2.0103292126099697
2025-03-23 19:46:13.269,1.9495116103457706
2025-03-23 19:46:13.269,0.6358629899432262
2025-03-23 19:46:13.269,-2.494181470234717
2025-03-23 19:46:13.269,-4.683116734579962
2025-03-23 19:46:13.270,-3.4602353047790064
2025-03-23 19:46:13.279,0.11573733227371213
2025-03-23 19:46:13.279,3.1647758033187414
2025-03-23 19:46:13.279,4.15810865882142
2025-03-23 19:46:13.279,3.225612590718744
2025-03-23 19:46:13.279,0.915907644996596
2025-03-23 19:46:13.289,-1.8862285217110604
2025-03-23 19:46:13.289,-3.773529054345234
2025-03-23 19:46:13.289,-3.7775965936181133
2025-03-23 19:46:13.289,-2.04916406386131
2025-03-23 19:46:13.289,0.7579970300225907
2025-03-23 19:46:13.299,3.6518106641612706
2025-03-23 19:46:13.299,4.65729366593344
2025-03-23 19:46:13.299,2.1200441986859015
2025-03-23 19:46:13.299,-2.2163211129763174
2025-03-23 19:46:13.300,-3.724829444249982
2025-03-23 19:46:13.309,-0.6970224930096158
2025-03-23 19:46:13.309,2.2525556861426903
2025-03-23 19:46:13.309,-0.087327335905727
2025-03-23 19:46:13.309,-5.204727150187248
2025-03-23 19:46:13.310,-4.6979128118465034
2025-03-23 19:46:13.317,3.982600789271726
2025-03-23 19:46:13.317,11.703261976607072
2025-03-23 19:46:13.318,7.828015428494194
2025-03-23 19:46:13.318,-5.464578642036403
2025-03-23 19:46:13.318,-14.25878059951234
2025-03-23 19:46:13.327,-9.24239211205289
2025-03-23 19:46:13.327,3.597838638275217
2025-03-23 19:46:13.327,11.186816475984601
2025-03-23 19:46:13.327,8.442394879422189
2025-03-23 19:46:13.337,1.035440170087793
2025-03-23 19:46:13.337,-4.3334351870617045
2025-03-23 19:46:13.337,-6.568949430732225
2025-03-23 19:46:13.337,-6.66269099265486
2025-03-23 19:46:13.337,-3.230227000241472
2025-03-23 19:46:13.347,4.4309041569901275
2025-03-23 19:46:13.347,11.257115567588029
2025-03-23 19:46:13.347,9.362232618960556
2025-03-23 19:46:13.347,-2.333252801160577
2025-03-23 19:46:13.347,-13.904896421216385
2025-03-23 19:46:13.355,-13.04546758577854
2025-03-23 19:46:13.355,1.1814922140712378
2025-03-23 19:46:13.355,15.108501460008721
2025-03-23 19:46:13.355,13.785811893654554
2025-03-23 19:46:13.365,-2.101864446966945
2025-03-23 19:46:13.365,-15.574895355237873
2025-03-23 19:46:13.365,-11.872366122027621
2025-03-23 19:46:13.365,4.525906391137683
2025-03-23 19:46:13.365,15.096108250004317
2025-03-23 19:46:13.373,8.861743664554986
2025-03-23 19:46:13.373,-5.782891950952431
2025-03-23 19:46:13.373,-12.560034528967485
2025-03-23 19:46:13.373,-6.383570431463743
2025-03-23 19:46:13.383,3.4758831833538135
2025-03-23 19:46:13.383,7.150727152849915
2025-03-23 19:46:13.383,4.761827315887388
2025-03-23 19:46:13.383,1.7504529383899818
2025-03-23 19:46:13.384,-0.3374543952606496
2025-03-23 19:46:13.393,-3.3204528089322674
2025-03-23 19:46:13.393,-5.92960944126916
2025-03-23 19:46:13.393,-4.306315007705155
2025-03-23 19:46:13.393,1.2230885276609935
2025-03-23 19:46:13.394,5.293548968129403
2025-03-23 19:46:13.403,4.603009588307958
2025-03-23 19:46:13.403,1.5470031281731844
2025-03-23 19:46:13.403,-0.6168007047593879
2025-03-23 19:46:13.403,-2.0023889725178288
2025-03-23 19:46:13.403,-3.383529802368029
2025-03-23 19:46:13.413,-3.202710334297895
2025-03-23 19:46:13.413,-0.4592804004166636
2025-03-23 19:46:13.413,2.2695229300147535
2025-03-23 19:46:13.413,2.213127610810009
2025-03-23 19:46:13.413,0.9242977984104395
2025-03-23 19:46:13.423,1.665095021235134
2025-03-23 19:46:13.423,3.2212745612713944
2025-03-23 19:46:13.423,0.7304704242821666
2025-03-23 19:46:13.423,-6.086891668374845
2025-03-23 19:46:13.423,-9.553629821234793
2025-03-23 19:46:13.433,-2.913399071467157
2025-03-23 19:46:13.433,8.945104872008393
2025-03-23 19:46:13.433,12.914595706474568
2025-03-23 19:46:13.433,3.4756849464250896
2025-03-23 19:46:13.433,-9.372061975980321
2025-03-23 19:46:13.443,-11.714778354525198
2025-03-23 19:46:13.443,-2.3467486992716413
2025-03-23 19:46:13.443,7.058633412413394
2025-03-23 19:46:13.443,7.216314118084544
2025-03-23 19:46:13.443,1.14200187587263
2025-03-23 19:46:13.451,-2.5466965017042282
2025-03-23 19:46:13.451,-1.4161681332057623
2025-03-23 19:46:13.451,-0.26498256417458976
2025-03-23 19:46:13.452,-2.327817332324714
2025-03-23 19:46:13.452,-4.207889402188173
2025-03-23 19:46:13.461,-1.1774819345414047
2025-03-23 19:46:13.461,5.227087189120128
2025-03-23 19:46:13.461,8.028580152928045
2025-03-23 19:46:13.462,3.2096442784894683
2025-03-23 19:46:13.462,-5.013853916574384
2025-03-23 19:46:13.471,-8.631366392078686
2025-03-23 19:46:13.471,-4.524312307496738
2025-03-23 19:46:13.471,2.7209030200431825
2025-03-23 19:46:13.472,6.325409186952112
2025-03-23 19:46:13.481,4.111756969725178
2025-03-23 19:46:13.481,-0.5412288532320748
2025-03-23 19:46:13.481,-3.1638082855540253
2025-03-23 19:46:13.481,-2.473263525656236
2025-03-23 19:46:13.482,-0.4853119775824145
2025-03-23 19:46:13.491,0.6785774384579423
2025-03-23 19:46:13.491,1.1592288540553466
2025-03-23 19:46:13.491,1.9215874360871295
2025-03-23 19:46:13.491,1.8334095155474728
2025-03-23 19:46:13.491,-1.3114222538358247
2025-03-23 19:46:13.499,-5.937531990152791
2025-03-23 19:46:13.499,-5.8963173129708
2025-03-23 19:46:13.500,2.0850499604244397
2025-03-23 19:46:13.500,11.532506196981279
2025-03-23 19:46:13.500,11.300187678194861
2025-03-23 19:46:13.509,-1.1319238340082143
2025-03-23 19:46:13.509,-14.651394851239015
2025-03-23 19:46:13.509,-15.554039603876454
2025-03-23 19:46:13.510,-2.4366278756798225
2025-03-23 19:46:13.517,12.344170776947935
2025-03-23 19:46:13.517,15.836848155104665
2025-03-23 19:46:13.517,6.829398191440369
2025-03-23 19:46:13.518,-5.36918571093527
2025-03-23 19:46:13.518,-11.581362519045083
2025-03-23 19:46:13.527,-9.678449770054192
2025-03-23 19:46:13.527,-2.7738278709600945
2025-03-23 19:46:13.527,4.974547952200091
2025-03-23 19:46:13.528,9.616637266266348
2025-03-23 19:46:13.537,8.156601869888068
2025-03-23 19:46:13.537,1.2097404924670656
2025-03-23 19:46:13.537,-6.191902779744993
2025-03-23 19:46:13.537,-8.709589081830405
2025-03-23 19:46:13.537,-5.4147372907568965
2025-03-23 19:46:13.547,0.43704354976646376
2025-03-23 19:46:13.547,5.157461875809052
2025-03-23 19:46:13.547,6.819501578036704
2025-03-23 19:46:13.547,4.926881315608732
2025-03-23 19:46:13.547,0.20686532039918332
2025-03-23 19:46:13.557,-4.883536835347065
2025-03-23 19:46:13.557,-7.028432825163712
2025-03-23 19:46:13.557,-4.725893016650803
2025-03-23 19:46:13.557,0.14999929925090477
2025-03-23 19:46:13.557,4.246058326132315
2025-03-23 19:46:13.565,5.878944052968736
2025-03-23 19:46:13.565,5.309343107179782
2025-03-23 19:46:13.566,2.5496171812364943
2025-03-23 19:46:13.566,-2.7045484236310458
2025-03-23 19:46:13.566,-8.279813696924247
2025-03-23 19:46:13.575,-9.279715486965651
2025-03-23 19:46:13.575,-3.0824579081411847
2025-03-23 19:46:13.575,6.315800615960862
2025-03-23 19:46:13.576,11.241522912214506
2025-03-23 19:46:13.585,7.874823883549461
2025-03-23 19:46:13.585,-0.41205987547672135
2025-03-23 19:46:13.585,-7.150345981262285
