timestamp,bandpass_and_notch
2025-03-23 16:26:33.913,0.019298166865261205
2025-03-23 16:26:33.914,6.559612557409376
2025-03-23 16:26:33.914,10.114238819022274
2025-03-23 16:26:33.914,6.53963674114454
2025-03-23 16:26:33.923,-1.0596255823305638
2025-03-23 16:26:33.923,-0.5151371534456503
2025-03-23 16:26:33.924,12.580612776763102
2025-03-23 16:26:33.924,22.083297000955163
2025-03-23 16:26:33.924,8.138355567920538
2025-03-23 16:26:33.931,-23.609329019983804
2025-03-23 16:26:33.932,-41.66524730045405
2025-03-23 16:26:33.932,-23.15277653996638
2025-03-23 16:26:33.932,17.88233082574216
2025-03-23 16:26:33.939,43.41490074505147
2025-03-23 16:26:33.940,30.69537201694077
2025-03-23 16:26:33.940,-6.4925549830679685
2025-03-23 16:26:33.940,-34.71945336138937
2025-03-23 16:26:33.949,-33.39820509564228
2025-03-23 16:26:33.949,-9.264667725410007
2025-03-23 16:26:33.950,15.652838295765173
2025-03-23 16:26:33.950,24.80966890853123
2025-03-23 16:26:33.950,17.10316928439864
2025-03-23 16:26:33.957,2.2272025488657823
2025-03-23 16:26:33.958,-9.527710311007763
2025-03-23 16:26:33.958,-13.568069403300239
2025-03-23 16:26:33.958,-10.828545920814832
2025-03-23 16:26:33.967,-4.3115492802271795
2025-03-23 16:26:33.967,3.399632273219713
2025-03-23 16:26:33.968,9.960322737143194
2025-03-23 16:26:33.968,12.36167389516036
2025-03-23 16:26:33.968,8.259581038671756
2025-03-23 16:26:33.975,-0.9568117870189105
2025-03-23 16:26:33.975,-9.561348795168515
2025-03-23 16:26:33.976,-11.64239859323418
2025-03-23 16:26:33.976,-6.357531717587362
2025-03-23 16:26:33.985,1.4587246179074547
2025-03-23 16:26:33.985,6.135244621792776
2025-03-23 16:26:33.986,6.128856679262233
2025-03-23 16:26:33.986,3.9044172042769083
2025-03-23 16:26:33.986,1.7763058143285595
2025-03-23 16:26:33.993,-0.5660350456537798
2025-03-23 16:26:33.994,-3.9564270888525748
2025-03-23 16:26:33.994,-6.686832054296423
2025-03-23 16:26:33.994,-5.469731656087489
2025-03-23 16:26:34.003,0.20953737067836678
2025-03-23 16:26:34.003,6.111704026203864
2025-03-23 16:26:34.004,7.020330275017484
2025-03-23 16:26:34.004,2.3567525060189025
2025-03-23 16:26:34.004,-3.1556041404775654
2025-03-23 16:26:34.013,-4.70137927824567
2025-03-23 16:26:34.013,-2.1384557443512393
2025-03-23 16:26:34.013,0.9866581117937483
2025-03-23 16:26:34.014,1.965424667295539
2025-03-23 16:26:34.014,1.1512348647163388
2025-03-23 16:26:34.023,0.17693691053487248
2025-03-23 16:26:34.023,-0.3793720803096566
2025-03-23 16:26:34.023,-0.8454525502389365
2025-03-23 16:26:34.024,-0.9889489727824693
2025-03-23 16:26:34.024,-0.0919024311563087
2025-03-23 16:26:34.031,1.472444262117081
2025-03-23 16:26:34.032,1.9864962631855694
2025-03-23 16:26:34.032,0.4436427896869684
2025-03-23 16:26:34.032,-1.8273716089521377
2025-03-23 16:26:34.041,-2.4552241361317835
2025-03-23 16:26:34.041,-0.7770086284999053
2025-03-23 16:26:34.042,1.3713959279388486
2025-03-23 16:26:34.042,1.7787098167956494
2025-03-23 16:26:34.042,0.3515588080594647
2025-03-23 16:26:34.051,-0.9502972209180217
2025-03-23 16:26:34.051,-0.5924241700793885
2025-03-23 16:26:34.051,0.7076411986349475
2025-03-23 16:26:34.051,1.023568223951653
2025-03-23 16:26:34.052,-0.2625496974147691
2025-03-23 16:26:34.059,-1.6414584955823877
2025-03-23 16:26:34.060,-1.338495851122248
2025-03-23 16:26:34.060,0.46410026362415224
2025-03-23 16:26:34.060,1.795403719658154
2025-03-23 16:26:34.069,1.2540444535773543
2025-03-23 16:26:34.069,-0.388290531680579
2025-03-23 16:26:34.070,-1.2607939349956523
2025-03-23 16:26:34.070,-0.622001973600127
2025-03-23 16:26:34.070,0.5060321165737144
2025-03-23 16:26:34.077,0.7663158666616
2025-03-23 16:26:34.078,0.021159949802358788
2025-03-23 16:26:34.078,-0.7037371156800675
2025-03-23 16:26:34.078,-0.5865883302416225
2025-03-23 16:26:34.078,0.08699929158540096
2025-03-23 16:26:34.087,0.5247532123891396
2025-03-23 16:26:34.088,0.49536482651903424
2025-03-23 16:26:34.088,0.3297843599732827
2025-03-23 16:26:34.088,0.14844409614143686
2025-03-23 16:26:34.088,-0.2603332289356031
2025-03-23 16:26:34.097,-0.7954680180755856
2025-03-23 16:26:34.097,-0.8709790847496603
2025-03-23 16:26:34.098,-0.16640094868000999
2025-03-23 16:26:34.098,0.7704275338740874
2025-03-23 16:26:34.107,1.0483992091497634
2025-03-23 16:26:34.107,0.4832375162206437
2025-03-23 16:26:34.107,-0.25193528082502503
2025-03-23 16:26:34.108,-0.54210123139964
2025-03-23 16:26:34.108,-0.44731506247229896
2025-03-23 16:26:34.115,-0.28040866808991693
2025-03-23 16:26:34.116,-0.08101421604416123
2025-03-23 16:26:34.116,0.18643104870856111
2025-03-23 16:26:34.116,0.3152163495821022
2025-03-23 16:26:34.125,0.13930210085260847
2025-03-23 16:26:34.125,-0.07074963457974277
2025-03-23 16:26:34.126,0.09294695672757489
2025-03-23 16:26:34.126,0.47866433832940014
2025-03-23 16:26:34.126,0.39518085532752517
2025-03-23 16:26:34.134,-0.41309474540077507
2025-03-23 16:26:34.134,-1.1604357137405426
2025-03-23 16:26:34.134,-0.8813447016061052
2025-03-23 16:26:34.134,0.26506623027070686
2025-03-23 16:26:34.143,1.1070792879793891
2025-03-23 16:26:34.144,0.8931943258664358
2025-03-23 16:26:34.144,0.11641473041283412
2025-03-23 16:26:34.144,-0.27525787135722274
2025-03-23 16:26:34.144,-0.1232228768648211
2025-03-23 16:26:34.153,-0.10425855231518616
2025-03-23 16:26:34.153,-0.5834759333075379
2025-03-23 16:26:34.154,-0.9451066626766895
2025-03-23 16:26:34.154,-0.43860389502202024
2025-03-23 16:26:34.154,0.6661338623654471
2025-03-23 16:26:34.162,1.3285782898368301
2025-03-23 16:26:34.162,0.9942781764452062
2025-03-23 16:26:34.162,0.08406205276577766
2025-03-23 16:26:34.162,-0.6935313600257702
2025-03-23 16:26:34.162,-1.0083383833330744
2025-03-23 16:26:34.171,-0.8430184191660722
2025-03-23 16:26:34.172,-0.25153367719774605
2025-03-23 16:26:34.172,0.5142360393021506
2025-03-23 16:26:34.172,0.911404914209339
2025-03-23 16:26:34.181,0.5843784799817601
2025-03-23 16:26:34.181,-0.09773144380882297
2025-03-23 16:26:34.181,-0.40391216730562085
2025-03-23 16:26:34.182,-0.1751496825975016
2025-03-23 16:26:34.182,0.0471174922743512
2025-03-23 16:26:34.189,-0.1012852899154497
2025-03-23 16:26:34.190,-0.29201852052230665
2025-03-23 16:26:34.190,-0.08905527853787067
2025-03-23 16:26:34.190,0.3213832211538433
2025-03-23 16:26:34.190,0.34741059609835073
2025-03-23 16:26:34.199,-0.13712991740718639
2025-03-23 16:26:34.200,-0.49761773412549004
2025-03-23 16:26:34.200,-0.1513945368154729
2025-03-23 16:26:34.200,0.5580271852956904
2025-03-23 16:26:34.209,0.7360801200432352
2025-03-23 16:26:34.209,0.11442731051725417
2025-03-23 16:26:34.210,-0.6345810882642754
2025-03-23 16:26:34.210,-0.7970320767671571
2025-03-23 16:26:34.210,-0.3707307517628225
2025-03-23 16:26:34.217,0.18583177555099395
2025-03-23 16:26:34.217,0.5375705066544723
2025-03-23 16:26:34.218,0.5819353872524367
2025-03-23 16:26:34.218,0.2889279075913669
2025-03-23 16:26:34.227,-0.20689897545222877
2025-03-23 16:26:34.227,-0.49185427428090334
2025-03-23 16:26:34.227,-0.26735966087600305
2025-03-23 16:26:34.228,0.16014397045204665
2025-03-23 16:26:34.228,0.22111983570714008
2025-03-23 16:26:34.235,-0.09106781812367373
2025-03-23 16:26:34.236,-0.25065174752496666
2025-03-23 16:26:34.236,-0.060780571238630274
2025-03-23 16:26:34.236,0.1219215669989832
2025-03-23 16:26:34.236,0.09840788154494985
2025-03-23 16:26:34.246,0.125780185223593
2025-03-23 16:26:34.246,0.3106092161361915
2025-03-23 16:26:34.246,0.28361987098828895
2025-03-23 16:26:34.246,-0.17542504065163328
2025-03-23 16:26:34.255,-0.6173429731017246
2025-03-23 16:26:34.255,-0.49006681150310366
2025-03-23 16:26:34.255,0.029245722645767133
2025-03-23 16:26:34.256,0.30248271854180214
2025-03-23 16:26:34.256,0.1995628888030021
2025-03-23 16:26:34.265,0.17807731481572525
2025-03-23 16:26:34.265,0.39205184433136425
2025-03-23 16:26:34.266,0.38782456704737295
2025-03-23 16:26:34.266,-0.12816697183880116
2025-03-23 16:26:34.266,-0.7464725899754867
2025-03-23 16:26:34.273,-0.8307660492493966
2025-03-23 16:26:34.274,-0.25209126675228033
2025-03-23 16:26:34.274,0.5019435775883664
2025-03-23 16:26:34.274,0.8189106192074773
2025-03-23 16:26:34.283,0.5120932763242582
2025-03-23 16:26:34.283,-0.061597186753144614
2025-03-23 16:26:34.284,-0.3897519389757508
2025-03-23 16:26:34.284,-0.2832201648660467
2025-03-23 16:26:34.284,-0.009455535266014035
2025-03-23 16:26:34.293,0.0088790114392195
2025-03-23 16:26:34.293,-0.2910564160516767
2025-03-23 16:26:34.294,-0.4256412694855001
2025-03-23 16:26:34.294,0.05249513765750468
2025-03-23 16:26:34.294,0.7834746127753334
2025-03-23 16:26:34.302,0.841232235827004
2025-03-23 16:26:34.302,-0.053426235522538404
2025-03-23 16:26:34.302,-0.9586095594523891
2025-03-23 16:26:34.302,-0.7651788498238205
2025-03-23 16:26:34.311,0.34203297473923866
2025-03-23 16:26:34.311,0.9961014898833481
2025-03-23 16:26:34.312,0.35500205278569147
2025-03-23 16:26:34.312,-0.801581396410037
2025-03-23 16:26:34.312,-1.071770818294212
2025-03-23 16:26:34.321,-0.1522637204010284
2025-03-23 16:26:34.321,0.9430408570293978
2025-03-23 16:26:34.322,1.1530222184868304
2025-03-23 16:26:34.322,0.38241128890828524
2025-03-23 16:26:34.322,-0.631688301993856
2025-03-23 16:26:34.329,-1.0761114696852432
2025-03-23 16:26:34.330,-0.6819514895567094
2025-03-23 16:26:34.330,0.16567691271447404
2025-03-23 16:26:34.330,0.7949962039206439
2025-03-23 16:26:34.330,0.7499862705413534
2025-03-23 16:26:34.339,0.11253036023550811
2025-03-23 16:26:34.340,-0.5377064289410649
2025-03-23 16:26:34.340,-0.6219295494189896
2025-03-23 16:26:34.340,-0.14813753464357718
2025-03-23 16:26:34.349,0.3430559139398607
2025-03-23 16:26:34.349,0.4469891974313833
2025-03-23 16:26:34.350,0.25032481692653824
2025-03-23 16:26:34.350,-0.014594054802478634
2025-03-23 16:26:34.350,-0.31090137895610775
2025-03-23 16:26:34.358,-0.5921280439529232
2025-03-23 16:26:34.358,-0.5307031907723533
2025-03-23 16:26:34.358,0.1422269093103243
2025-03-23 16:26:34.358,1.0022808430604275
2025-03-23 16:26:34.367,1.0904385489563766
2025-03-23 16:26:34.368,0.054962219477340764
2025-03-23 16:26:34.368,-1.162525583221054
2025-03-23 16:26:34.368,-1.264811701987756
2025-03-23 16:26:34.368,-0.12948900209810374
2025-03-23 16:26:34.377,1.0099191471940525
2025-03-23 16:26:34.377,0.9592536713697531
2025-03-23 16:26:34.377,-0.11165187139722205
2025-03-23 16:26:34.378,-0.8966117395846668
2025-03-23 16:26:34.378,-0.4797130099690011
2025-03-23 16:26:34.387,0.5895154693043243
2025-03-23 16:26:34.387,0.9899064218373099
2025-03-23 16:26:34.387,0.23626381849131872
2025-03-23 16:26:34.388,-0.8154474843330262
2025-03-23 16:26:34.388,-1.0603498166646939
2025-03-23 16:26:34.395,-0.34916129792056094
2025-03-23 16:26:34.396,0.5261677534804161
2025-03-23 16:26:34.396,0.8021850061683838
2025-03-23 16:26:34.396,0.4689717939782723
2025-03-23 16:26:34.405,0.03395522485313558
2025-03-23 16:26:34.406,-0.18841207828830753
2025-03-23 16:26:34.406,-0.2909584997486785
2025-03-23 16:26:34.406,-0.3899341309950168
2025-03-23 16:26:34.406,-0.38370913075849006
2025-03-23 16:26:34.414,-0.15481670299149353
2025-03-23 16:26:34.414,0.21930447249873736
2025-03-23 16:26:34.414,0.5302057973274199
2025-03-23 16:26:34.414,0.5995910389249325
2025-03-23 16:26:34.414,0.350090694090954
2025-03-23 16:26:34.423,-0.1805046160038581
2025-03-23 16:26:34.424,-0.7679153660408506
2025-03-23 16:26:34.424,-0.965313086459406
2025-03-23 16:26:34.424,-0.41129873380176857
2025-03-23 16:26:34.433,0.6334001054517917
2025-03-23 16:26:34.433,1.2888615152905052
2025-03-23 16:26:34.434,0.8900118344407661
2025-03-23 16:26:34.434,-0.2674087459101826
2025-03-23 16:26:34.434,-1.1903387592517218
2025-03-23 16:26:34.443,-1.1308243605562494
2025-03-23 16:26:34.444,-0.20289168187204723
2025-03-23 16:26:34.444,0.8103062420296964
2025-03-23 16:26:34.444,1.1441471165078547
2025-03-23 16:26:34.444,0.6027802984564774
2025-03-23 16:26:34.452,-0.3698011199609339
2025-03-23 16:26:34.452,-1.008416770847892
2025-03-23 16:26:34.452,-0.7752796416456719
2025-03-23 16:26:34.452,0.11692693424879606
2025-03-23 16:26:34.461,0.7965692208624573
2025-03-23 16:26:34.461,0.6165321510062157
2025-03-23 16:26:34.462,-0.12382978402372372
2025-03-23 16:26:34.462,-0.5640522835605422
2025-03-23 16:26:34.462,-0.2873524215057799
2025-03-23 16:26:34.471,0.2785217896280285
2025-03-23 16:26:34.471,0.43410978060769206
2025-03-23 16:26:34.471,0.026332372022749937
2025-03-23 16:26:34.472,-0.4162461687357464
2025-03-23 16:26:34.472,-0.37408336245133955
2025-03-23 16:26:34.479,0.03850455091414777
2025-03-23 16:26:34.480,0.32560364469813474
2025-03-23 16:26:34.480,0.28315521751572936
2025-03-23 16:26:34.480,0.11287583538576085
2025-03-23 16:26:34.489,-0.01244819424891492
2025-03-23 16:26:34.490,-0.15204996298188006
2025-03-23 16:26:34.490,-0.3308538795674081
2025-03-23 16:26:34.490,-0.3328179019856283
2025-03-23 16:26:34.490,0.02964144870852156
2025-03-23 16:26:34.498,0.5049059165312754
2025-03-23 16:26:34.498,0.5464254200108841
2025-03-23 16:26:34.498,-0.0017629273530436786
2025-03-23 16:26:34.498,-0.5983735657196848
2025-03-23 16:26:34.498,-0.5897854288536304
2025-03-23 16:26:34.507,0.033339775132580324
2025-03-23 16:26:34.508,0.622541373725652
2025-03-23 16:26:34.508,0.5603202153809743
2025-03-23 16:26:34.508,-0.09491612909464722
2025-03-23 16:26:34.508,-0.6498988719261418
2025-03-23 16:26:34.517,-0.49986048991035825
2025-03-23 16:26:34.517,0.21025363130885855
2025-03-23 16:26:34.518,0.7288958421866127
2025-03-23 16:26:34.518,0.47954103246952134
2025-03-23 16:26:34.527,-0.3403473768331452
2025-03-23 16:26:34.528,-0.904025724477196
2025-03-23 16:26:34.528,-0.5599904008476558
2025-03-23 16:26:34.528,0.41868495139763706
2025-03-23 16:26:34.528,1.034317104032348
2025-03-23 16:26:34.535,0.6501710905231851
2025-03-23 16:26:34.536,-0.30996357027946775
2025-03-23 16:26:34.536,-0.8975251589667167
2025-03-23 16:26:34.536,-0.669055670002948
2025-03-23 16:26:34.545,0.0027862616052591604
2025-03-23 16:26:34.546,0.49404364784080823
2025-03-23 16:26:34.546,0.5583929388758417
2025-03-23 16:26:34.546,0.35090325126150657
2025-03-23 16:26:34.546,0.041081852574820284
2025-03-23 16:26:34.554,-0.3215869911766921
2025-03-23 16:26:34.554,-0.590951706953082
2025-03-23 16:26:34.554,-0.5078580662066888
2025-03-23 16:26:34.554,-0.028518159290137454
2025-03-23 16:26:34.554,0.5272354174752227
2025-03-23 16:26:34.564,0.7499485876525445
2025-03-23 16:26:34.564,0.47735852762882586
2025-03-23 16:26:34.564,-0.11840908061667166
2025-03-23 16:26:34.564,-0.67322705363393
2025-03-23 16:26:34.564,-0.8487380077947344
2025-03-23 16:26:34.573,-0.4863695892362104
2025-03-23 16:26:34.574,0.2899180524262715
2025-03-23 16:26:34.574,0.9978321408470695
2025-03-23 16:26:34.574,1.0128682776014777
2025-03-23 16:26:34.583,0.17325741190133145
2025-03-23 16:26:34.583,-0.8781900002486477
2025-03-23 16:26:34.584,-1.2171366187196522
2025-03-23 16:26:34.584,-0.5312732993329098
2025-03-23 16:26:34.584,0.5820542818719419
2025-03-23 16:26:34.592,1.153159088354531
2025-03-23 16:26:34.592,0.6886035615180464
2025-03-23 16:26:34.592,-0.37302978146335264
2025-03-23 16:26:34.592,-1.0304452482651127
2025-03-23 16:26:34.601,-0.6501790225188566
2025-03-23 16:26:34.602,0.40058751962775696
2025-03-23 16:26:34.602,1.0501475398209001
2025-03-23 16:26:34.602,0.5570580513301834
2025-03-23 16:26:34.602,-0.6363673382059599
2025-03-23 16:26:34.611,-1.227649345115621
2025-03-23 16:26:34.611,-0.4651735145664561
2025-03-23 16:26:34.612,0.8936114186913594
2025-03-23 16:26:34.612,1.350302949038729
2025-03-23 16:26:34.612,0.3633859011834715
2025-03-23 16:26:34.619,-1.0060894322335494
2025-03-23 16:26:34.620,-1.2607604692135093
2025-03-23 16:26:34.620,-0.15047915280803448
2025-03-23 16:26:34.620,1.0315753672567962
2025-03-23 16:26:34.620,0.9346299597361756
2025-03-23 16:26:34.629,-0.28367120360992515
2025-03-23 16:26:34.630,-1.1566014115311736
2025-03-23 16:26:34.630,-0.5991970511965298
2025-03-23 16:26:34.630,0.857354834364239
2025-03-23 16:26:34.639,1.5848688992223614
2025-03-23 16:26:34.639,0.5836243175591665
2025-03-23 16:26:34.639,-1.3229985130208017
2025-03-23 16:26:34.640,-2.1798640337135007
2025-03-23 16:26:34.640,-0.9389249922516321
2025-03-23 16:26:34.648,1.331710197781913
2025-03-23 16:26:34.648,2.4690649752635454
2025-03-23 16:26:34.648,1.3975187621011458
2025-03-23 16:26:34.648,-0.8231202808349457
2025-03-23 16:26:34.648,-2.124257504263341
2025-03-23 16:26:34.657,-1.5058730929335469
2025-03-23 16:26:34.657,0.13944319720936288
2025-03-23 16:26:34.658,1.2145436655325217
2025-03-23 16:26:34.658,1.068669806714889
2025-03-23 16:26:34.667,0.2952946515840924
2025-03-23 16:26:34.667,-0.240128325017703
2025-03-23 16:26:34.668,-0.280940664128834
2025-03-23 16:26:34.668,-0.1850729214295561
2025-03-23 16:26:34.668,-0.31917688768836056
2025-03-23 16:26:34.675,-0.5508565819807925
2025-03-23 16:26:34.676,-0.38969119719594686
2025-03-23 16:26:34.676,0.3487491857698655
2025-03-23 16:26:34.676,1.124616168702169
2025-03-23 16:26:34.685,1.0830905654630385
2025-03-23 16:26:34.686,-0.006194888984493663
2025-03-23 16:26:34.686,-1.278926674516186
2025-03-23 16:26:34.686,-1.5055206830049224
2025-03-23 16:26:34.686,-0.41258046919320207
2025-03-23 16:26:34.694,0.9659359320519137
2025-03-23 16:26:34.694,1.4073310971126707
2025-03-23 16:26:34.694,0.7163726136870637
2025-03-23 16:26:34.694,-0.31739116314621246
2025-03-23 16:26:34.694,-0.8805985363863803
2025-03-23 16:26:34.704,-0.7978810195066427
2025-03-23 16:26:34.704,-0.36827007221577657
2025-03-23 16:26:34.704,0.1441220712050545
2025-03-23 16:26:34.704,0.6357813366167923
2025-03-23 16:26:34.713,0.8770295882420653
2025-03-23 16:26:34.713,0.5222822550939896
2025-03-23 16:26:34.714,-0.3564070681329514
2025-03-23 16:26:34.714,-1.043547299251532
2025-03-23 16:26:34.714,-0.8400487381535391
2025-03-23 16:26:34.723,0.11087068401221845
2025-03-23 16:26:34.724,0.8828976638551314
2025-03-23 16:26:34.724,0.7280634738266069
2025-03-23 16:26:34.724,-0.09336239100933219
2025-03-23 16:26:34.724,-0.6069323342811067
2025-03-23 16:26:34.732,-0.28620967790881413
2025-03-23 16:26:34.732,0.34035659250518085
2025-03-23 16:26:34.732,0.4183043457813955
2025-03-23 16:26:34.732,-0.162713940129237
2025-03-23 16:26:34.741,-0.6926160029605881
2025-03-23 16:26:34.742,-0.4926175453424494
2025-03-23 16:26:34.742,0.3483084603595965
2025-03-23 16:26:34.742,1.0328550344070695
2025-03-23 16:26:34.742,0.8010185903261574
2025-03-23 16:26:34.751,-0.2887808405457277
2025-03-23 16:26:34.751,-1.2808559751590365
2025-03-23 16:26:34.752,-1.148156938229979
2025-03-23 16:26:34.752,0.132356097343389
2025-03-23 16:26:34.752,1.367310272163984
2025-03-23 16:26:34.759,1.2875977074909344
2025-03-23 16:26:34.760,-0.023161119667280794
2025-03-23 16:26:34.760,-1.1634054631216635
2025-03-23 16:26:34.760,-1.0097314696623487
2025-03-23 16:26:34.769,0.06785562714905032
2025-03-23 16:26:34.770,0.7720778377778375
2025-03-23 16:26:34.770,0.38589245100098696
2025-03-23 16:26:34.770,-0.4876163929057194
2025-03-23 16:26:34.770,-0.6415877386513201
2025-03-23 16:26:34.778,0.30137712836207653
2025-03-23 16:26:34.778,1.2854761237477206
2025-03-23 16:26:34.778,0.9433242711523393
2025-03-23 16:26:34.778,-0.678867578467185
2025-03-23 16:26:34.778,-1.9423256858673932
2025-03-23 16:26:34.788,-1.400464690890987
2025-03-23 16:26:34.788,0.5181401433967123
2025-03-23 16:26:34.788,1.9595159512095102
2025-03-23 16:26:34.788,1.6619391344707364
2025-03-23 16:26:34.788,0.10859317646747589
2025-03-23 16:26:34.797,-1.3136373295788093
2025-03-23 16:26:34.798,-1.69602598539363
2025-03-23 16:26:34.798,-0.9535310375797411
2025-03-23 16:26:34.798,0.4591775719563447
2025-03-23 16:26:34.807,1.6364620164936943
2025-03-23 16:26:34.807,1.5972475713874263
2025-03-23 16:26:34.808,0.2377915847983771
2025-03-23 16:26:34.808,-1.3238803150110816
2025-03-23 16:26:34.808,-1.7775801362789276
2025-03-23 16:26:34.815,-0.8576583730169551
2025-03-23 16:26:34.816,0.6049117570453068
2025-03-23 16:26:34.816,1.5620248217304347
2025-03-23 16:26:34.816,1.444716765196264
2025-03-23 16:26:34.825,0.3212456313951321
2025-03-23 16:26:34.826,-1.1207762247447197
2025-03-23 16:26:34.826,-1.795824919884091
2025-03-23 16:26:34.826,-1.01953047463218
2025-03-23 16:26:34.826,0.633554536398419
2025-03-23 16:26:34.834,1.6731450346175296
2025-03-23 16:26:34.834,1.20236881803445
2025-03-23 16:26:34.834,-0.17696707101913234
2025-03-23 16:26:34.834,-1.133856269500657
2025-03-23 16:26:34.834,-0.9837408996214925
2025-03-23 16:26:34.844,-0.14500201154829612
2025-03-23 16:26:34.844,0.509811631318296
2025-03-23 16:26:34.844,0.5401533245397067
2025-03-23 16:26:34.844,0.2068564005747917
2025-03-23 16:26:34.845,-0.018027345150528527
2025-03-23 16:26:34.853,-0.024115693372689262
2025-03-23 16:26:34.854,-0.04174812946698133
2025-03-23 16:26:34.854,-0.21011245825298774
2025-03-23 16:26:34.854,-0.3672389570907012
2025-03-23 16:26:34.863,-0.25832105221335466
2025-03-23 16:26:34.864,0.13500397456111932
2025-03-23 16:26:34.864,0.5154837707030417
2025-03-23 16:26:34.864,0.5466932591335358
2025-03-23 16:26:34.864,0.17342683522207114
2025-03-23 16:26:34.872,-0.3581029610668476
2025-03-23 16:26:34.872,-0.6953195160062617
2025-03-23 16:26:34.872,-0.5807820896864653
2025-03-23 16:26:34.872,-0.04514019677360188
2025-03-23 16:26:34.873,0.5571733361709651
2025-03-23 16:26:34.882,0.8344856742833883
2025-03-23 16:26:34.882,0.6342263748483239
2025-03-23 16:26:34.882,-0.002945893500270559
2025-03-23 16:26:34.882,-0.8591718211440861
2025-03-23 16:26:34.891,-1.3493901807708641
2025-03-23 16:26:34.891,-0.7740633910229388
2025-03-23 16:26:34.891,0.7609590111499362
2025-03-23 16:26:34.892,1.9258375903350533
2025-03-23 16:26:34.892,1.3382742055712031
2025-03-23 16:26:34.900,-0.6618825250100571
2025-03-23 16:26:34.900,-2.00793242766882
2025-03-23 16:26:34.900,-1.225267877293296
2025-03-23 16:26:34.900,0.6738328439059003
2025-03-23 16:26:34.901,1.4210509368235258
2025-03-23 16:26:34.910,0.3743201235447488
2025-03-23 16:26:34.910,-0.8346389802274156
2025-03-23 16:26:34.910,-0.596235186195117
2025-03-23 16:26:34.910,0.6988682259623088
2025-03-23 16:26:34.917,1.3444404387818758
2025-03-23 16:26:34.918,0.3709893092292851
2025-03-23 16:26:34.918,-1.4469522425752894
2025-03-23 16:26:34.918,-2.3307937900098956
2025-03-23 16:26:34.918,-1.1128791188682228
2025-03-23 16:26:34.927,1.5352275554842287
2025-03-23 16:26:34.928,3.344107539739126
2025-03-23 16:26:34.928,2.3688345005654248
2025-03-23 16:26:34.928,-0.9045468031812585
2025-03-23 16:26:34.936,-3.6272886086723672
2025-03-23 16:26:34.936,-3.26358578821752
2025-03-23 16:26:34.936,-0.16534761430336173
2025-03-23 16:26:34.936,2.8328553533501135
2025-03-23 16:26:34.936,3.2562993327637546
2025-03-23 16:26:34.946,1.1398899976041479
2025-03-23 16:26:34.946,-1.4242795283733165
2025-03-23 16:26:34.946,-2.4088190916407486
2025-03-23 16:26:34.946,-1.4706023347914585
2025-03-23 16:26:34.946,0.18648392126397234
2025-03-23 16:26:34.955,1.1828154699276956
2025-03-23 16:26:34.956,1.0779645953802481
2025-03-23 16:26:34.956,0.3826492121165896
2025-03-23 16:26:34.956,-0.16969533004823129
2025-03-23 16:26:34.965,-0.2991552963496093
2025-03-23 16:26:34.966,-0.2639364787458643
2025-03-23 16:26:34.966,-0.3437080466754232
2025-03-23 16:26:34.966,-0.39551854172313794
2025-03-23 16:26:34.966,-0.12233455921077714
2025-03-23 16:26:34.974,0.37000066956380306
2025-03-23 16:26:34.974,0.6225221173574756
2025-03-23 16:26:34.974,0.3977016311914137
2025-03-23 16:26:34.974,-0.07193355592663005
2025-03-23 16:26:34.983,-0.4170015739266861
2025-03-23 16:26:34.984,-0.4865098512559634
2025-03-23 16:26:34.984,-0.30542375873300237
2025-03-23 16:26:34.984,0.09071465765301241
2025-03-23 16:26:34.984,0.5311891542981737
2025-03-23 16:26:34.993,0.5867298966865253
2025-03-23 16:26:34.993,0.019149062132108603
2025-03-23 16:26:34.993,-0.6639865027209556
2025-03-23 16:26:34.994,-0.6390087973423756
2025-03-23 16:26:34.994,0.14176979426636938
2025-03-23 16:26:35.002,0.793533758486006
2025-03-23 16:26:35.002,0.5900564204367408
2025-03-23 16:26:35.002,-0.2161846810861882
2025-03-23 16:26:35.002,-0.815674588106188
2025-03-23 16:26:35.011,-0.7256040182939183
2025-03-23 16:26:35.012,-0.08063999763274413
2025-03-23 16:26:35.012,0.6617597084275718
2025-03-23 16:26:35.012,1.021400708510205
2025-03-23 16:26:35.012,0.6629266382425104
2025-03-23 16:26:35.020,-0.31797104210980415
2025-03-23 16:26:35.020,-1.2002738530072665
2025-03-23 16:26:35.020,-1.1323327798832767
2025-03-23 16:26:35.020,-0.07048393717950013
2025-03-23 16:26:35.020,1.0222096963902183
2025-03-23 16:26:35.030,1.1453936456677059
2025-03-23 16:26:35.030,0.3079895479937459
2025-03-23 16:26:35.030,-0.5457069300790499
2025-03-23 16:26:35.030,-0.6284576448954347
2025-03-23 16:26:35.039,-0.18162175404267483
2025-03-23 16:26:35.039,-0.036629870994945
2025-03-23 16:26:35.040,-0.3499520149977939
2025-03-23 16:26:35.040,-0.31152893189816155
2025-03-23 16:26:35.040,0.5656554224758371
2025-03-23 16:26:35.049,1.4180189715584854
2025-03-23 16:26:35.049,0.9611458860829936
2025-03-23 16:26:35.050,-0.7428288472954898
2025-03-23 16:26:35.050,-2.078527877523863
2025-03-23 16:26:35.050,-1.5929252681079766
2025-03-23 16:26:35.057,0.39987376143002307
2025-03-23 16:26:35.057,2.122006598775031
2025-03-23 16:26:35.058,2.075471297908643
2025-03-23 16:26:35.058,0.32984563445903137
2025-03-23 16:26:35.067,-1.6833561557960945
2025-03-23 16:26:35.067,-2.3523596047204136
2025-03-23 16:26:35.068,-1.1092336603859831
2025-03-23 16:26:35.068,1.0383608736224001
2025-03-23 16:26:35.068,2.2553689887982555
2025-03-23 16:26:35.075,1.545045588841746
2025-03-23 16:26:35.076,-0.3093521882594832
2025-03-23 16:26:35.076,-1.6181366037025005
2025-03-23 16:26:35.076,-1.464842496114458
2025-03-23 16:26:35.086,-0.35709861516777325
2025-03-23 16:26:35.086,0.6158559830896262
2025-03-23 16:26:35.086,0.9283263117618905
2025-03-23 16:26:35.086,0.7782346279583963
2025-03-23 16:26:35.086,0.39902561685653753
2025-03-23 16:26:35.094,-0.2406432646220196
2025-03-23 16:26:35.094,-0.9467338592626979
2025-03-23 16:26:35.094,-1.0795270407858764
2025-03-23 16:26:35.094,-0.2660059201914357
2025-03-23 16:26:35.095,0.9073538146517954
2025-03-23 16:26:35.104,1.3244577546884417
2025-03-23 16:26:35.104,0.5175481061937157
2025-03-23 16:26:35.104,-0.7540383198450165
2025-03-23 16:26:35.104,-1.2503702816385416
2025-03-23 16:26:35.113,-0.5627037557176806
2025-03-23 16:26:35.114,0.5095010144962239
2025-03-23 16:26:35.114,0.93118192770874
2025-03-23 16:26:35.114,0.5036262375958109
2025-03-23 16:26:35.114,-0.1674917049994678
2025-03-23 16:26:35.123,-0.4878929148806255
2025-03-23 16:26:35.123,-0.3942474441630237
2025-03-23 16:26:35.124,-0.1579103003123947
2025-03-23 16:26:35.124,0.05621737405745327
2025-03-23 16:26:35.124,0.26127279563507
2025-03-23 16:26:35.132,0.3863670706151935
2025-03-23 16:26:35.132,0.2528566546975347
2025-03-23 16:26:35.132,-0.11631485346744941
2025-03-23 16:26:35.132,-0.42291674083374226
2025-03-23 16:26:35.141,-0.41419466884125916
2025-03-23 16:26:35.141,-0.10784133486478331
2025-03-23 16:26:35.142,0.27637281546829484
2025-03-23 16:26:35.142,0.464656753364794
2025-03-23 16:26:35.142,0.3125142641406178
2025-03-23 16:26:35.151,-0.043109255040409786
2025-03-23 16:26:35.151,-0.3185166829730384
2025-03-23 16:26:35.152,-0.37793228683229957
2025-03-23 16:26:35.152,-0.2639854897817084
2025-03-23 16:26:35.152,-0.02412193250421424
2025-03-23 16:26:35.159,0.2910665476846754
2025-03-23 16:26:35.160,0.5077284944737588
2025-03-23 16:26:35.160,0.40495062196106413
2025-03-23 16:26:35.160,-0.026494689107884387
2025-03-23 16:26:35.169,-0.48288938192725633
2025-03-23 16:26:35.170,-0.6072465650884465
2025-03-23 16:26:35.170,-0.33779947210535194
2025-03-23 16:26:35.170,0.10327703134479504
2025-03-23 16:26:35.170,0.4885020716163773
2025-03-23 16:26:35.178,0.6540825454820798
2025-03-23 16:26:35.178,0.42918923253304603
2025-03-23 16:26:35.178,-0.16180295572981523
2025-03-23 16:26:35.178,-0.6982921303287299
2025-03-23 16:26:35.187,-0.7064360604222923
2025-03-23 16:26:35.188,-0.19712683605508255
2025-03-23 16:26:35.188,0.35752759123350747
2025-03-23 16:26:35.188,0.5509754270357521
2025-03-23 16:26:35.188,0.3956336411686957
2025-03-23 16:26:35.197,0.16580884868556958
2025-03-23 16:26:35.197,-0.004207310466404839
2025-03-23 16:26:35.197,-0.24803045344364355
2025-03-23 16:26:35.198,-0.623685405783014
2025-03-23 16:26:35.198,-0.7810130256767784
2025-03-23 16:26:35.206,-0.2495760233734817
2025-03-23 16:26:35.206,0.8434680683868716
2025-03-23 16:26:35.206,1.5496526144452962
2025-03-23 16:26:35.206,0.9300183405695454
2025-03-23 16:26:35.207,-0.7582459842547198
2025-03-23 16:26:35.215,-1.9960741258614085
2025-03-23 16:26:35.216,-1.4840361721134827
2025-03-23 16:26:35.216,0.4038677081787168
2025-03-23 16:26:35.216,1.9366329627674361
2025-03-23 16:26:35.225,1.7326637413851413
2025-03-23 16:26:35.225,0.012265175314730023
2025-03-23 16:26:35.226,-1.6543157422754518
2025-03-23 16:26:35.226,-1.7329443111501346
2025-03-23 16:26:35.226,-0.13808319252334414
2025-03-23 16:26:35.234,1.573085448134477
2025-03-23 16:26:35.234,1.6401287457174654
2025-03-23 16:26:35.234,-0.07554986027162343
2025-03-23 16:26:35.234,-1.8076933459008933
2025-03-23 16:26:35.244,-1.6418910819236814
2025-03-23 16:26:35.244,0.385257229506988
2025-03-23 16:26:35.244,2.170736863601675
2025-03-23 16:26:35.244,1.7639104339882528
2025-03-23 16:26:35.244,-0.48339477870665737
2025-03-23 16:26:35.253,-2.3097261810807
2025-03-23 16:26:35.253,-1.9499954302353877
2025-03-23 16:26:35.254,0.1741961043566484
2025-03-23 16:26:35.254,2.054363829387592
2025-03-23 16:26:35.254,2.072516887860823
2025-03-23 16:26:35.262,0.3906377410498762
2025-03-23 16:26:35.262,-1.40992347764821
2025-03-23 16:26:35.262,-1.898112646638293
2025-03-23 16:26:35.262,-0.9432230928502565
2025-03-23 16:26:35.262,0.49803443814156795
2025-03-23 16:26:35.272,1.3768385890680108
2025-03-23 16:26:35.272,1.2656259026405596
2025-03-23 16:26:35.272,0.3977087192857309
2025-03-23 16:26:35.272,-0.6652293549295177
2025-03-23 16:26:35.281,-1.310272080697773
2025-03-23 16:26:35.281,-1.0663797029504822
2025-03-23 16:26:35.282,0.03595274338196356
2025-03-23 16:26:35.282,1.2026588965690443
2025-03-23 16:26:35.282,1.3903241239322406
2025-03-23 16:26:35.291,0.36119987928528907
2025-03-23 16:26:35.291,-0.9676367666143766
2025-03-23 16:26:35.292,-1.3969811757262685
2025-03-23 16:26:35.292,-0.586238799330497
2025-03-23 16:26:35.292,0.6765191938623718
2025-03-23 16:26:35.300,1.2374190438333996
2025-03-23 16:26:35.300,0.6358836110904964
2025-03-23 16:26:35.300,-0.4942635615337499
2025-03-23 16:26:35.300,-1.0461003418630455
2025-03-23 16:26:35.309,-0.5036934731399287
2025-03-23 16:26:35.309,0.5366467242445795
2025-03-23 16:26:35.310,0.9396785647929061
2025-03-23 16:26:35.310,0.25688054187097825
2025-03-23 16:26:35.310,-0.718688421230347
2025-03-23 16:26:35.317,-0.8726966776056793
2025-03-23 16:26:35.318,-0.09311788975167459
2025-03-23 16:26:35.318,0.708443813662087
2025-03-23 16:26:35.318,0.7646029382920352
2025-03-23 16:26:35.327,0.19208279292569452
2025-03-23 16:26:35.328,-0.39060436718380315
2025-03-23 16:26:35.328,-0.5740210801220674
2025-03-23 16:26:35.328,-0.3884391862682086
2025-03-23 16:26:35.328,-0.06094439172033084
2025-03-23 16:26:35.335,0.24791749899777132
2025-03-23 16:26:35.336,0.4419801620470186
2025-03-23 16:26:35.336,0.4083101200447494
2025-03-23 16:26:35.336,0.12211505622979024
2025-03-23 16:26:35.336,-0.24943885695649132
2025-03-23 16:26:35.346,-0.4841865132768264
2025-03-23 16:26:35.346,-0.45583972646208215
2025-03-23 16:26:35.346,-0.12538373695611016
2025-03-23 16:26:35.346,0.39185052498082656
2025-03-23 16:26:35.355,0.7118222759937777
2025-03-23 16:26:35.355,0.4391513855330831
2025-03-23 16:26:35.356,-0.2978944052102962
2025-03-23 16:26:35.356,-0.7879413678718202
2025-03-23 16:26:35.356,-0.4754974725034483
2025-03-23 16:26:35.365,0.2964056849667165
2025-03-23 16:26:35.366,0.6081149012479402
2025-03-23 16:26:35.366,0.1327805013588207
2025-03-23 16:26:35.366,-0.40674341103770806
2025-03-23 16:26:35.366,-0.23919815842681982
2025-03-23 16:26:35.374,0.38307761482679037
2025-03-23 16:26:35.374,0.5659712747688325
2025-03-23 16:26:35.374,-0.00776675656731439
2025-03-23 16:26:35.374,-0.6983616156724551
2025-03-23 16:26:35.384,-0.7156673789063477
2025-03-23 16:26:35.384,-0.020152095266120038
2025-03-23 16:26:35.384,0.6698714652445186
2025-03-23 16:26:35.384,0.687659095919089
2025-03-23 16:26:35.384,0.11119854555047322
2025-03-23 16:26:35.393,-0.40827172786630417
2025-03-23 16:26:35.393,-0.3971859510692212
2025-03-23 16:26:35.394,-0.019294238721145003
2025-03-23 16:26:35.394,0.18324569204347096
2025-03-23 16:26:35.394,-0.03849546078744995
2025-03-23 16:26:35.403,-0.2957025197879684
2025-03-23 16:26:35.404,-0.07076459316722668
2025-03-23 16:26:35.404,0.47385661627325576
2025-03-23 16:26:35.404,0.5933290962314433
2025-03-23 16:26:35.404,-0.02300392172226368
2025-03-23 16:26:35.412,-0.7458460192865377
2025-03-23 16:26:35.412,-0.7401175872042425
2025-03-23 16:26:35.412,0.051127615188814715
2025-03-23 16:26:35.412,0.8401565620267054
2025-03-23 16:26:35.421,0.8167664757558676
2025-03-23 16:26:35.422,-0.023234419743920987
2025-03-23 16:26:35.422,-0.8483448821507805
2025-03-23 16:26:35.422,-0.8160880119688213
2025-03-23 16:26:35.422,0.04882599667412777
2025-03-23 16:26:35.431,0.8373974860395413
2025-03-23 16:26:35.431,0.6906425116227267
2025-03-23 16:26:35.432,-0.22433581089061952
2025-03-23 16:26:35.432,-0.8321665367821198
2025-03-23 16:26:35.432,-0.40474311746609204
2025-03-23 16:26:35.439,0.5182200857037814
2025-03-23 16:26:35.440,0.7914512230855475
2025-03-23 16:26:35.440,0.07795262451269444
2025-03-23 16:26:35.440,-0.7915307484628611
2025-03-23 16:26:35.449,-0.8181414829508759
2025-03-23 16:26:35.449,0.08733639594279596
2025-03-23 16:26:35.450,1.018758384321204
2025-03-23 16:26:35.450,0.9711737338957062
2025-03-23 16:26:35.450,-0.10712042010473156
2025-03-23 16:26:35.458,-1.1639734161800785
2025-03-23 16:26:35.458,-1.0824193576442689
2025-03-23 16:26:35.458,0.11517012796895043
2025-03-23 16:26:35.458,1.219870367770743
2025-03-23 16:26:35.467,1.0677043551697667
2025-03-23 16:26:35.468,-0.21454121471819965
2025-03-23 16:26:35.468,-1.304422520129642
2025-03-23 16:26:35.468,-1.0609070507122558
2025-03-23 16:26:35.468,0.30722985323248647
2025-03-23 16:26:35.477,1.4776012508462835
2025-03-23 16:26:35.477,1.2875570969859154
2025-03-23 16:26:35.477,-0.19049468033817796
2025-03-23 16:26:35.478,-1.6540865473042845
2025-03-23 16:26:35.478,-1.7052666980132467
2025-03-23 16:26:35.486,-0.19073887384718685
2025-03-23 16:26:35.486,1.585593333905678
2025-03-23 16:26:35.486,2.055823888340524
2025-03-23 16:26:35.486,0.7895882047721126
2025-03-23 16:26:35.487,-1.1606154823312016
2025-03-23 16:26:35.495,-2.157890406700742
2025-03-23 16:26:35.496,-1.3730339019332758
2025-03-23 16:26:35.496,0.49041793798994504
2025-03-23 16:26:35.496,1.8518166251328436
2025-03-23 16:26:35.505,1.6710976057896196
2025-03-23 16:26:35.505,0.24957492724774905
2025-03-23 16:26:35.506,-1.1841470172908153
2025-03-23 16:26:35.506,-1.5526288950208271
2025-03-23 16:26:35.506,-0.7543312095081516
2025-03-23 16:26:35.514,0.3982616911735736
2025-03-23 16:26:35.514,1.0098020546519566
2025-03-23 16:26:35.514,0.8301544553208854
2025-03-23 16:26:35.514,0.225649230650283
2025-03-23 16:26:35.523,-0.3190801591476775
2025-03-23 16:26:35.524,-0.5490524317156005
2025-03-23 16:26:35.524,-0.4541477196846135
2025-03-23 16:26:35.524,-0.1424254618408614
2025-03-23 16:26:35.524,0.21728747280387778
2025-03-23 16:26:35.533,0.39363524054086035
2025-03-23 16:26:35.533,0.22920278605248828
2025-03-23 16:26:35.534,-0.1432924893686724
2025-03-23 16:26:35.534,-0.3644380297778743
2025-03-23 16:26:35.534,-0.19704580539825078
2025-03-23 16:26:35.542,0.2498606196808517
2025-03-23 16:26:35.542,0.5877441532965088
2025-03-23 16:26:35.542,0.4107350275992548
2025-03-23 16:26:35.542,-0.3007250408386688
2025-03-23 16:26:35.551,-0.9651049023795482
2025-03-23 16:26:35.552,-0.8462181321615365
2025-03-23 16:26:35.552,0.14067568829314467
2025-03-23 16:26:35.552,1.1964931596266113
2025-03-23 16:26:35.552,1.3055040292659033
2025-03-23 16:26:35.560,0.19410443732515908
2025-03-23 16:26:35.560,-1.260673946644969
2025-03-23 16:26:35.560,-1.6665252785374514
2025-03-23 16:26:35.560,-0.4556694293901764
2025-03-23 16:26:35.560,1.3365539745024806
2025-03-23 16:26:35.570,1.8983757619491413
2025-03-23 16:26:35.570,0.5033265193764307
2025-03-23 16:26:35.570,-1.514916408471744
2025-03-23 16:26:35.570,-1.9978870068937562
2025-03-23 16:26:35.579,-0.35196430216023566
2025-03-23 16:26:35.579,1.6587756454760194
2025-03-23 16:26:35.580,1.8796776723222042
2025-03-23 16:26:35.580,0.19539286029464564
2025-03-23 16:26:35.580,-1.509327132214118
2025-03-23 16:26:35.589,-1.581507691896422
2025-03-23 16:26:35.589,-0.22858258964689376
2025-03-23 16:26:35.590,1.0465279694186573
2025-03-23 16:26:35.590,1.1521160045110819
2025-03-23 16:26:35.590,0.3268312606479906
2025-03-23 16:26:35.597,-0.4394805765051879
2025-03-23 16:26:35.598,-0.5535993014720255
2025-03-23 16:26:35.598,-0.24995862681021871
2025-03-23 16:26:35.598,-0.07365821177088176
2025-03-23 16:26:35.607,-0.1672995841696318
2025-03-23 16:26:35.608,-0.128134052413385
2025-03-23 16:26:35.608,0.3776849295712139
2025-03-23 16:26:35.608,0.9178243713451487
2025-03-23 16:26:35.608,0.616933441041776
2025-03-23 16:26:35.616,-0.5826414204542963
2025-03-23 16:26:35.616,-1.4600407489937155
2025-03-23 16:26:35.616,-0.8561721677068235
2025-03-23 16:26:35.616,0.7541759360559023
2025-03-23 16:26:35.626,1.6122740059691112
2025-03-23 16:26:35.626,0.7002335770522808
2025-03-23 16:26:35.626,-0.974166643257242
2025-03-23 16:26:35.626,-1.4699994735765283
2025-03-23 16:26:35.626,-0.2016889890087285
2025-03-23 16:26:35.634,1.3161131619826234
2025-03-23 16:26:35.634,1.239050209711716
2025-03-23 16:26:35.634,-0.41265482376616375
2025-03-23 16:26:35.634,-1.7282679697532688
2025-03-23 16:26:35.635,-1.0807489795574785
2025-03-23 16:26:35.644,0.9381628303652512
2025-03-23 16:26:35.644,2.0598928776384473
2025-03-23 16:26:35.644,0.9207453473312349
2025-03-23 16:26:35.644,-1.2660786040292324
2025-03-23 16:26:35.645,-2.0759914338695933
2025-03-23 16:26:35.653,-0.6883065743892093
2025-03-23 16:26:35.654,1.2786684656560687
2025-03-23 16:26:35.654,1.754215074121973
2025-03-23 16:26:35.654,0.46696673005398653
2025-03-23 16:26:35.663,-1.0328066047642235
2025-03-23 16:26:35.664,-1.25499374864026
2025-03-23 16:26:35.664,-0.26231337041339386
2025-03-23 16:26:35.664,0.7128462777668847
2025-03-23 16:26:35.664,0.7461514507612992
2025-03-23 16:26:35.672,0.040358257126219585
2025-03-23 16:26:35.672,-0.5282416283165947
2025-03-23 16:26:35.672,-0.378255030168773
2025-03-23 16:26:35.672,0.23774072927282608
2025-03-23 16:26:35.681,0.554572445200654
2025-03-23 16:26:35.682,0.17602678354830484
2025-03-23 16:26:35.682,-0.4547112377760123
2025-03-23 16:26:35.682,-0.6072135414127476
2025-03-23 16:26:35.682,-0.1473956913333458
2025-03-23 16:26:35.691,0.36851068162150574
2025-03-23 16:26:35.692,0.43775549249824913
2025-03-23 16:26:35.692,0.19938255127070495
2025-03-23 16:26:35.692,0.11013152588028521
2025-03-23 16:26:35.692,0.15605499388316382
2025-03-23 16:26:35.699,-0.17194357290089313
2025-03-23 16:26:35.700,-0.8963466794534958
2025-03-23 16:26:35.700,-1.075901975308229
2025-03-23 16:26:35.700,0.04350614945728187
2025-03-23 16:26:35.709,1.6427451087183491
2025-03-23 16:26:35.710,1.8961387083733574
2025-03-23 16:26:35.710,0.15713210850087422
2025-03-23 16:26:35.710,-1.9596505433623326
2025-03-23 16:26:35.710,-2.2044770776942864
2025-03-23 16:26:35.718,-0.27753660105750255
2025-03-23 16:26:35.718,1.7670981934147705
2025-03-23 16:26:35.718,1.863780845999505
2025-03-23 16:26:35.718,0.17417496383979508
2025-03-23 16:26:35.728,-1.3472124949963988
2025-03-23 16:26:35.728,-1.2199199617231051
2025-03-23 16:26:35.728,0.1513759274429165
2025-03-23 16:26:35.728,1.1513321941625125
2025-03-23 16:26:35.728,0.7197303999861675
2025-03-23 16:26:35.737,-0.5956423234280274
2025-03-23 16:26:35.737,-1.2956267816047795
2025-03-23 16:26:35.738,-0.5621011560253806
2025-03-23 16:26:35.738,0.8883544420950343
