timestamp,bandpass_and_notch
2025-03-23 16:21:39.193,-0.46755195510599623
2025-03-23 16:21:39.193,1.638864753602314
2025-03-23 16:21:39.193,-1.6962389676350857
2025-03-23 16:21:39.194,-12.935530072147301
2025-03-23 16:21:39.202,-22.292768444043446
2025-03-23 16:21:39.202,-10.396535892010567
2025-03-23 16:21:39.202,25.835115840079794
2025-03-23 16:21:39.203,54.80455153910341
2025-03-23 16:21:39.203,36.63436956667972
2025-03-23 16:21:39.210,-26.01956710347728
2025-03-23 16:21:39.211,-77.93021127993067
2025-03-23 16:21:39.211,-65.08247731017013
2025-03-23 16:21:39.211,5.810278781158013
2025-03-23 16:21:39.219,71.71474208654294
2025-03-23 16:21:39.219,76.60275120524955
2025-03-23 16:21:39.219,23.08185720283968
2025-03-23 16:21:39.219,-38.30017993046658
2025-03-23 16:21:39.228,-61.167283588536066
2025-03-23 16:21:39.228,-39.59943868575638
2025-03-23 16:21:39.229,-0.5867485977565416
2025-03-23 16:21:39.229,27.064668578844874
2025-03-23 16:21:39.229,33.04525183649309
2025-03-23 16:21:39.236,23.193812042552878
2025-03-23 16:21:39.237,7.107575135334707
2025-03-23 16:21:39.237,-8.835306812059455
2025-03-23 16:21:39.237,-20.337699363602237
2025-03-23 16:21:39.246,-23.0489293890465
2025-03-23 16:21:39.246,-14.598448500662137
2025-03-23 16:21:39.247,1.7227802864493982
2025-03-23 16:21:39.247,17.060576022291997
2025-03-23 16:21:39.247,22.14156089594092
2025-03-23 16:21:39.254,13.765225578130329
2025-03-23 16:21:39.255,-2.2530063972408834
2025-03-23 16:21:39.255,-14.676474845534704
2025-03-23 16:21:39.255,-15.49127852827613
2025-03-23 16:21:39.264,-6.513420481228675
2025-03-23 16:21:39.264,3.123441254942915
2025-03-23 16:21:39.265,6.505516967423436
2025-03-23 16:21:39.265,4.8250886510016375
2025-03-23 16:21:39.265,3.2216420606240455
2025-03-23 16:21:39.274,3.0100653530641543
2025-03-23 16:21:39.275,1.0073882383435784
2025-03-23 16:21:39.275,-3.808261070187714
2025-03-23 16:21:39.275,-6.858543990629883
2025-03-23 16:21:39.275,-3.6752681159006495
2025-03-23 16:21:39.282,3.164783513866402
2025-03-23 16:21:39.283,6.343433977989927
2025-03-23 16:21:39.283,2.7188312623393966
2025-03-23 16:21:39.283,-3.1306938147791086
2025-03-23 16:21:39.283,-4.899836483697142
2025-03-23 16:21:39.292,-1.6214486508908719
2025-03-23 16:21:39.293,2.5122675094386326
2025-03-23 16:21:39.293,3.657503104786562
2025-03-23 16:21:39.293,1.8486446409948198
2025-03-23 16:21:39.302,-0.467903834180986
2025-03-23 16:21:39.302,-1.6980479655958427
2025-03-23 16:21:39.303,-2.047451431754543
2025-03-23 16:21:39.303,-1.908746479166489
2025-03-23 16:21:39.303,-0.7873736087709081
2025-03-23 16:21:39.312,1.3992098198297576
2025-03-23 16:21:39.312,2.9229364816759844
2025-03-23 16:21:39.313,1.805265027260728
2025-03-23 16:21:39.313,-1.1601252342448505
2025-03-23 16:21:39.313,-2.624996445248573
2025-03-23 16:21:39.320,-0.7510617191026173
2025-03-23 16:21:39.321,2.2213080360672905
2025-03-23 16:21:39.321,2.6061474536151965
2025-03-23 16:21:39.321,-0.3258176019202729
2025-03-23 16:21:39.330,-3.6246922514435456
2025-03-23 16:21:39.330,-3.865256896721428
2025-03-23 16:21:39.331,-0.4042451113088019
2025-03-23 16:21:39.331,4.004245070636112
2025-03-23 16:21:39.331,5.387157707881196
2025-03-23 16:21:39.338,2.1466882764996793
2025-03-23 16:21:39.339,-2.949107561196565
2025-03-23 16:21:39.339,-5.17497937807557
2025-03-23 16:21:39.339,-2.8437052814624812
2025-03-23 16:21:39.348,1.0137777869748401
2025-03-23 16:21:39.349,2.6280488504061843
2025-03-23 16:21:39.349,1.8237448661099736
2025-03-23 16:21:39.349,0.9550868236410542
2025-03-23 16:21:39.349,0.7710006273451273
2025-03-23 16:21:39.357,-0.18247200272940545
2025-03-23 16:21:39.357,-2.1863676387690854
2025-03-23 16:21:39.357,-2.995685316204927
2025-03-23 16:21:39.357,-0.9460781469217558
2025-03-23 16:21:39.357,2.2741452830476607
2025-03-23 16:21:39.368,3.3933443601406816
2025-03-23 16:21:39.368,1.3991641070231375
2025-03-23 16:21:39.368,-1.5186711992235713
2025-03-23 16:21:39.369,-2.652812206891692
2025-03-23 16:21:39.369,-1.4873413924400842
2025-03-23 16:21:39.376,0.4304236652202108
2025-03-23 16:21:39.377,1.5161258677066611
2025-03-23 16:21:39.377,1.3919944799861457
2025-03-23 16:21:39.377,0.5334462957038226
2025-03-23 16:21:39.386,-0.41583344185670174
2025-03-23 16:21:39.387,-0.904606507154569
2025-03-23 16:21:39.387,-0.7655834160839193
2025-03-23 16:21:39.387,-0.4276021580144076
2025-03-23 16:21:39.387,-0.2925293030705942
2025-03-23 16:21:39.395,0.04886040078033977
2025-03-23 16:21:39.395,1.1024258526442874
2025-03-23 16:21:39.395,1.959996487868522
2025-03-23 16:21:39.395,0.915743448841403
2025-03-23 16:21:39.396,-1.7602479420372439
2025-03-23 16:21:39.405,-3.1704853046781394
2025-03-23 16:21:39.405,-1.2691493170121237
2025-03-23 16:21:39.405,2.088939648783956
2025-03-23 16:21:39.405,3.2156588286482033
2025-03-23 16:21:39.414,1.1213360187734274
2025-03-23 16:21:39.415,-1.603716530187267
2025-03-23 16:21:39.415,-2.2558473191765556
2025-03-23 16:21:39.415,-0.9316114576280838
2025-03-23 16:21:39.415,0.3673319344227316
2025-03-23 16:21:39.424,0.5512485196076952
2025-03-23 16:21:39.424,0.4677177442386077
2025-03-23 16:21:39.425,1.118152374062538
2025-03-23 16:21:39.425,1.7137221050267624
2025-03-23 16:21:39.425,0.5506745184699413
2025-03-23 16:21:39.434,-2.1718205933414936
2025-03-23 16:21:39.434,-3.678245602021505
2025-03-23 16:21:39.435,-1.7263625052175682
2025-03-23 16:21:39.435,2.235086735506721
2025-03-23 16:21:39.435,4.263768860980538
2025-03-23 16:21:39.442,2.351217110947495
2025-03-23 16:21:39.443,-1.3800720570794216
2025-03-23 16:21:39.443,-3.2858423461402335
2025-03-23 16:21:39.443,-2.112447986394692
2025-03-23 16:21:39.452,0.3177493023955171
2025-03-23 16:21:39.452,1.609038937644884
2025-03-23 16:21:39.453,1.1336822921085512
2025-03-23 16:21:39.453,0.11110832799073081
2025-03-23 16:21:39.453,-0.08011582564505236
2025-03-23 16:21:39.460,0.4375404057721691
2025-03-23 16:21:39.461,0.2495568459675872
2025-03-23 16:21:39.461,-1.2014705925849098
2025-03-23 16:21:39.461,-2.2544943496222976
2025-03-23 16:21:39.470,-0.8746130854126221
2025-03-23 16:21:39.470,2.251383445081202
2025-03-23 16:21:39.471,3.7548492940132427
2025-03-23 16:21:39.471,1.3991766685579703
2025-03-23 16:21:39.471,-2.843717039622844
2025-03-23 16:21:39.479,-4.510602435202284
2025-03-23 16:21:39.479,-1.5873913440513365
2025-03-23 16:21:39.479,2.9475160158304874
2025-03-23 16:21:39.479,4.227186311961266
2025-03-23 16:21:39.488,1.002744894748329
2025-03-23 16:21:39.489,-2.8944224184464487
2025-03-23 16:21:39.489,-3.053516723657273
2025-03-23 16:21:39.489,0.40643380958518915
2025-03-23 16:21:39.489,3.2146068871886917
2025-03-23 16:21:39.497,2.0461278109820493
2025-03-23 16:21:39.497,-1.8508121506306856
2025-03-23 16:21:39.497,-4.235403557981989
2025-03-23 16:21:39.497,-2.3649484925541238
2025-03-23 16:21:39.507,2.274268543404038
2025-03-23 16:21:39.507,5.355148880977895
2025-03-23 16:21:39.507,3.8132324365612744
2025-03-23 16:21:39.507,-1.1753902270376573
2025-03-23 16:21:39.507,-5.279914455636272
2025-03-23 16:21:39.507,-5.060831908347193
2025-03-23 16:21:39.516,-0.9063733418839779
2025-03-23 16:21:39.517,3.657794489265371
2025-03-23 16:21:39.517,5.106687834439821
2025-03-23 16:21:39.517,2.651027751575123
2025-03-23 16:21:39.526,-1.4323024789082632
2025-03-23 16:21:39.526,-3.919967050407104
2025-03-23 16:21:39.527,-3.251657399748157
2025-03-23 16:21:39.527,-0.3823712328801787
2025-03-23 16:21:39.527,2.345679698385141
2025-03-23 16:21:39.535,2.9300109758630413
2025-03-23 16:21:39.535,1.08584824489229
2025-03-23 16:21:39.535,-1.3704110400208338
2025-03-23 16:21:39.535,-2.0371041667054404
2025-03-23 16:21:39.544,-0.4990035685591888
2025-03-23 16:21:39.544,1.141235230020755
2025-03-23 16:21:39.545,0.893546940518908
2025-03-23 16:21:39.545,-0.6519059440243685
2025-03-23 16:21:39.545,-1.3005377722600981
2025-03-23 16:21:39.553,-0.15351733339841897
2025-03-23 16:21:39.553,1.4445081135402988
2025-03-23 16:21:39.553,1.710575972402036
2025-03-23 16:21:39.553,0.3409418432567542
2025-03-23 16:21:39.553,-1.4645490013203473
2025-03-23 16:21:39.562,-2.230192587693178
2025-03-23 16:21:39.563,-1.277728489963206
2025-03-23 16:21:39.563,0.8052965891548153
2025-03-23 16:21:39.563,2.4165540240586045
2025-03-23 16:21:39.572,2.130044887536492
2025-03-23 16:21:39.572,0.10755399473160647
2025-03-23 16:21:39.573,-1.8707425719095845
2025-03-23 16:21:39.573,-2.127094174320256
2025-03-23 16:21:39.573,-0.7431001812558923
2025-03-23 16:21:39.580,0.7510684553615129
2025-03-23 16:21:39.581,1.187282980207764
2025-03-23 16:21:39.581,0.7796540600173525
2025-03-23 16:21:39.581,0.2962989000754968
2025-03-23 16:21:39.590,-0.03867732582302512
2025-03-23 16:21:39.591,-0.3174804362306725
2025-03-23 16:21:39.591,-0.3766809407864239
2025-03-23 16:21:39.591,-0.267796587307874
2025-03-23 16:21:39.591,-0.5465151567230688
2025-03-23 16:21:39.599,-1.073194031450895
2025-03-23 16:21:39.599,-0.46652113907071663
2025-03-23 16:21:39.599,1.7397542492625226
2025-03-23 16:21:39.599,3.2627271581396387
2025-03-23 16:21:39.599,1.4796298777703498
2025-03-23 16:21:39.609,-2.5533235694384646
2025-03-23 16:21:39.609,-4.606272139524579
2025-03-23 16:21:39.609,-2.258919619537066
2025-03-23 16:21:39.609,2.198790059111939
2025-03-23 16:21:39.618,4.479815838443743
2025-03-23 16:21:39.618,2.7975907304507746
2025-03-23 16:21:39.618,-0.9172277992862231
2025-03-23 16:21:39.619,-3.3960779468173383
2025-03-23 16:21:39.619,-2.938054137488474
2025-03-23 16:21:39.627,-0.4135799637675842
2025-03-23 16:21:39.627,1.9356504221851558
2025-03-23 16:21:39.627,2.503688599869132
2025-03-23 16:21:39.627,1.3035610428335582
2025-03-23 16:21:39.627,-0.5376602403699747
2025-03-23 16:21:39.636,-1.7320536930011892
2025-03-23 16:21:39.637,-1.534425902025127
2025-03-23 16:21:39.637,-0.25968426250332577
2025-03-23 16:21:39.637,0.8585729943884707
2025-03-23 16:21:39.646,0.8878497900418226
2025-03-23 16:21:39.647,0.23196072716478233
2025-03-23 16:21:39.647,-0.037970496481238375
2025-03-23 16:21:39.647,0.29700490994467954
2025-03-23 16:21:39.647,0.38719605930535517
2025-03-23 16:21:39.655,-0.3486908329023375
2025-03-23 16:21:39.655,-1.234139282461708
2025-03-23 16:21:39.655,-1.0703152072664104
2025-03-23 16:21:39.655,0.2756123078912576
2025-03-23 16:21:39.664,1.4706801679447632
2025-03-23 16:21:39.665,1.1837619581933467
2025-03-23 16:21:39.665,-0.29167196058395173
2025-03-23 16:21:39.665,-1.2977709484451834
2025-03-23 16:21:39.665,-0.6923088567590147
2025-03-23 16:21:39.674,0.8331087537409825
2025-03-23 16:21:39.675,1.4640166753399935
2025-03-23 16:21:39.675,0.2638982738186821
2025-03-23 16:21:39.675,-1.6628821896060242
2025-03-23 16:21:39.675,-2.2189748607958975
2025-03-23 16:21:39.682,-0.5357234823415937
2025-03-23 16:21:39.683,2.060150566972728
2025-03-23 16:21:39.683,3.2335138171571454
2025-03-23 16:21:39.683,1.6220723039552578
2025-03-23 16:21:39.692,-1.897896800941098
2025-03-23 16:21:39.693,-4.376705571470854
2025-03-23 16:21:39.693,-2.948594540680684
2025-03-23 16:21:39.693,1.890513723169327
2025-03-23 16:21:39.693,5.54475216257652
2025-03-23 16:21:39.700,3.6715555583801374
2025-03-23 16:21:39.701,-2.357821451573594
2025-03-23 16:21:39.701,-6.160253612034044
2025-03-23 16:21:39.701,-3.518150012036792
2025-03-23 16:21:39.710,2.626561503836414
2025-03-23 16:21:39.711,5.7142794230164595
2025-03-23 16:21:39.711,2.990082639473903
2025-03-23 16:21:39.711,-2.1426495643508976
2025-03-23 16:21:39.711,-4.512946510134995
2025-03-23 16:21:39.720,-2.416723303241575
2025-03-23 16:21:39.720,1.4337243289541253
2025-03-23 16:21:39.720,3.1284405883066952
2025-03-23 16:21:39.721,1.4453468717637896
2025-03-23 16:21:39.721,-1.2238701797246598
2025-03-23 16:21:39.729,-1.781197324352279
2025-03-23 16:21:39.729,0.021141558925512338
2025-03-23 16:21:39.729,1.5335353008435084
2025-03-23 16:21:39.729,0.6817401480866011
2025-03-23 16:21:39.730,-1.4210204777045052
2025-03-23 16:21:39.738,-1.9644436287712832
2025-03-23 16:21:39.739,-0.05474761618386527
2025-03-23 16:21:39.739,2.139411583276377
2025-03-23 16:21:39.739,2.08114882224562
2025-03-23 16:21:39.748,-0.08680617610404562
2025-03-23 16:21:39.749,-1.9097072609223578
2025-03-23 16:21:39.749,-1.6702716444456585
2025-03-23 16:21:39.749,-0.1305935692532767
2025-03-23 16:21:39.749,0.9208500856727245
2025-03-23 16:21:39.757,0.9151979859895317
2025-03-23 16:21:39.757,0.5427316386691369
2025-03-23 16:21:39.757,0.1970102587570275
2025-03-23 16:21:39.757,-0.3550881649467486
2025-03-23 16:21:39.766,-0.8555158036438181
2025-03-23 16:21:39.767,-0.5592269757710504
2025-03-23 16:21:39.767,0.2958276943086854
2025-03-23 16:21:39.767,0.4732179368225642
2025-03-23 16:21:39.767,-0.201754790543899
2025-03-23 16:21:39.776,-0.2853458500801771
2025-03-23 16:21:39.776,0.8288715107952416
2025-03-23 16:21:39.777,1.4138091864014437
2025-03-23 16:21:39.777,-0.10212324044108438
2025-03-23 16:21:39.777,-2.238198502756313
2025-03-23 16:21:39.785,-2.0640512047152173
2025-03-23 16:21:39.785,0.5860292107753404
2025-03-23 16:21:39.785,2.5912451777787853
2025-03-23 16:21:39.785,1.7227154992789215
2025-03-23 16:21:39.785,-0.5628281570165872
2025-03-23 16:21:39.795,-1.5733444680604847
2025-03-23 16:21:39.795,-0.9581028608285508
2025-03-23 16:21:39.795,-0.22908785677781868
2025-03-23 16:21:39.795,0.0664800653832299
2025-03-23 16:21:39.804,0.6468183440363147
2025-03-23 16:21:39.804,1.383513780982511
2025-03-23 16:21:39.805,0.9384785886953909
2025-03-23 16:21:39.805,-0.9554045956443945
2025-03-23 16:21:39.805,-2.3187849349614877
2025-03-23 16:21:39.813,-1.1942258062622622
2025-03-23 16:21:39.813,1.501190719153877
2025-03-23 16:21:39.813,2.6871774618470736
2025-03-23 16:21:39.813,0.8765184264414799
2025-03-23 16:21:39.814,-1.8545978836377823
2025-03-23 16:21:39.822,-2.3833778867702735
2025-03-23 16:21:39.823,-0.33825136347753293
2025-03-23 16:21:39.823,1.6939095348628
2025-03-23 16:21:39.823,1.5811901938076516
2025-03-23 16:21:39.832,0.03520795091767831
2025-03-23 16:21:39.832,-0.8924002432006284
2025-03-23 16:21:39.833,-0.6239948373751749
2025-03-23 16:21:39.833,-0.22737646898952568
2025-03-23 16:21:39.833,-0.293716377405568
2025-03-23 16:21:39.840,-0.13387592064427706
2025-03-23 16:21:39.841,0.6565653316553961
2025-03-23 16:21:39.841,1.1697187605681263
2025-03-23 16:21:39.841,0.5337395326185578
2025-03-23 16:21:39.850,-0.6297595230463722
2025-03-23 16:21:39.851,-1.0969755032021
2025-03-23 16:21:39.851,-0.762269108284527
2025-03-23 16:21:39.851,-0.3455210925165869
2025-03-23 16:21:39.851,0.14322594405410946
2025-03-23 16:21:39.859,1.1728177387800804
2025-03-23 16:21:39.859,1.983436682907576
2025-03-23 16:21:39.859,0.9020709045851106
2025-03-23 16:21:39.859,-1.8793400285299402
2025-03-23 16:21:39.868,-3.406700077828951
2025-03-23 16:21:39.869,-1.334236222469285
2025-03-23 16:21:39.869,2.576932622300847
2025-03-23 16:21:39.869,3.983368755814691
2025-03-23 16:21:39.869,1.107748385171316
2025-03-23 16:21:39.877,-2.9188573439912266
2025-03-23 16:21:39.877,-3.63507936308392
2025-03-23 16:21:39.877,-0.4804357321667833
2025-03-23 16:21:39.877,2.7294674724001164
2025-03-23 16:21:39.877,2.5565084170669956
2025-03-23 16:21:39.887,-0.18317314590049197
2025-03-23 16:21:39.887,-2.053817685827956
2025-03-23 16:21:39.887,-1.3624528472590622
2025-03-23 16:21:39.887,0.4880608244415118
2025-03-23 16:21:39.896,1.4253095883730562
2025-03-23 16:21:39.897,0.9051667710149573
2025-03-23 16:21:39.897,-0.3568139180079697
2025-03-23 16:21:39.897,-1.433985435053329
2025-03-23 16:21:39.897,-1.4796840254575931
2025-03-23 16:21:39.906,-0.07349148962949326
2025-03-23 16:21:39.907,1.9271484596624038
2025-03-23 16:21:39.907,2.558629216107167
2025-03-23 16:21:39.907,0.7172336960090893
2025-03-23 16:21:39.907,-2.1817318768040175
2025-03-23 16:21:39.915,-3.2902022525144363
2025-03-23 16:21:39.915,-1.358357902777375
2025-03-23 16:21:39.915,1.7492604338541171
2025-03-23 16:21:39.915,3.0217719032358796
2025-03-23 16:21:39.915,1.5784318127099286
2025-03-23 16:21:39.924,-0.6736686611169691
2025-03-23 16:21:39.925,-1.6359047304436145
2025-03-23 16:21:39.925,-1.255252702563253
2025-03-23 16:21:39.925,-0.6651275294367823
2025-03-23 16:21:39.934,-0.18350405645300127
2025-03-23 16:21:39.935,0.6481804397977681
2025-03-23 16:21:39.935,1.5637464925569236
2025-03-23 16:21:39.935,1.4722764477228636
2025-03-23 16:21:39.935,0.04372131466730455
2025-03-23 16:21:39.943,-1.5339275181078977
2025-03-23 16:21:39.943,-1.8423455904595407
2025-03-23 16:21:39.943,-0.7667897783620098
2025-03-23 16:21:39.943,0.6949413654770012
2025-03-23 16:21:39.952,1.6569193383855412
2025-03-23 16:21:39.953,1.679920710541059
2025-03-23 16:21:39.953,0.414903857455836
2025-03-23 16:21:39.953,-1.7706196833530816
2025-03-23 16:21:39.953,-2.9384308297122335
2025-03-23 16:21:39.961,-1.128806525673592
2025-03-23 16:21:39.961,2.591845743778154
2025-03-23 16:21:39.961,4.254202821863192
2025-03-23 16:21:39.961,1.4297518355557113
2025-03-23 16:21:39.961,-3.3825191066556966
2025-03-23 16:21:39.971,-5.161407092559916
2025-03-23 16:21:39.971,-1.923203596678421
2025-03-23 16:21:39.971,3.130694266606966
2025-03-23 16:21:39.971,5.150499622311383
2025-03-23 16:21:39.979,2.6047703550479384
2025-03-23 16:21:39.979,-1.6443857990954727
2025-03-23 16:21:39.979,-3.7288837420585628
2025-03-23 16:21:39.979,-2.580985917866251
2025-03-23 16:21:39.979,-0.2832327188833995
2025-03-23 16:21:39.989,0.901147826182943
2025-03-23 16:21:39.989,1.0758868054885087
2025-03-23 16:21:39.989,1.6871315116367407
2025-03-23 16:21:39.989,2.523864800764859
2025-03-23 16:21:39.998,1.4679289905046855
2025-03-23 16:21:39.998,-2.0631054580893546
2025-03-23 16:21:39.999,-5.028732393771364
2025-03-23 16:21:39.999,-3.805466608605098
2025-03-23 16:21:39.999,1.2196647577354676
2025-03-23 16:21:40.008,5.548328881282019
2025-03-23 16:21:40.009,5.1558887420594814
2025-03-23 16:21:40.009,0.4119728654837713
2025-03-23 16:21:40.009,-4.496864597735648
2025-03-23 16:21:40.009,-5.416881899917256
2025-03-23 16:21:40.017,-1.7132484822502083
2025-03-23 16:21:40.017,3.2190087749372163
2025-03-23 16:21:40.017,4.85669165141705
2025-03-23 16:21:40.017,1.7837124321083553
2025-03-23 16:21:40.026,-2.6998919116872115
2025-03-23 16:21:40.027,-3.8678320155460812
2025-03-23 16:21:40.027,-0.7265665294061369
2025-03-23 16:21:40.027,2.867173946592517
2025-03-23 16:21:40.027,2.7453246878416917
2025-03-23 16:21:40.036,-0.6628413553052512
2025-03-23 16:21:40.036,-3.019046529578979
2025-03-23 16:21:40.037,-1.5195832005256447
2025-03-23 16:21:40.037,1.7120743421993385
2025-03-23 16:21:40.037,2.5425439724293994
2025-03-23 16:21:40.044,0.1724487214136453
2025-03-23 16:21:40.045,-2.104132130750196
2025-03-23 16:21:40.045,-1.4492375210474855
2025-03-23 16:21:40.045,0.9883024596295994
2025-03-23 16:21:40.054,1.9757390483775925
2025-03-23 16:21:40.055,0.4120847060772127
2025-03-23 16:21:40.055,-1.6573473094085354
2025-03-23 16:21:40.055,-1.817244871788552
2025-03-23 16:21:40.055,0.03849213815340878
2025-03-23 16:21:40.063,1.8999589380479391
2025-03-23 16:21:40.063,1.855204106380091
2025-03-23 16:21:40.063,-0.07323068164345917
2025-03-23 16:21:40.063,-1.9714428536980526
2025-03-23 16:21:40.072,-1.8748872424954695
2025-03-23 16:21:40.073,0.17590497017415804
2025-03-23 16:21:40.073,2.024343092835569
2025-03-23 16:21:40.073,1.6782484231851158
2025-03-23 16:21:40.073,-0.44215312047379096
2025-03-23 16:21:40.081,-1.9891101022245026
2025-03-23 16:21:40.081,-1.3709034098247488
2025-03-23 16:21:40.081,0.5575562733204726
2025-03-23 16:21:40.081,1.6639998839631749
2025-03-23 16:21:40.082,1.0096642774234574
2025-03-23 16:21:40.091,-0.3016333124753484
2025-03-23 16:21:40.091,-0.7482613583974055
2025-03-23 16:21:40.091,-0.31567359767311964
2025-03-23 16:21:40.091,-0.21296169628891737
2025-03-23 16:21:40.091,-0.8483477797952835
2025-03-23 16:21:40.100,-0.9958952272757299
2025-03-23 16:21:40.100,0.4794946541047199
2025-03-23 16:21:40.101,2.5798649794608517
2025-03-23 16:21:40.101,2.779093396297882
2025-03-23 16:21:40.109,-0.008409510498887995
2025-03-23 16:21:40.109,-3.5769458209838554
2025-03-23 16:21:40.109,-4.294850461825669
2025-03-23 16:21:40.109,-1.016991919807851
2025-03-23 16:21:40.110,3.3513925939825224
2025-03-23 16:21:40.118,4.667934890449781
2025-03-23 16:21:40.119,1.8213180907032214
2025-03-23 16:21:40.119,-2.1975007318613424
2025-03-23 16:21:40.119,-3.57257219031561
2025-03-23 16:21:40.127,-1.631493667181912
2025-03-23 16:21:40.127,0.914930311851537
2025-03-23 16:21:40.127,1.483941798942824
2025-03-23 16:21:40.127,0.397517154589233
2025-03-23 16:21:40.128,-0.278909223786127
2025-03-23 16:21:40.136,0.3263138076440444
2025-03-23 16:21:40.137,1.1338054800795634
2025-03-23 16:21:40.137,0.8139936722245557
2025-03-23 16:21:40.137,-0.6884845689402803
2025-03-23 16:21:40.146,-2.1749261905195465
2025-03-23 16:21:40.147,-2.197265746433678
2025-03-23 16:21:40.147,-0.3155744920440909
2025-03-23 16:21:40.147,2.18837003089295
2025-03-23 16:21:40.147,3.155872910548673
2025-03-23 16:21:40.155,1.6273842178507494
2025-03-23 16:21:40.155,-1.0525636933376816
2025-03-23 16:21:40.155,-2.612753981091275
2025-03-23 16:21:40.155,-2.177242920185119
2025-03-23 16:21:40.164,-0.7068528286515611
2025-03-23 16:21:40.165,0.6546806731701931
2025-03-23 16:21:40.165,1.6812442563449217
2025-03-23 16:21:40.165,2.234365975402425
2025-03-23 16:21:40.165,1.5099507889877235
2025-03-23 16:21:40.174,-0.7647749183590056
2025-03-23 16:21:40.175,-2.9267635569750876
2025-03-23 16:21:40.175,-2.6116696738609386
2025-03-23 16:21:40.175,0.25670022309802665
2025-03-23 16:21:40.175,2.79391889257661
2025-03-23 16:21:40.183,2.318454901562319
2025-03-23 16:21:40.183,-0.41773784884715737
2025-03-23 16:21:40.183,-2.1916293504428896
2025-03-23 16:21:40.183,-1.2562402351170305
2025-03-23 16:21:40.192,0.829143518797449
2025-03-23 16:21:40.193,1.5107991787395063
2025-03-23 16:21:40.193,0.3228867745859693
2025-03-23 16:21:40.193,-1.0140626917268374
2025-03-23 16:21:40.193,-0.9966702000296563
2025-03-23 16:21:40.201,0.03530821085259135
2025-03-23 16:21:40.201,0.750569416045184
2025-03-23 16:21:40.201,0.5980573821484915
2025-03-23 16:21:40.201,0.12703095790900265
2025-03-23 16:21:40.210,-0.1467547190065976
2025-03-23 16:21:40.211,-0.322100782644942
2025-03-23 16:21:40.211,-0.45447897083713473
2025-03-23 16:21:40.211,-0.222988663851786
2025-03-23 16:21:40.211,0.31188262960137253
2025-03-23 16:21:40.220,0.43325904606705207
2025-03-23 16:21:40.221,-0.0997232150097209
2025-03-23 16:21:40.221,-0.39157484355793454
2025-03-23 16:21:40.221,0.2182391754530014
2025-03-23 16:21:40.221,0.8033238846541104
2025-03-23 16:21:40.229,0.1509961516644676
2025-03-23 16:21:40.229,-1.051195010015158
2025-03-23 16:21:40.229,-1.0076422411206658
2025-03-23 16:21:40.229,0.3018567805800225
2025-03-23 16:21:40.230,0.9809972605116902
2025-03-23 16:21:40.238,0.2857244729994479
2025-03-23 16:21:40.239,-0.2665476818040345
2025-03-23 16:21:40.239,0.32408720206368
2025-03-23 16:21:40.239,0.7095139804369774
2025-03-23 16:21:40.248,-0.438354909958482
2025-03-23 16:21:40.249,-1.8226216615282385
2025-03-23 16:21:40.249,-1.158728484243248
2025-03-23 16:21:40.249,1.284434564523437
2025-03-23 16:21:40.249,2.6060499882573254
2025-03-23 16:21:40.257,0.9597122550086649
2025-03-23 16:21:40.257,-1.9422279959918929
2025-03-23 16:21:40.257,-2.77309008267738
2025-03-23 16:21:40.257,-0.5274898883842685
2025-03-23 16:21:40.266,2.3144162903176517
2025-03-23 16:21:40.267,2.662141644612266
2025-03-23 16:21:40.267,0.27470058297180694
2025-03-23 16:21:40.267,-2.1555214446764257
2025-03-23 16:21:40.267,-2.202270435677288
2025-03-23 16:21:40.275,-0.2754714115026619
2025-03-23 16:21:40.275,1.3430658467429544
2025-03-23 16:21:40.275,1.325439440474108
2025-03-23 16:21:40.275,0.3034420581424958
2025-03-23 16:21:40.276,-0.509194018419707
2025-03-23 16:21:40.285,-0.5524676849105623
2025-03-23 16:21:40.285,0.09642090999566838
2025-03-23 16:21:40.285,0.791319065122228
2025-03-23 16:21:40.285,0.4041276617808417
2025-03-23 16:21:40.294,-1.3197316357034783
2025-03-23 16:21:40.295,-2.447965534512081
2025-03-23 16:21:40.295,-0.6583109099084873
2025-03-23 16:21:40.295,3.05085615841132
2025-03-23 16:21:40.295,4.366918175122058
2025-03-23 16:21:40.303,0.8725103878159487
2025-03-23 16:21:40.303,-4.157245422276529
2025-03-23 16:21:40.303,-5.197716805928802
2025-03-23 16:21:40.303,-1.1185289871961328
2025-03-23 16:21:40.312,3.6372129086779514
2025-03-23 16:21:40.313,4.508032361891053
2025-03-23 16:21:40.313,1.560304669351463
2025-03-23 16:21:40.313,-1.7380270611558108
2025-03-23 16:21:40.313,-2.818745388383918
2025-03-23 16:21:40.321,-1.8734000315972408
2025-03-23 16:21:40.321,-0.3236912157851509
2025-03-23 16:21:40.321,0.9932670234805551
2025-03-23 16:21:40.321,1.8251606441567723
2025-03-23 16:21:40.331,1.7139064643517925
2025-03-23 16:21:40.331,0.2508267325683766
2025-03-23 16:21:40.331,-1.8084879637150904
2025-03-23 16:21:40.331,-2.5402849770964666
2025-03-23 16:21:40.331,-0.76612890816393
2025-03-23 16:21:40.331,2.1675298943468855
2025-03-23 16:21:40.340,3.3035474347718052
2025-03-23 16:21:40.341,1.1365631721188443
2025-03-23 16:21:40.341,-2.565936829684236
2025-03-23 16:21:40.341,-4.299841993991344
2025-03-23 16:21:40.349,-2.1127290825425256
2025-03-23 16:21:40.349,2.5008837166922437
2025-03-23 16:21:40.349,5.572139145450594
2025-03-23 16:21:40.349,3.8224371712781853
2025-03-23 16:21:40.358,-2.0285498932438886
2025-03-23 16:21:40.358,-6.878892995844931
2025-03-23 16:21:40.359,-5.560398247258802
2025-03-23 16:21:40.359,1.4292564692837066
2025-03-23 16:21:40.359,7.4676068980476895
2025-03-23 16:21:40.367,6.421432594899132
2025-03-23 16:21:40.367,-0.6575276923266249
2025-03-23 16:21:40.367,-6.638341523776727
2025-03-23 16:21:40.367,-6.001381374552009
2025-03-23 16:21:40.376,-0.25943105809322087
2025-03-23 16:21:40.376,4.536649136263987
2025-03-23 16:21:40.377,4.473511400513477
2025-03-23 16:21:40.377,0.9640777926864851
2025-03-23 16:21:40.377,-2.017255294327483
2025-03-23 16:21:40.385,-2.3407771203819285
2025-03-23 16:21:40.385,-0.98251080860815
2025-03-23 16:21:40.385,0.04185474517025585
2025-03-23 16:21:40.385,0.022782656254403177
2025-03-23 16:21:40.385,-0.10213213825826385
2025-03-23 16:21:40.395,0.7243954565541066
2025-03-23 16:21:40.395,2.0711694954412048
2025-03-23 16:21:40.395,2.183564371992539
2025-03-23 16:21:40.395,0.0201463452344242
2025-03-23 16:21:40.403,-3.067776975808454
2025-03-23 16:21:40.403,-4.252677501724094
2025-03-23 16:21:40.403,-2.025492460281787
2025-03-23 16:21:40.403,2.1560672462581696
2025-03-23 16:21:40.403,5.032312176682785
2025-03-23 16:21:40.413,4.229011556022949
2025-03-23 16:21:40.413,0.17273049219615055
2025-03-23 16:21:40.413,-4.097922922365884
2025-03-23 16:21:40.413,-5.2273739578691565
2025-03-23 16:21:40.422,-2.371108823682597
2025-03-23 16:21:40.423,2.0288664541043495
2025-03-23 16:21:40.423,4.470020079728759
2025-03-23 16:21:40.423,3.391469942101246
2025-03-23 16:21:40.423,0.10656484632114263
2025-03-23 16:21:40.431,-2.679760385607033
2025-03-23 16:21:40.431,-3.0765772629766057
2025-03-23 16:21:40.431,-1.283655851335574
2025-03-23 16:21:40.431,0.8788112390893257
2025-03-23 16:21:40.432,1.7697603475069121
2025-03-23 16:21:40.440,1.2672342130042962
2025-03-23 16:21:40.441,0.3068923576678246
2025-03-23 16:21:40.441,-0.4040424573944693
2025-03-23 16:21:40.441,-0.7171649969516374
2025-03-23 16:21:40.450,-0.5572998185350334
2025-03-23 16:21:40.450,0.031631915167212324
2025-03-23 16:21:40.451,0.4483883796283574
2025-03-23 16:21:40.451,0.01553224805985181
2025-03-23 16:21:40.451,-0.8796010541179344
2025-03-23 16:21:40.458,-0.8801019611473072
2025-03-23 16:21:40.459,0.6018069067193739
2025-03-23 16:21:40.459,2.219486122602622
2025-03-23 16:21:40.459,1.9310448142248942
2025-03-23 16:21:40.468,-0.5866437964100377
2025-03-23 16:21:40.469,-3.1599386567380816
2025-03-23 16:21:40.469,-3.0701050979750217
2025-03-23 16:21:40.469,0.03928809302538791
2025-03-23 16:21:40.469,3.3472140106630146
2025-03-23 16:21:40.477,3.4997994508983608
2025-03-23 16:21:40.477,0.2925038383955867
2025-03-23 16:21:40.477,-2.906215361899672
2025-03-23 16:21:40.477,-2.867066639936097
2025-03-23 16:21:40.486,-0.03853845708166684
2025-03-23 16:21:40.487,2.26811895101921
2025-03-23 16:21:40.487,1.7591166417924797
2025-03-23 16:21:40.487,-0.5737041197012367
2025-03-23 16:21:40.487,-1.9400402555011305
2025-03-23 16:21:40.496,-0.8566727106143596
2025-03-23 16:21:40.496,1.3746970985485112
2025-03-23 16:21:40.497,2.05847035907023
2025-03-23 16:21:40.497,0.057010292444904576
2025-03-23 16:21:40.497,-2.5394769805882604
2025-03-23 16:21:40.505,-2.3181814298712626
2025-03-23 16:21:40.505,1.2011733305229773
2025-03-23 16:21:40.505,4.033651098057638
2025-03-23 16:21:40.505,2.120203799214737
2025-03-23 16:21:40.505,-2.976578620587105
2025-03-23 16:21:40.515,-5.106790945193676
2025-03-23 16:21:40.515,-1.1700127958269286
2025-03-23 16:21:40.515,4.467280761307836
2025-03-23 16:21:40.515,5.119798701484571
2025-03-23 16:21:40.524,0.03244483914813007
2025-03-23 16:21:40.525,-4.8821628665307175
2025-03-23 16:21:40.525,-4.3441673113423285
2025-03-23 16:21:40.525,0.4607678272556939
2025-03-23 16:21:40.525,4.126628179901717
2025-03-23 16:21:40.533,3.4440825775051755
2025-03-23 16:21:40.533,0.027779735085871893
2025-03-23 16:21:40.533,-2.642163304614354
2025-03-23 16:21:40.533,-2.8389498875699983
2025-03-23 16:21:40.533,-1.075261338692206
2025-03-23 16:21:40.542,1.1941097592346015
2025-03-23 16:21:40.543,2.3901143953320423
2025-03-23 16:21:40.543,1.5817869593754335
2025-03-23 16:21:40.543,-0.41666221228208
2025-03-23 16:21:40.552,-1.5122922539870305
2025-03-23 16:21:40.553,-0.800157278025321
2025-03-23 16:21:40.553,0.27884558258645553
2025-03-23 16:21:40.553,0.14276138337528735
2025-03-23 16:21:40.553,-0.6052681249108637
2025-03-23 16:21:40.560,-0.3553588210600967
2025-03-23 16:21:40.561,0.8252191702672045
2025-03-23 16:21:40.561,1.307348825035804
2025-03-23 16:21:40.561,0.4200969325982243
2025-03-23 16:21:40.570,-0.6867275559087417
2025-03-23 16:21:40.571,-0.8821762147302342
2025-03-23 16:21:40.571,-0.4791107536376682
2025-03-23 16:21:40.571,-0.27337068998267744
2025-03-23 16:21:40.571,-0.1094664484964611
2025-03-23 16:21:40.579,0.6330305889820248
2025-03-23 16:21:40.579,1.4859586691276978
2025-03-23 16:21:40.579,1.0232618870349304
2025-03-23 16:21:40.579,-1.004253796837189
2025-03-23 16:21:40.589,-2.5842683028035265
2025-03-23 16:21:40.589,-1.5425972340065386
2025-03-23 16:21:40.589,1.495835804621418
2025-03-23 16:21:40.589,3.3064831442740443
2025-03-23 16:21:40.589,1.6519362987640909
2025-03-23 16:21:40.598,-1.9224100048320152
2025-03-23 16:21:40.598,-3.58375866549479
2025-03-23 16:21:40.599,-1.477958423275458
2025-03-23 16:21:40.599,2.1473312401752462
2025-03-23 16:21:40.599,3.4632076463801003
2025-03-23 16:21:40.607,1.2548037311219473
2025-03-23 16:21:40.607,-1.9938544007307604
2025-03-23 16:21:40.607,-3.0122657474540375
2025-03-23 16:21:40.607,-1.099798517469355
2025-03-23 16:21:40.616,1.5361489994339852
2025-03-23 16:21:40.617,2.32057793786266
2025-03-23 16:21:40.617,0.829543653117506
2025-03-23 16:21:40.617,-1.12566575651038
2025-03-23 16:21:40.617,-1.5780507118413678
2025-03-23 16:21:40.626,-0.34514306642206866
2025-03-23 16:21:40.627,1.027476504203561
2025-03-23 16:21:40.627,1.0412880730903218
2025-03-23 16:21:40.627,-0.1890539709879427
2025-03-23 16:21:40.627,-1.1896429352473532
2025-03-23 16:21:40.635,-0.8221290442362235
2025-03-23 16:21:40.635,0.516360872846972
2025-03-23 16:21:40.635,1.40388022106932
2025-03-23 16:21:40.635,0.882055837834969
2025-03-23 16:21:40.644,-0.5856715823415859
2025-03-23 16:21:40.645,-1.5199088675933266
2025-03-23 16:21:40.645,-0.9309561258733162
2025-03-23 16:21:40.645,0.5219467178821698
2025-03-23 16:21:40.645,1.261553372364533
2025-03-23 16:21:40.653,0.7161843340917968
2025-03-23 16:21:40.653,-0.18232716016042083
2025-03-23 16:21:40.653,-0.5393009562922424
2025-03-23 16:21:40.653,-0.5294880522007414
2025-03-23 16:21:40.653,-0.4979838919841813
2025-03-23 16:21:40.662,-0.15196060990273771
2025-03-23 16:21:40.663,0.6009343700753349
2025-03-23 16:21:40.663,0.9631599624825712
2025-03-23 16:21:40.663,0.35107687202296506
2025-03-23 16:21:40.672,-0.5142370205834008
2025-03-23 16:21:40.673,-0.6174976405093644
2025-03-23 16:21:40.673,-0.17962037713356618
2025-03-23 16:21:40.673,-0.08430980584049774
2025-03-23 16:21:40.673,-0.2614277355545668
2025-03-23 16:21:40.681,0.045267284033166225
2025-03-23 16:21:40.681,0.6748214793253694
2025-03-23 16:21:40.681,0.6771703507383939
2025-03-23 16:21:40.681,0.015216238445645333
2025-03-23 16:21:40.690,-0.3499650952105219
2025-03-23 16:21:40.691,-0.21081739088957857
2025-03-23 16:21:40.691,-0.3937711431411125
2025-03-23 16:21:40.691,-0.9185601244405218
2025-03-23 16:21:40.691,-0.5221135298586789
2025-03-23 16:21:40.699,1.1214891501449813
2025-03-23 16:21:40.699,2.1585801531615574
2025-03-23 16:21:40.699,0.8968997304809212
2025-03-23 16:21:40.699,-1.539060123180038
2025-03-23 16:21:40.709,-2.4404572821753967
2025-03-23 16:21:40.709,-0.9827508755322982
2025-03-23 16:21:40.709,1.0189171806018307
2025-03-23 16:21:40.709,1.7104115614977347
2025-03-23 16:21:40.709,1.110185922069077
2025-03-23 16:21:40.717,0.18900388751702482
2025-03-23 16:21:40.717,-0.622534277512379
2025-03-23 16:21:40.717,-1.2771883448630805
2025-03-23 16:21:40.717,-1.3140032165224727
2025-03-23 16:21:40.718,-0.24517422429189067
2025-03-23 16:21:40.727,1.35659286751682
2025-03-23 16:21:40.727,1.9745771544177495
2025-03-23 16:21:40.727,0.7629922089166732
2025-03-23 16:21:40.727,-1.29559150292816
2025-03-23 16:21:40.728,-2.2634834630166947
2025-03-23 16:21:40.737,-1.1929388174706468
2025-03-23 16:21:40.737,0.9989065067237278
2025-03-23 16:21:40.737,2.4153391279593377
2025-03-23 16:21:40.737,1.7850525706511542
2025-03-23 16:21:40.746,-0.48402118936096056
2025-03-23 16:21:40.747,-2.5148397238486373
2025-03-23 16:21:40.747,-2.438356148248184
2025-03-23 16:21:40.747,-0.11852104274074722
2025-03-23 16:21:40.747,2.4776872094415707
2025-03-23 16:21:40.755,2.921609802990533
2025-03-23 16:21:40.755,0.6679083255431021
2025-03-23 16:21:40.755,-2.2340210855655527
2025-03-23 16:21:40.755,-3.0422096567990473
2025-03-23 16:21:40.756,-1.048487814280408
2025-03-23 16:21:40.765,1.7431215368720205
2025-03-23 16:21:40.765,2.699619245611727
2025-03-23 16:21:40.765,1.1599479788698153
2025-03-23 16:21:40.765,-1.1014441285167607
2025-03-23 16:21:40.774,-1.8785512804062074
2025-03-23 16:21:40.775,-0.8055108093923856
2025-03-23 16:21:40.775,0.5340921462841646
2025-03-23 16:21:40.775,0.6535979479284314
2025-03-23 16:21:40.775,-0.13050909515054182
2025-03-23 16:21:40.783,-0.3200017817094688
2025-03-23 16:21:40.783,0.6855919516489172
2025-03-23 16:21:40.783,1.6012636888807996
2025-03-23 16:21:40.783,0.6839365633849935
2025-03-23 16:21:40.792,-1.839064182691284
2025-03-23 16:21:40.793,-3.3314561451709483
2025-03-23 16:21:40.793,-1.5069575593249072
2025-03-23 16:21:40.793,2.473230238709137
2025-03-23 16:21:40.793,4.657576263353998
2025-03-23 16:21:40.801,2.513917563754058
2025-03-23 16:21:40.801,-2.158621774555473
2025-03-23 16:21:40.801,-5.018825626700224
2025-03-23 16:21:40.801,-3.490522760098633
2025-03-23 16:21:40.810,0.9979490785947568
2025-03-23 16:21:40.811,4.533590660815236
2025-03-23 16:21:40.811,4.0957704967972335
2025-03-23 16:21:40.811,0.07722318816349585
2025-03-23 16:21:40.811,-3.860477329984627
2025-03-23 16:21:40.819,-3.9390589285348643
2025-03-23 16:21:40.819,-0.11749727003794042
2025-03-23 16:21:40.819,3.5279285466075208
2025-03-23 16:21:40.819,3.1041291698215767
2025-03-23 16:21:40.820,-0.7405662601191565
2025-03-23 16:21:40.829,-3.638433512284538
2025-03-23 16:21:40.829,-2.43182093137742
2025-03-23 16:21:40.829,1.5668356663946124
2025-03-23 16:21:40.829,4.150190375219165
2025-03-23 16:21:40.838,2.5136121743502664
2025-03-23 16:21:40.838,-1.8821014539598222
2025-03-23 16:21:40.839,-4.589621763691934
2025-03-23 16:21:40.839,-2.7523278612926148
2025-03-23 16:21:40.839,1.6609906381822996
2025-03-23 16:21:40.847,4.024798394766245
2025-03-23 16:21:40.847,2.3577310222397365
2025-03-23 16:21:40.847,-0.8492815249542301
2025-03-23 16:21:40.847,-2.276208845186607
2025-03-23 16:21:40.856,-1.506108300770071
2025-03-23 16:21:40.857,-0.24610018631571506
2025-03-23 16:21:40.857,0.47562024005188763
2025-03-23 16:21:40.857,0.7675806298832072
2025-03-23 16:21:40.857,0.686637753674937
2025-03-23 16:21:40.866,0.2642632042860242
2025-03-23 16:21:40.867,0.01818091915118856
2025-03-23 16:21:40.867,0.11778879372117262
2025-03-23 16:21:40.867,-0.192636931015774
2025-03-23 16:21:40.867,-1.1667676588116875
2025-03-23 16:21:40.875,-1.4952905850801699
2025-03-23 16:21:40.875,-0.032244460469557056
2025-03-23 16:21:40.875,2.105453663956292
2025-03-23 16:21:40.875,2.534103165252449
2025-03-23 16:21:40.884,0.49834175262938857
2025-03-23 16:21:40.885,-2.1795011509612685
2025-03-23 16:21:40.885,-3.0239763726823767
2025-03-23 16:21:40.885,-1.263303264054749
2025-03-23 16:21:40.885,1.573733191186995
2025-03-23 16:21:40.894,2.9965706016206495
2025-03-23 16:21:40.895,1.7342004980129873
2025-03-23 16:21:40.895,-0.9662975015451948
2025-03-23 16:21:40.895,-2.4388598353447697
2025-03-23 16:21:40.895,-1.3852326856444037
2025-03-23 16:21:40.902,0.7657752549146255
2025-03-23 16:21:40.903,1.661765049323321
2025-03-23 16:21:40.903,0.6419324171411687
2025-03-23 16:21:40.903,-0.9749744191972216
2025-03-23 16:21:40.912,-1.561395820003906
2025-03-23 16:21:40.912,-0.4813994792114729
2025-03-23 16:21:40.913,1.5761627995803158
2025-03-23 16:21:40.913,2.776842035321158
2025-03-23 16:21:40.913,1.3575905836115796
2025-03-23 16:21:40.921,-2.247103568160048
2025-03-23 16:21:40.921,-4.805785183060136
2025-03-23 16:21:40.921,-3.0676628926913376
2025-03-23 16:21:40.921,2.3375960764363977
2025-03-23 16:21:40.931,6.515809019838547
2025-03-23 16:21:40.931,4.892379042704271
2025-03-23 16:21:40.931,-1.6325179616981869
2025-03-23 16:21:40.931,-6.948633772151948
2025-03-23 16:21:40.931,-5.8452970621204585
2025-03-23 16:21:40.940,0.5024828124751137
2025-03-23 16:21:40.940,5.842245815176104
2025-03-23 16:21:40.941,5.429283618888118
2025-03-23 16:21:40.941,0.48693790835706113
2025-03-23 16:21:40.941,-3.8815263115230967
2025-03-23 16:21:40.949,-4.099305833710779
2025-03-23 16:21:40.949,-0.8684572178437628
2025-03-23 16:21:40.949,2.4250719794024804
2025-03-23 16:21:40.949,2.9116197109207738
2025-03-23 16:21:40.950,0.37466714633570797
2025-03-23 16:21:40.959,-2.587193787283564
2025-03-23 16:21:40.959,-2.6622488971494094
2025-03-23 16:21:40.959,0.7735453469721504
2025-03-23 16:21:40.959,4.230729849324447
2025-03-23 16:21:40.968,3.318786445886173
2025-03-23 16:21:40.969,-1.9046728189335218
2025-03-23 16:21:40.969,-5.963942291226132
2025-03-23 16:21:40.969,-3.9005566407219896
2025-03-23 16:21:40.969,2.4384576204881054
2025-03-23 16:21:40.977,6.180249693683585
2025-03-23 16:21:40.977,3.5719580509058537
2025-03-23 16:21:40.977,-2.0000973178791015
2025-03-23 16:21:40.977,-4.769311402075907
2025-03-23 16:21:40.987,-2.9598209339950308
2025-03-23 16:21:40.987,0.8017605673294242
2025-03-23 16:21:40.987,3.2702926137658825
2025-03-23 16:21:40.987,2.994955649803309
2025-03-23 16:21:40.987,0.37545539069651146
2025-03-23 16:21:40.996,-2.688102575419538
2025-03-23 16:21:40.997,-3.602973911794494
2025-03-23 16:21:40.997,-1.195054719674913
2025-03-23 16:21:40.997,2.6157148464249254
2025-03-23 16:21:40.997,4.213773280092927
2025-03-23 16:21:41.005,1.9237392826503823
2025-03-23 16:21:41.005,-2.1776536698225826
2025-03-23 16:21:41.005,-4.376727860620761
2025-03-23 16:21:41.005,-2.8478508851405544
2025-03-23 16:21:41.014,1.0060040791497522
2025-03-23 16:21:41.015,4.009245351722583
2025-03-23 16:21:41.015,3.7354712699860744
2025-03-23 16:21:41.015,0.39486990195202776
2025-03-23 16:21:41.015,-3.173278563670925
2025-03-23 16:21:41.023,-3.871829767650393
2025-03-23 16:21:41.023,-1.3043076106166631
2025-03-23 16:21:41.023,1.8618907937275024
2025-03-23 16:21:41.023,2.8259388927414486
2025-03-23 16:21:41.033,1.4892815372447368
2025-03-23 16:21:41.033,-0.1879291318013645
2025-03-23 16:21:41.033,-1.0039175315517388
2025-03-23 16:21:41.033,-1.3795564355741907
2025-03-23 16:21:41.033,-1.540950051220281
