timestamp,bandpass_and_notch
2025-03-24 19:09:47.452,-0.09398688080407813
2025-03-24 19:09:47.453,0.643038104852935
2025-03-24 19:09:47.453,0.07007998299554535
2025-03-24 19:09:47.453,-7.638582531329606
2025-03-24 19:09:47.461,-20.16053130333967
2025-03-24 19:09:47.462,-18.991527388261563
2025-03-24 19:09:47.462,8.626556891249692
2025-03-24 19:09:47.462,41.97810674941814
2025-03-24 19:09:47.462,40.61016470798048
2025-03-24 19:09:47.470,-6.000623762611881
2025-03-24 19:09:47.470,-56.2036767824172
2025-03-24 19:09:47.470,-57.45759181780033
2025-03-24 19:09:47.470,-5.36428158229634
2025-03-24 19:09:47.478,50.525692827636924
2025-03-24 19:09:47.478,59.900127622476965
2025-03-24 19:09:47.478,20.86129326267728
2025-03-24 19:09:47.479,-26.159373834123077
2025-03-24 19:09:47.479,-43.436621836242104
2025-03-24 19:09:47.488,-26.990684489755452
2025-03-24 19:09:47.488,1.2943892706376343
2025-03-24 19:09:47.488,19.907275303666
2025-03-24 19:09:47.488,22.252682188799604
2025-03-24 19:09:47.496,13.171025767825824
2025-03-24 19:09:47.496,0.2845651216186383
2025-03-24 19:09:47.496,-10.085143545549235
2025-03-24 19:09:47.497,-13.740795288535647
2025-03-24 19:09:47.497,-9.875275110181317
2025-03-24 19:09:47.508,-1.8087074458133174
2025-03-24 19:09:47.508,5.233032577205234
2025-03-24 19:09:47.508,7.884540782478651
2025-03-24 19:09:47.508,6.205107326060464
2025-03-24 19:09:47.508,2.199348669150607
2025-03-24 19:09:47.516,-2.0589554785226314
2025-03-24 19:09:47.516,-4.843161835092019
2025-03-24 19:09:47.516,-4.7604501625834095
2025-03-24 19:09:47.516,-1.6769748029847948
2025-03-24 19:09:47.526,2.290557739690411
2025-03-24 19:09:47.526,3.8062880378505266
2025-03-24 19:09:47.526,1.47610530556525
2025-03-24 19:09:47.526,-2.1003803037151147
2025-03-24 19:09:47.526,-2.6686711117349033
2025-03-24 19:09:47.536,0.7081585585372703
2025-03-24 19:09:47.536,4.084414257415713
2025-03-24 19:09:47.536,3.099293721345807
2025-03-24 19:09:47.536,-1.6578889441972164
2025-03-24 19:09:47.536,-5.084329483994599
2025-03-24 19:09:47.546,-3.401034110848752
2025-03-24 19:09:47.546,1.549645692627537
2025-03-24 19:09:47.546,4.481770851819414
2025-03-24 19:09:47.546,2.609483268003172
2025-03-24 19:09:47.546,-1.5496147923194372
2025-03-24 19:09:47.556,-3.463177496974044
2025-03-24 19:09:47.556,-1.650453966828377
2025-03-24 19:09:47.556,1.410604224922897
2025-03-24 19:09:47.556,2.728953190140025
2025-03-24 19:09:47.556,1.7355705315079557
2025-03-24 19:09:47.565,-0.21765585508822294
2025-03-24 19:09:47.566,-1.8449126701027951
2025-03-24 19:09:47.566,-2.618092094817217
2025-03-24 19:09:47.566,-2.231865198018662
2025-03-24 19:09:47.566,-0.4351707078684969
2025-03-24 19:09:47.576,2.3462055721014416
2025-03-24 19:09:47.576,4.523561095548604
2025-03-24 19:09:47.576,3.975217661763048
2025-03-24 19:09:47.576,-0.0824304958130031
2025-03-24 19:09:47.576,-5.312477658688626
2025-03-24 19:09:47.586,-7.054206475911834
2025-03-24 19:09:47.586,-2.5862692861735224
2025-03-24 19:09:47.586,4.870116213904781
2025-03-24 19:09:47.586,8.092918261968402
2025-03-24 19:09:47.586,3.464633040454026
2025-03-24 19:09:47.595,-4.265214954426698
2025-03-24 19:09:47.596,-6.873125069751543
2025-03-24 19:09:47.596,-2.1174394506495364
2025-03-24 19:09:47.596,3.9173026412257825
2025-03-24 19:09:47.596,4.500659367877581
2025-03-24 19:09:47.606,0.0808072222320475
2025-03-24 19:09:47.606,-3.261294890011408
2025-03-24 19:09:47.606,-1.861397724895526
2025-03-24 19:09:47.606,1.4736704139835277
2025-03-24 19:09:47.606,1.8731184746373548
2025-03-24 19:09:47.616,-1.031977360602206
2025-03-24 19:09:47.616,-2.8225395741560124
2025-03-24 19:09:47.616,-0.38592614934010383
2025-03-24 19:09:47.616,3.6938183423039352
2025-03-24 19:09:47.616,4.252757054412251
2025-03-24 19:09:47.625,0.07998614856099648
2025-03-24 19:09:47.626,-4.578395339396734
2025-03-24 19:09:47.626,-5.079782083818489
2025-03-24 19:09:47.626,-1.3210822058471843
2025-03-24 19:09:47.626,2.8917585793229104
2025-03-24 19:09:47.635,4.169024837838972
2025-03-24 19:09:47.636,2.4149258518283507
2025-03-24 19:09:47.636,-0.009619018032314394
2025-03-24 19:09:47.636,-1.168992032023523
2025-03-24 19:09:47.636,-1.314532683897816
2025-03-24 19:09:47.644,-1.7763137412300618
2025-03-24 19:09:47.644,-2.5319447673091755
2025-03-24 19:09:47.644,-1.8218957024528977
2025-03-24 19:09:47.645,1.311481942666972
2025-03-24 19:09:47.654,4.789322521560057
2025-03-24 19:09:47.654,4.945205342541967
2025-03-24 19:09:47.654,0.6120663931795292
2025-03-24 19:09:47.654,-4.825072246223162
2025-03-24 19:09:47.654,-6.31269443944676
2025-03-24 19:09:47.664,-2.304224815061514
2025-03-24 19:09:47.664,3.4594315824345894
2025-03-24 19:09:47.664,5.755516826255763
2025-03-24 19:09:47.664,3.064948004026138
2025-03-24 19:09:47.664,-1.5477017436435818
2025-03-24 19:09:47.674,-4.148015957549927
2025-03-24 19:09:47.674,-3.3972997270748846
2025-03-24 19:09:47.674,-0.5467544899022725
2025-03-24 19:09:47.674,2.336491129383607
2025-03-24 19:09:47.674,3.4398780935183866
2025-03-24 19:09:47.683,1.9836650533274172
2025-03-24 19:09:47.684,-0.7695306180555024
2025-03-24 19:09:47.684,-2.23863985864056
2025-03-24 19:09:47.684,-1.5051910551556889
2025-03-24 19:09:47.684,-0.5269590854715844
2025-03-24 19:09:47.694,-0.9011402565935114
2025-03-24 19:09:47.694,-0.87028100938114
2025-03-24 19:09:47.694,1.797806577704618
2025-03-24 19:09:47.694,4.85182643104646
2025-03-24 19:09:47.694,3.3043357881865476
2025-03-24 19:09:47.703,-3.0111634203727102
2025-03-24 19:09:47.704,-7.334247570882467
2025-03-24 19:09:47.704,-4.018192953717854
2025-03-24 19:09:47.704,3.6960532617406137
2025-03-24 19:09:47.704,7.229742396803371
2025-03-24 19:09:47.712,3.077824411913546
2025-03-24 19:09:47.712,-3.5216457790742512
2025-03-24 19:09:47.712,-5.547207392457429
2025-03-24 19:09:47.712,-1.9916688800663755
2025-03-24 19:09:47.713,2.5463788095153284
2025-03-24 19:09:47.722,3.951933210756251
2025-03-24 19:09:47.722,2.1312212057890223
2025-03-24 19:09:47.722,-0.7082656041832707
2025-03-24 19:09:47.722,-2.893103059897393
2025-03-24 19:09:47.732,-3.630729539216716
2025-03-24 19:09:47.732,-2.1544584957043877
2025-03-24 19:09:47.732,1.5908476871188288
2025-03-24 19:09:47.732,5.356473152834455
2025-03-24 19:09:47.733,5.359971894728342
2025-03-24 19:09:47.733,0.22381757936266053
2025-03-24 19:09:47.742,-6.091699763852223
2025-03-24 19:09:47.742,-7.184108143354264
2025-03-24 19:09:47.742,-1.2959525799550868
2025-03-24 19:09:47.742,5.685535325092801
2025-03-24 19:09:47.752,6.331701185415646
2025-03-24 19:09:47.752,0.4168704502902299
2025-03-24 19:09:47.752,-4.790232626606521
2025-03-24 19:09:47.752,-3.4929294362234278
2025-03-24 19:09:47.752,1.7889180754446379
2025-03-24 19:09:47.762,4.02267791471661
2025-03-24 19:09:47.762,0.6673265466106943
2025-03-24 19:09:47.762,-3.655672969659826
2025-03-24 19:09:47.762,-3.442162553662268
2025-03-24 19:09:47.762,0.9515525899431116
2025-03-24 19:09:47.772,4.180613654173222
2025-03-24 19:09:47.772,2.6196991978949082
2025-03-24 19:09:47.772,-1.5462711882455915
2025-03-24 19:09:47.772,-3.4499507893406944
2025-03-24 19:09:47.772,-1.470391463205446
2025-03-24 19:09:47.782,1.4847150584601834
2025-03-24 19:09:47.782,2.2323270270250313
2025-03-24 19:09:47.782,0.8283813394348275
2025-03-24 19:09:47.782,-0.7964409154326909
2025-03-24 19:09:47.782,-1.6477663852854045
2025-03-24 19:09:47.792,-1.5627395463022755
2025-03-24 19:09:47.792,-0.057253287673130066
2025-03-24 19:09:47.792,2.4304255891758415
2025-03-24 19:09:47.792,3.2780031602620077
2025-03-24 19:09:47.792,0.3890044679917847
2025-03-24 19:09:47.802,-4.00884370617893
2025-03-24 19:09:47.802,-4.84675696054589
2025-03-24 19:09:47.802,-0.32439872920558965
2025-03-24 19:09:47.802,5.1774947674040686
2025-03-24 19:09:47.802,5.639362694435891
2025-03-24 19:09:47.812,0.2771053263626769
2025-03-24 19:09:47.812,-5.3604564541096
2025-03-24 19:09:47.812,-5.450762108273247
2025-03-24 19:09:47.812,-0.20132422241217718
2025-03-24 19:09:47.812,4.697832382621338
2025-03-24 19:09:47.822,4.467517521109496
2025-03-24 19:09:47.822,-0.01102189311437407
2025-03-24 19:09:47.822,-3.838930633753933
2025-03-24 19:09:47.822,-3.390033428480392
2025-03-24 19:09:47.822,0.43967233319222615
2025-03-24 19:09:47.831,3.5220360076224835
2025-03-24 19:09:47.832,2.6445380407190338
2025-03-24 19:09:47.832,-1.2130412420968801
2025-03-24 19:09:47.832,-3.760661308254095
2025-03-24 19:09:47.832,-2.0777232322099315
2025-03-24 19:09:47.841,1.9432917521290503
2025-03-24 19:09:47.842,3.806972718524474
2025-03-24 19:09:47.842,1.7421663565759635
2025-03-24 19:09:47.842,-1.627419679478657
2025-03-24 19:09:47.842,-2.985099747644228
2025-03-24 19:09:47.852,-1.9331064954236215
2025-03-24 19:09:47.852,-0.16548153286472395
2025-03-24 19:09:47.852,1.2790798756138253
2025-03-24 19:09:47.852,2.328110366066389
2025-03-24 19:09:47.852,2.384426461025675
2025-03-24 19:09:47.861,0.6010046634113051
2025-03-24 19:09:47.862,-2.1578788895331753
2025-03-24 19:09:47.862,-3.3520684706210266
2025-03-24 19:09:47.862,-1.6675186240242292
2025-03-24 19:09:47.862,1.170000469360116
2025-03-24 19:09:47.872,2.4548737347341087
2025-03-24 19:09:47.872,1.6099816340346769
2025-03-24 19:09:47.872,0.1933046504657604
2025-03-24 19:09:47.872,-0.5838807695128265
2025-03-24 19:09:47.872,-0.977984761733111
2025-03-24 19:09:47.880,-1.3676959342083488
2025-03-24 19:09:47.880,-1.1208947718178552
2025-03-24 19:09:47.880,0.3733930927917149
2025-03-24 19:09:47.880,2.119065675129308
2025-03-24 19:09:47.881,2.1139819751611078
2025-03-24 19:09:47.890,-0.09251928355304273
2025-03-24 19:09:47.890,-2.3139942289104742
2025-03-24 19:09:47.890,-2.1276069290119395
2025-03-24 19:09:47.891,0.09356270082499182
2025-03-24 19:09:47.891,1.7168619004796506
2025-03-24 19:09:47.900,1.2811371004163223
2025-03-24 19:09:47.900,-0.0015768730826703214
2025-03-24 19:09:47.900,-0.48556835749975785
2025-03-24 19:09:47.900,-0.32191047712195386
2025-03-24 19:09:47.910,-0.4613841746219174
2025-03-24 19:09:47.910,-0.64644784798946
2025-03-24 19:09:47.910,0.02644155967916928
2025-03-24 19:09:47.910,1.092908633807934
2025-03-24 19:09:47.910,1.0176811728236672
2025-03-24 19:09:47.920,-0.37551025383731584
2025-03-24 19:09:47.920,-1.3490218262236253
2025-03-24 19:09:47.920,-0.7030017598334256
2025-03-24 19:09:47.920,0.543420207966029
2025-03-24 19:09:47.920,0.8311304346401394
2025-03-24 19:09:47.930,0.32953848560338944
2025-03-24 19:09:47.930,0.21528061297423123
2025-03-24 19:09:47.930,0.38492450106886666
2025-03-24 19:09:47.930,-0.3633979972744753
2025-03-24 19:09:47.930,-1.8181534454542214
2025-03-24 19:09:47.940,-1.8629406435949327
2025-03-24 19:09:47.940,0.5795983018070169
2025-03-24 19:09:47.940,3.407597111123187
2025-03-24 19:09:47.940,3.420888717477576
2025-03-24 19:09:47.940,0.0017847926319793372
2025-03-24 19:09:47.950,-4.106006867157158
2025-03-24 19:09:47.950,-5.287305965247796
2025-03-24 19:09:47.950,-2.0436078209270656
2025-03-24 19:09:47.950,3.5615225528193015
2025-03-24 19:09:47.950,6.9513288780209415
2025-03-24 19:09:47.958,4.6923976745740825
2025-03-24 19:09:47.958,-1.8239720199409313
2025-03-24 19:09:47.958,-6.958794997775235
2025-03-24 19:09:47.959,-6.132905850419004
2025-03-24 19:09:47.959,-0.4339933937856721
2025-03-24 19:09:47.968,4.713683126828712
2025-03-24 19:09:47.968,5.217101072444881
2025-03-24 19:09:47.968,1.877629000909042
2025-03-24 19:09:47.969,-1.5225614946829005
2025-03-24 19:09:47.969,-2.487298358886238
2025-03-24 19:09:47.978,-1.5354104146280136
2025-03-24 19:09:47.978,-0.5188273419390695
2025-03-24 19:09:47.978,-0.35899702288993895
2025-03-24 19:09:47.978,-0.457494355831777
2025-03-24 19:09:47.988,0.3118719272654703
2025-03-24 19:09:47.988,2.0764393342571066
2025-03-24 19:09:47.988,3.17556474440922
2025-03-24 19:09:47.988,1.4936849968867616
2025-03-24 19:09:47.988,-2.6134629786176338
2025-03-24 19:09:47.998,-5.392453805794992
2025-03-24 19:09:47.998,-3.2876705025400876
2025-03-24 19:09:47.998,2.400441241979893
2025-03-24 19:09:47.998,6.069410754371586
2025-03-24 19:09:47.998,3.902734615051246
2025-03-24 19:09:48.008,-1.7190858133941045
2025-03-24 19:09:48.008,-5.021825747051422
2025-03-24 19:09:48.008,-3.2928839381666966
2025-03-24 19:09:48.008,0.8088933720733749
2025-03-24 19:09:48.008,3.049005475245561
2025-03-24 19:09:48.017,2.13532642709613
2025-03-24 19:09:48.018,-0.007725760535504056
2025-03-24 19:09:48.018,-1.1966955513642046
2025-03-24 19:09:48.018,-1.0495574514553763
2025-03-24 19:09:48.018,-0.4350313887764281
2025-03-24 19:09:48.028,0.007044724568958523
2025-03-24 19:09:48.028,0.29680897938414635
2025-03-24 19:09:48.028,0.5186123112213303
2025-03-24 19:09:48.028,0.46912648511177796
2025-03-24 19:09:48.028,0.06455518503217668
2025-03-24 19:09:48.036,-0.3118572431639281
2025-03-24 19:09:48.036,-0.26750267044141485
2025-03-24 19:09:48.036,-0.03831086510536909
2025-03-24 19:09:48.037,-0.18274843963439677
2025-03-24 19:09:48.037,-0.596567297067047
2025-03-24 19:09:48.048,-0.39206182095311687
2025-03-24 19:09:48.048,0.8301710627453502
2025-03-24 19:09:48.048,1.9449289305311759
2025-03-24 19:09:48.048,1.2713474593393626
2025-03-24 19:09:48.048,-1.2125182565393535
2025-03-24 19:09:48.058,-3.2302003470262948
2025-03-24 19:09:48.058,-2.460111533961418
2025-03-24 19:09:48.058,0.7237506601978096
2025-03-24 19:09:48.058,3.473752925665251
2025-03-24 19:09:48.058,3.4858603764515896
2025-03-24 19:09:48.066,1.0671552432840266
2025-03-24 19:09:48.066,-1.8685244822394327
2025-03-24 19:09:48.066,-3.749270346945743
2025-03-24 19:09:48.066,-3.7273485254740093
2025-03-24 19:09:48.076,-1.333219698345554
2025-03-24 19:09:48.076,2.766599324458517
2025-03-24 19:09:48.076,5.913030014231985
2025-03-24 19:09:48.076,4.936050351167077
2025-03-24 19:09:48.077,-0.4995862944430363
2025-03-24 19:09:48.086,-6.43548197378343
2025-03-24 19:09:48.086,-7.5678805600525445
2025-03-24 19:09:48.086,-2.315486328544755
2025-03-24 19:09:48.086,5.134113055893919
2025-03-24 19:09:48.087,8.317119209519959
2025-03-24 19:09:48.095,4.4661551975678435
2025-03-24 19:09:48.096,-2.8411949967345715
2025-03-24 19:09:48.096,-7.097875702490424
2025-03-24 19:09:48.096,-5.041532373835149
2025-03-24 19:09:48.096,0.6217020640348827
2025-03-24 19:09:48.106,4.51931116189532
2025-03-24 19:09:48.106,4.022444249080452
2025-03-24 19:09:48.106,0.935124369225107
2025-03-24 19:09:48.106,-1.529507269382541
2025-03-24 19:09:48.106,-2.1360331068311176
2025-03-24 19:09:48.116,-1.6729981500866633
2025-03-24 19:09:48.116,-0.8746745080505427
2025-03-24 19:09:48.116,0.3208051714193007
2025-03-24 19:09:48.116,1.6116957636257179
2025-03-24 19:09:48.116,1.8631281651641756
2025-03-24 19:09:48.126,0.5751225145787123
2025-03-24 19:09:48.126,-0.9835353080936619
2025-03-24 19:09:48.126,-1.1601129847539258
2025-03-24 19:09:48.126,-0.13551995592056923
2025-03-24 19:09:48.126,0.34160199484225195
2025-03-24 19:09:48.136,-0.47737853385502343
2025-03-24 19:09:48.136,-1.1779121572808227
2025-03-24 19:09:48.136,-0.22833394748404642
2025-03-24 19:09:48.136,1.639139853164288
2025-03-24 19:09:48.136,2.1722655321481064
2025-03-24 19:09:48.146,0.5443385667361129
2025-03-24 19:09:48.146,-1.501781328265167
2025-03-24 19:09:48.146,-1.8420702751849205
2025-03-24 19:09:48.146,-0.5548859527488083
2025-03-24 19:09:48.146,0.45485911589771366
2025-03-24 19:09:48.156,0.14137390500543429
2025-03-24 19:09:48.156,-0.3625476096455461
2025-03-24 19:09:48.156,0.438672015124185
2025-03-24 19:09:48.156,1.9859319641578816
2025-03-24 19:09:48.156,2.084287905013007
2025-03-24 19:09:48.166,-0.23587127461458735
2025-03-24 19:09:48.166,-3.151646424817361
2025-03-24 19:09:48.166,-3.803813943851648
2025-03-24 19:09:48.166,-1.250953809391084
2025-03-24 19:09:48.166,2.57189795736078
2025-03-24 19:09:48.175,4.551312571282919
2025-03-24 19:09:48.176,3.0240552691528815
2025-03-24 19:09:48.176,-0.7771732386817758
2025-03-24 19:09:48.176,-3.7002822843677268
2025-03-24 19:09:48.176,-3.5037369425209985
2025-03-24 19:09:48.186,-0.9188870843648432
2025-03-24 19:09:48.186,1.4057915958690572
2025-03-24 19:09:48.186,1.9527481133094957
2025-03-24 19:09:48.186,1.5692804377951373
2025-03-24 19:09:48.186,1.4005225502503849
2025-03-24 19:09:48.195,0.7975078129525334
2025-03-24 19:09:48.196,-1.3176712045132253
2025-03-24 19:09:48.196,-3.598881605037214
2025-03-24 19:09:48.196,-2.987243700468142
2025-03-24 19:09:48.196,0.982170899689856
2025-03-24 19:09:48.204,4.463068059294897
2025-03-24 19:09:48.204,3.516408152074905
2025-03-24 19:09:48.204,-0.9537600219169717
2025-03-24 19:09:48.204,-4.147507635501481
2025-03-24 19:09:48.205,-2.882407977794393
2025-03-24 19:09:48.214,1.1599346753839004
2025-03-24 19:09:48.214,3.629106284058524
2025-03-24 19:09:48.214,2.072217495199953
2025-03-24 19:09:48.215,-1.7069965416340076
2025-03-24 19:09:48.215,-3.5317214326262327
2025-03-24 19:09:48.224,-1.3285634618049713
2025-03-24 19:09:48.224,2.4257294028443006
2025-03-24 19:09:48.224,3.512928777539955
2025-03-24 19:09:48.225,0.909883233265164
2025-03-24 19:09:48.225,-2.437012775689463
2025-03-24 19:09:48.234,-3.480692921881452
2025-03-24 19:09:48.234,-1.8130734220823923
2025-03-24 19:09:48.234,1.3236491924312652
2025-03-24 19:09:48.235,4.2032364791457635
2025-03-24 19:09:48.235,4.34908317151993
2025-03-24 19:09:48.244,0.1401129867608684
2025-03-24 19:09:48.244,-5.726267291373182
2025-03-24 19:09:48.244,-7.06661564437748
2025-03-24 19:09:48.244,-1.1574584102692365
2025-03-24 19:09:48.254,6.651234201572021
2025-03-24 19:09:48.254,8.131337649020576
2025-03-24 19:09:48.254,1.6813105446785774
2025-03-24 19:09:48.254,-5.7913463147231035
2025-03-24 19:09:48.254,-6.9187247942382015
2025-03-24 19:09:48.264,-1.7925641742067728
2025-03-24 19:09:48.264,3.3405152527507855
2025-03-24 19:09:48.264,3.899321487361798
2025-03-24 19:09:48.264,1.3714750331293584
2025-03-24 19:09:48.264,-0.2103842463494215
2025-03-24 19:09:48.274,0.008489562866269895
2025-03-24 19:09:48.274,-0.4669108126144881
2025-03-24 19:09:48.274,-2.6213199810660215
2025-03-24 19:09:48.274,-3.632086723487716
2025-03-24 19:09:48.275,-0.7793241591294128
2025-03-24 19:09:48.284,4.0443430325133445
2025-03-24 19:09:48.284,5.904422984144079
2025-03-24 19:09:48.284,2.563847400197947
2025-03-24 19:09:48.284,-3.08558627680723
2025-03-24 19:09:48.284,-6.357618853933064
2025-03-24 19:09:48.294,-5.030396919662702
2025-03-24 19:09:48.294,-0.2282859511127188
2025-03-24 19:09:48.294,5.031765042490745
2025-03-24 19:09:48.294,7.29676111112431
2025-03-24 19:09:48.294,4.41874620882699
2025-03-24 19:09:48.304,-2.2284008964907938
2025-03-24 19:09:48.304,-7.68978982265148
2025-03-24 19:09:48.304,-7.309646986327391
2025-03-24 19:09:48.304,-1.256438655912076
2025-03-24 19:09:48.304,5.429599884614722
2025-03-24 19:09:48.313,7.516278711917833
2025-03-24 19:09:48.314,4.0128363210784075
2025-03-24 19:09:48.314,-1.700308928498002
2025-03-24 19:09:48.314,-5.247593053649395
2025-03-24 19:09:48.314,-4.659801468212552
2025-03-24 19:09:48.323,-1.3300249580567718
2025-03-24 19:09:48.324,1.7541759388079095
2025-03-24 19:09:48.324,2.828403325878408
2025-03-24 19:09:48.324,2.44017558416553
2025-03-24 19:09:48.324,1.68584550245236
2025-03-24 19:09:48.332,0.313825660853963
2025-03-24 19:09:48.332,-2.1239697987395263
2025-03-24 19:09:48.332,-3.949505656854579
2025-03-24 19:09:48.333,-2.5783756742968498
2025-03-24 19:09:48.333,1.4636858482456594
2025-03-24 19:09:48.342,4.090010564934266
2025-03-24 19:09:48.342,2.5489649766354128
2025-03-24 19:09:48.342,-1.0087361272144648
2025-03-24 19:09:48.343,-2.451471626186318
2025-03-24 19:09:48.343,-0.8413810053970245
2025-03-24 19:09:48.352,1.0627756460220823
2025-03-24 19:09:48.352,0.7936900441199901
2025-03-24 19:09:48.352,-0.9780521864689216
2025-03-24 19:09:48.353,-1.7107844122548868
2025-03-24 19:09:48.353,-0.20267013083471636
2025-03-24 19:09:48.362,1.9475427005718953
2025-03-24 19:09:48.362,2.176721283528247
2025-03-24 19:09:48.362,0.1014119982025721
2025-03-24 19:09:48.363,-1.8604825022205964
2025-03-24 19:09:48.372,-1.4819446133579277
2025-03-24 19:09:48.372,0.4151890017080465
2025-03-24 19:09:48.372,1.133309374937719
2025-03-24 19:09:48.372,-0.2323858604419426
2025-03-24 19:09:48.372,-1.5996191508682531
2025-03-24 19:09:48.382,-0.7065405672073588
2025-03-24 19:09:48.382,1.859887404555744
2025-03-24 19:09:48.382,3.212570254893816
2025-03-24 19:09:48.382,1.415221422432704
2025-03-24 19:09:48.383,-2.3802563135970525
2025-03-24 19:09:48.392,-4.8931649164195905
2025-03-24 19:09:48.392,-3.4922460470610757
2025-03-24 19:09:48.392,1.4594418452880205
2025-03-24 19:09:48.392,6.2557074631196885
2025-03-24 19:09:48.393,6.325675329440239
2025-03-24 19:09:48.402,0.5360203182486096
2025-03-24 19:09:48.402,-6.614906914301614
2025-03-24 19:09:48.402,-8.459349690480503
2025-03-24 19:09:48.402,-2.8624694527220638
2025-03-24 19:09:48.403,5.189687736495346
2025-03-24 19:09:48.412,8.53560061391832
2025-03-24 19:09:48.412,4.815084594556809
2025-03-24 19:09:48.412,-2.09738632166925
2025-03-24 19:09:48.412,-6.568204035810495
2025-03-24 19:09:48.412,-5.868610123533939
2025-03-24 19:09:48.422,-1.2595315984821887
2025-03-24 19:09:48.422,3.666701772125827
2025-03-24 19:09:48.422,5.525371486397422
2025-03-24 19:09:48.422,3.3856799406456215
2025-03-24 19:09:48.422,-0.712911346802065
2025-03-24 19:09:48.432,-3.6394102069008656
2025-03-24 19:09:48.432,-3.743733008689977
2025-03-24 19:09:48.432,-1.714571971036912
2025-03-24 19:09:48.432,0.6896058048152641
2025-03-24 19:09:48.432,2.3486566100056803
2025-03-24 19:09:48.441,3.0786907031907402
2025-03-24 19:09:48.442,2.5769193163445414
2025-03-24 19:09:48.442,0.1949041768649926
2025-03-24 19:09:48.442,-3.3499141780530564
2025-03-24 19:09:48.442,-5.044169446993437
2025-03-24 19:09:48.452,-2.359701431307617
2025-03-24 19:09:48.452,2.919767398119158
2025-03-24 19:09:48.452,5.601664393458276
2025-03-24 19:09:48.452,2.812348475228006
2025-03-24 19:09:48.452,-2.4057194345151673
2025-03-24 19:09:48.462,-4.4442722934958
2025-03-24 19:09:48.462,-1.5120751689454937
2025-03-24 19:09:48.462,2.5427158812470845
2025-03-24 19:09:48.462,2.929182411576742
2025-03-24 19:09:48.462,-0.5178393647766362
2025-03-24 19:09:48.472,-3.3726187000174237
2025-03-24 19:09:48.472,-2.071563564814194
2025-03-24 19:09:48.472,1.8783519043107542
2025-03-24 19:09:48.472,3.9659257941675063
2025-03-24 19:09:48.472,2.079376014055037
2025-03-24 19:09:48.480,-1.5622028509760935
2025-03-24 19:09:48.480,-3.553906296518166
2025-03-24 19:09:48.481,-2.7397027417504782
2025-03-24 19:09:48.481,-0.24934386812477258
2025-03-24 19:09:48.490,2.2612376618961854
2025-03-24 19:09:48.490,3.4364912168007318
2025-03-24 19:09:48.490,2.375633775135217
2025-03-24 19:09:48.490,-0.6172726769013752
2025-03-24 19:09:48.490,-3.4796606348801284
2025-03-24 19:09:48.500,-3.6666217268852943
2025-03-24 19:09:48.500,-0.7169594521863131
2025-03-24 19:09:48.500,2.7440284074134444
2025-03-24 19:09:48.500,3.435528770269023
2025-03-24 19:09:48.501,1.0449486859470516
2025-03-24 19:09:48.510,-1.4847856858879787
2025-03-24 19:09:48.510,-1.694141751915318
2025-03-24 19:09:48.510,-0.4153565921756207
2025-03-24 19:09:48.510,0.09730913362880449
2025-03-24 19:09:48.511,-0.4237748574153712
2025-03-24 19:09:48.520,-0.388662914269782
2025-03-24 19:09:48.520,0.7425503792476952
2025-03-24 19:09:48.520,1.540170483944593
2025-03-24 19:09:48.520,0.8051578674890769
2025-03-24 19:09:48.520,-0.6869703086003138
2025-03-24 19:09:48.530,-1.2925519470080797
2025-03-24 19:09:48.530,-0.6173115641963833
2025-03-24 19:09:48.530,0.20939825822809927
2025-03-24 19:09:48.530,0.20423296986538422
2025-03-24 19:09:48.530,-0.20107594784478
2025-03-24 19:09:48.540,0.04889133754673937
2025-03-24 19:09:48.540,0.9177450355465757
2025-03-24 19:09:48.540,1.1438677579863779
2025-03-24 19:09:48.540,0.049574831578957
2025-03-24 19:09:48.540,-1.2891715343949048
2025-03-24 19:09:48.550,-1.3707801074869046
2025-03-24 19:09:48.550,-0.28065663885730646
2025-03-24 19:09:48.550,0.5460195445747748
2025-03-24 19:09:48.550,0.45274225634301846
2025-03-24 19:09:48.550,0.38368232837179983
2025-03-24 19:09:48.560,1.095682786074478
2025-03-24 19:09:48.560,1.4502671369447324
2025-03-24 19:09:48.560,-0.23997799488316265
2025-03-24 19:09:48.560,-3.1576855790167335
2025-03-24 19:09:48.561,-3.780514822494243
2025-03-24 19:09:48.570,-0.03525029526482279
2025-03-24 19:09:48.570,5.017087924257608
2025-03-24 19:09:48.570,5.640648548687982
2025-03-24 19:09:48.570,0.26400095700401927
2025-03-24 19:09:48.570,-5.790788636855805
2025-03-24 19:09:48.580,-6.0495295258356325
2025-03-24 19:09:48.580,-0.46496853621044026
2025-03-24 19:09:48.580,4.764895159204401
2025-03-24 19:09:48.580,4.731506036680431
2025-03-24 19:09:48.580,0.852780900141815
2025-03-24 19:09:48.590,-2.2644839510732617
2025-03-24 19:09:48.590,-2.6187504336868646
2025-03-24 19:09:48.590,-1.5739691649383862
2025-03-24 19:09:48.590,-0.40544255103280424
2025-03-24 19:09:48.590,1.0769031284417867
2025-03-24 19:09:48.598,2.4570277697658955
2025-03-24 19:09:48.598,1.9772740146595946
2025-03-24 19:09:48.599,-0.7293960290720036
2025-03-24 19:09:48.599,-2.9404032070619897
2025-03-24 19:09:48.599,-1.9068499685176437
2025-03-24 19:09:48.608,1.166767002798495
2025-03-24 19:09:48.608,2.405521496371159
2025-03-24 19:09:48.608,0.5422454689035022
2025-03-24 19:09:48.609,-1.413218795850715
2025-03-24 19:09:48.609,-0.7482294584879253
2025-03-24 19:09:48.618,0.9504618949391122
2025-03-24 19:09:48.618,0.5458713577540126
2025-03-24 19:09:48.618,-1.3939636419620582
2025-03-24 19:09:48.619,-1.2783204870847704
2025-03-24 19:09:48.628,1.5880750981328724
2025-03-24 19:09:48.628,3.125258198815264
2025-03-24 19:09:48.628,0.198364399093632
2025-03-24 19:09:48.628,-4.168580964660296
2025-03-24 19:09:48.629,-4.081946999706632
2025-03-24 19:09:48.638,1.3655725958255636
2025-03-24 19:09:48.638,6.198851877432795
2025-03-24 19:09:48.638,4.458827787970119
2025-03-24 19:09:48.638,-2.4956182292207707
2025-03-24 19:09:48.638,-7.167958594652748
2025-03-24 19:09:48.648,-4.35277365331013
2025-03-24 19:09:48.648,2.8973400462745964
2025-03-24 19:09:48.648,6.744925267855705
2025-03-24 19:09:48.648,3.5099307568442524
2025-03-24 19:09:48.648,-2.4938624122219455
2025-03-24 19:09:48.658,-4.637985665761637
2025-03-24 19:09:48.658,-1.7770642675053934
2025-03-24 19:09:48.658,1.466411074017836
2025-03-24 19:09:48.658,1.3589646226915355
2025-03-24 19:09:48.659,-0.5647654630126269
2025-03-24 19:09:48.668,-0.5719040095108149
2025-03-24 19:09:48.668,1.7112789764274114
2025-03-24 19:09:48.668,2.8228914379181216
2025-03-24 19:09:48.668,0.388816400973245
2025-03-24 19:09:48.669,-3.3099317793637315
2025-03-24 19:09:48.678,-3.9688714786298296
2025-03-24 19:09:48.678,-0.7052500910581062
2025-03-24 19:09:48.678,2.8787389637476335
2025-03-24 19:09:48.678,3.297245212614987
2025-03-24 19:09:48.678,1.0864448442095598
2025-03-24 19:09:48.688,-0.8642354837317818
2025-03-24 19:09:48.688,-1.3026000054100262
2025-03-24 19:09:48.688,-1.1996797667742078
2025-03-24 19:09:48.688,-1.2378639198384431
2025-03-24 19:09:48.688,-0.7547109664880182
2025-03-24 19:09:48.698,0.6853272581468622
2025-03-24 19:09:48.698,2.1122967453757453
2025-03-24 19:09:48.698,2.114352500958856
2025-03-24 19:09:48.698,0.42172332029066006
2025-03-24 19:09:48.699,-1.7413950647951755
2025-03-24 19:09:48.708,-2.680736802093916
2025-03-24 19:09:48.708,-1.6209358557592177
2025-03-24 19:09:48.708,0.6867570158447621
2025-03-24 19:09:48.708,2.5668163002033912
2025-03-24 19:09:48.708,2.612283440780611
2025-03-24 19:09:48.718,0.6303566523739248
2025-03-24 19:09:48.718,-2.0480005138887845
2025-03-24 19:09:48.718,-3.2500621597533685
2025-03-24 19:09:48.718,-1.7107547601673165
2025-03-24 19:09:48.718,1.4335094543000266
2025-03-24 19:09:48.728,3.3298141558767917
2025-03-24 19:09:48.728,2.116799466349167
2025-03-24 19:09:48.728,-1.0635944810722422
2025-03-24 19:09:48.728,-3.041820250302919
2025-03-24 19:09:48.728,-1.7870038546013516
2025-03-24 19:09:48.738,1.376023916389164
2025-03-24 19:09:48.738,2.941647332398243
2025-03-24 19:09:48.738,0.9790614717918404
2025-03-24 19:09:48.738,-2.4181815108904883
2025-03-24 19:09:48.738,-3.199231877966847
2025-03-24 19:09:48.748,-0.14238379026775783
2025-03-24 19:09:48.748,3.396762905780433
2025-03-24 19:09:48.748,3.3854278454231177
2025-03-24 19:09:48.748,-0.08070145284651514
2025-03-24 19:09:48.748,-3.22261502214432
2025-03-24 19:09:48.758,-3.260365842440244
2025-03-24 19:09:48.758,-0.8922817034711696
2025-03-24 19:09:48.758,1.712459054955021
2025-03-24 19:09:48.758,3.2095227317404738
2025-03-24 19:09:48.759,2.826037980329627
2025-03-24 19:09:48.768,0.1188216025392315
2025-03-24 19:09:48.768,-3.457915396908611
2025-03-24 19:09:48.768,-4.462108665048011
2025-03-24 19:09:48.768,-1.1561374085132028
2025-03-24 19:09:48.768,3.46094674421026
2025-03-24 19:09:48.776,4.535965195587659
2025-03-24 19:09:48.776,1.2206526408989626
2025-03-24 19:09:48.777,-2.431592978003964
2025-03-24 19:09:48.777,-2.8495534770769977
2025-03-24 19:09:48.777,-1.0378869992873603
2025-03-24 19:09:48.786,0.06111647457749175
2025-03-24 19:09:48.786,0.290979654703485
2025-03-24 19:09:48.786,1.5754557406595269
2025-03-24 19:09:48.787,3.230128452770479
2025-03-24 19:09:48.787,1.7590575205032828
2025-03-24 19:09:48.796,-3.2113654566662078
2025-03-24 19:09:48.796,-6.161212554363406
2025-03-24 19:09:48.796,-2.2439108689318576
2025-03-24 19:09:48.797,5.086319161010059
2025-03-24 19:09:48.806,7.202827231900939
2025-03-24 19:09:48.806,1.2815256893449036
2025-03-24 19:09:48.806,-5.720923098150785
2025-03-24 19:09:48.806,-5.841479483243459
2025-03-24 19:09:48.807,0.09183725811191867
2025-03-24 19:09:48.816,4.419364760374594
2025-03-24 19:09:48.816,2.8608915129317944
2025-03-24 19:09:48.816,-0.988905663818933
2025-03-24 19:09:48.817,-1.8225064374418678
2025-03-24 19:09:48.817,0.24676212484857363
2025-03-24 19:09:48.826,1.1550043959596508
2025-03-24 19:09:48.826,-0.5521914445706679
2025-03-24 19:09:48.826,-2.0344593305755834
2025-03-24 19:09:48.826,-0.9104705451574856
2025-03-24 19:09:48.827,1.3603160015243179
2025-03-24 19:09:48.836,2.037518554422765
2025-03-24 19:09:48.836,0.8662267957655948
2025-03-24 19:09:48.836,-0.4491092757664821
2025-03-24 19:09:48.836,-1.0734854954431052
2025-03-24 19:09:48.836,-1.3307564648949903
2025-03-24 19:09:48.846,-1.0391097009055557
2025-03-24 19:09:48.846,0.27753471210315317
2025-03-24 19:09:48.846,1.770442316795457
2025-03-24 19:09:48.846,1.8143118770864017
2025-03-24 19:09:48.847,0.2744706184990737
2025-03-24 19:09:48.856,-1.304727032665443
2025-03-24 19:09:48.856,-1.7771410189224892
2025-03-24 19:09:48.856,-1.275475699314385
2025-03-24 19:09:48.856,-0.1484350563081752
2025-03-24 19:09:48.856,1.4321061432295055
2025-03-24 19:09:48.866,2.600032825470602
2025-03-24 19:09:48.866,1.959690949040533
2025-03-24 19:09:48.866,-0.6450718345351376
2025-03-24 19:09:48.866,-3.250277798720414
2025-03-24 19:09:48.866,-3.416161348984998
2025-03-24 19:09:48.876,-0.7274072519790717
2025-03-24 19:09:48.876,2.610778816552047
2025-03-24 19:09:48.876,3.7627661228924882
2025-03-24 19:09:48.876,1.905780039768231
2025-03-24 19:09:48.876,-1.0832800767704944
2025-03-24 19:09:48.884,-2.625718385647491
2025-03-24 19:09:48.884,-1.9695144897478414
2025-03-24 19:09:48.884,-0.41398346538697767
2025-03-24 19:09:48.885,0.6908812164618535
2025-03-24 19:09:48.885,1.2044715006889233
2025-03-24 19:09:48.894,1.2990820669786443
2025-03-24 19:09:48.894,0.6323453620668216
2025-03-24 19:09:48.894,-0.681697380657293
2025-03-24 19:09:48.895,-1.3718719373107287
2025-03-24 19:09:48.904,-0.5770586947513296
2025-03-24 19:09:48.904,0.6248501518662868
2025-03-24 19:09:48.904,0.6293581385585174
2025-03-24 19:09:48.904,-0.2916648909323296
2025-03-24 19:09:48.905,-0.4815712192742916
2025-03-24 19:09:48.914,0.4622728542309172
2025-03-24 19:09:48.914,1.071642150380485
2025-03-24 19:09:48.914,0.22828265778388254
2025-03-24 19:09:48.914,-1.2231320119493023
2025-03-24 19:09:48.915,-1.5624000641104758
2025-03-24 19:09:48.924,-0.23621119022323644
2025-03-24 19:09:48.924,1.5035084062769675
2025-03-24 19:09:48.924,1.8075179920969129
2025-03-24 19:09:48.924,0.23816032348571006
2025-03-24 19:09:48.925,-1.4409714497619237
2025-03-24 19:09:48.934,-1.2522988380786968
2025-03-24 19:09:48.934,0.23292390280733233
2025-03-24 19:09:48.934,0.6185701002559351
2025-03-24 19:09:48.934,-0.5105643937656472
2025-03-24 19:09:48.935,-0.7138369708492888
2025-03-24 19:09:48.944,1.207550997149669
2025-03-24 19:09:48.944,2.6075571944780354
2025-03-24 19:09:48.944,0.6804282109160562
2025-03-24 19:09:48.944,-2.93323924538165
2025-03-24 19:09:48.944,-3.8661209041745486
2025-03-24 19:09:48.954,-0.7131556565048823
2025-03-24 19:09:48.954,3.2608790167319226
2025-03-24 19:09:48.954,4.102989428721957
2025-03-24 19:09:48.954,1.2631987591691343
2025-03-24 19:09:48.954,-2.4128840314112128
2025-03-24 19:09:48.964,-3.637582759930666
2025-03-24 19:09:48.964,-1.5405043024472698
2025-03-24 19:09:48.964,1.611478183576924
2025-03-24 19:09:48.964,2.607286119573585
2025-03-24 19:09:48.964,0.7503870729711107
2025-03-24 19:09:48.974,-1.3517159707247353
2025-03-24 19:09:48.974,-1.1468467180756685
2025-03-24 19:09:48.974,0.5762765561026207
2025-03-24 19:09:48.974,1.0895765156590813
2025-03-24 19:09:48.974,-0.2580106917901489
2025-03-24 19:09:48.982,-1.3215376708486397
2025-03-24 19:09:48.982,-0.5191608041729897
2025-03-24 19:09:48.983,0.9685921424089557
2025-03-24 19:09:48.983,1.1419459097623903
2025-03-24 19:09:48.983,-0.03210278056055986
2025-03-24 19:09:48.992,-0.8949478179840177
2025-03-24 19:09:48.992,-0.4639051179749015
2025-03-24 19:09:48.992,0.5246478476713494
2025-03-24 19:09:48.993,0.7714926208822301
2025-03-24 19:09:48.993,-0.09638201421475259
2025-03-24 19:09:49.002,-1.22913901877075
2025-03-24 19:09:49.002,-1.3745094701894356
2025-03-24 19:09:49.003,-0.044466997661778425
2025-03-24 19:09:49.003,1.834512534063724
2025-03-24 19:09:49.012,2.5186893824814605
2025-03-24 19:09:49.012,1.050483533662447
2025-03-24 19:09:49.012,-1.6307455959563655
2025-03-24 19:09:49.012,-3.3189856690741664
2025-03-24 19:09:49.013,-2.409025388656474
2025-03-24 19:09:49.022,0.6332048853296588
2025-03-24 19:09:49.022,3.3918956309426638
2025-03-24 19:09:49.022,3.3367781063109687
2025-03-24 19:09:49.022,0.23556983285988506
2025-03-24 19:09:49.022,-3.1318202663144823
2025-03-24 19:09:49.032,-3.3986467492242203
2025-03-24 19:09:49.032,-0.23395702053274922
2025-03-24 19:09:49.032,2.9744166230467184
2025-03-24 19:09:49.032,2.7369618064814945
2025-03-24 19:09:49.032,-0.5028420862825262
2025-03-24 19:09:49.042,-2.8468092245935646
2025-03-24 19:09:49.042,-1.63905760595493
2025-03-24 19:09:49.042,1.3255049662162324
2025-03-24 19:09:49.042,2.2201164962595197
2025-03-24 19:09:49.043,0.18335705036062244
2025-03-24 19:09:49.052,-1.708285512638517
2025-03-24 19:09:49.052,-0.795974656701361
2025-03-24 19:09:49.052,1.4869135526455985
2025-03-24 19:09:49.052,1.6813589529005162
2025-03-24 19:09:49.053,-0.8686779296921747
2025-03-24 19:09:49.062,-3.0530197614738284
2025-03-24 19:09:49.062,-1.9181447536118408
2025-03-24 19:09:49.062,1.7899548707312278
2025-03-24 19:09:49.062,4.430399374926321
2025-03-24 19:09:49.063,3.1207332773950607
2025-03-24 19:09:49.072,-1.5151906635884684
2025-03-24 19:09:49.072,-5.614824879061385
2025-03-24 19:09:49.072,-5.170478009685631
2025-03-24 19:09:49.072,0.20663192431708194
2025-03-24 19:09:49.073,6.212223441422768
2025-03-24 19:09:49.080,7.232153244462264
2025-03-24 19:09:49.080,1.6770535067301693
2025-03-24 19:09:49.081,-5.892039038411891
2025-03-24 19:09:49.081,-8.501946250470048
2025-03-24 19:09:49.081,-3.3595431116830436
2025-03-24 19:09:49.090,4.998157025005271
2025-03-24 19:09:49.090,8.645464256001238
2025-03-24 19:09:49.090,4.07592845823962
2025-03-24 19:09:49.091,-4.051914863617122
2025-03-24 19:09:49.100,-7.700773299470142
2025-03-24 19:09:49.100,-3.8557007839673143
2025-03-24 19:09:49.100,2.863961714357905
2025-03-24 19:09:49.100,5.912288565239812
2025-03-24 19:09:49.101,3.5178527157064745
2025-03-24 19:09:49.110,-0.9756367261998986
2025-03-24 19:09:49.110,-3.7095424168448314
2025-03-24 19:09:49.110,-3.5019353596123697
2025-03-24 19:09:49.111,-1.2961887787995714
2025-03-24 19:09:49.111,1.4489853405598405
2025-03-24 19:09:49.120,3.3239221923002535
2025-03-24 19:09:49.120,3.1854141178211206
2025-03-24 19:09:49.120,0.8361139517844483
2025-03-24 19:09:49.121,-2.4535720907634766
2025-03-24 19:09:49.121,-4.3758307741668805
2025-03-24 19:09:49.130,-3.0602601749254386
2025-03-24 19:09:49.130,1.0644039036353217
2025-03-24 19:09:49.130,4.778582857574775
2025-03-24 19:09:49.131,4.550765866893205
2025-03-24 19:09:49.131,0.30036664928584844
2025-03-24 19:09:49.140,-4.047003046174941
2025-03-24 19:09:49.140,-4.573817171120787
2025-03-24 19:09:49.140,-1.3408244789647359
2025-03-24 19:09:49.141,2.290504384953969
2025-03-24 19:09:49.141,3.432097466041785
2025-03-24 19:09:49.150,1.8762651641641508
2025-03-24 19:09:49.150,-0.6274777919347301
2025-03-24 19:09:49.150,-2.109252560214734
2025-03-24 19:09:49.150,-1.7093501771803852
2025-03-24 19:09:49.151,-0.154828575751243
2025-03-24 19:09:49.160,1.0728968523905051
2025-03-24 19:09:49.160,1.2141333209203415
2025-03-24 19:09:49.160,0.6008576773953501
2025-03-24 19:09:49.160,-0.23598704978127055
2025-03-24 19:09:49.161,-1.0255110128626035
2025-03-24 19:09:49.170,-1.322548025230761
2025-03-24 19:09:49.170,-0.5694072170750103
2025-03-24 19:09:49.170,0.98501787460669
2025-03-24 19:09:49.170,2.0096852408469985
2025-03-24 19:09:49.171,1.3058490240156044
2025-03-24 19:09:49.180,-0.7224530746653641
2025-03-24 19:09:49.180,-2.151510687022044
2025-03-24 19:09:49.180,-1.4571200545267897
2025-03-24 19:09:49.180,0.620891092002123
2025-03-24 19:09:49.181,1.693825530718748
2025-03-24 19:09:49.190,0.6034133479046864
2025-03-24 19:09:49.190,-1.0061201392941648
2025-03-24 19:09:49.190,-0.8914204746068138
2025-03-24 19:09:49.190,0.6424882438664253
2025-03-24 19:09:49.191,1.266604507689172
2025-03-24 19:09:49.198,0.10615271547410567
2025-03-24 19:09:49.198,-1.0940950718222846
2025-03-24 19:09:49.198,-0.7327024284343159
2025-03-24 19:09:49.199,0.3885822235273644
2025-03-24 19:09:49.199,0.5594271906982186
2025-03-24 19:09:49.208,-0.28132962009475987
2025-03-24 19:09:49.208,-0.7205231064006975
2025-03-24 19:09:49.209,-0.0347736598003925
2025-03-24 19:09:49.209,0.9310690217182497
2025-03-24 19:09:49.209,1.007733872586667
2025-03-24 19:09:49.218,0.12073849749990796
2025-03-24 19:09:49.218,-0.7366681442266609
2025-03-24 19:09:49.219,-0.7310080619938657
2025-03-24 19:09:49.219,-0.20732473948285718
2025-03-24 19:09:49.228,-0.19934452295019153
2025-03-24 19:09:49.228,-0.7535487846774166
2025-03-24 19:09:49.228,-0.4288372779176737
2025-03-24 19:09:49.228,1.5356389292648056
2025-03-24 19:09:49.229,3.082178932260505
2025-03-24 19:09:49.238,1.313737821829877
2025-03-24 19:09:49.238,-2.928387361184788
2025-03-24 19:09:49.238,-4.7469911323700416
2025-03-24 19:09:49.238,-1.230925643773298
2025-03-24 19:09:49.239,3.9031450572960087
2025-03-24 19:09:49.248,4.4421267953585355
2025-03-24 19:09:49.248,-0.18967951720299414
2025-03-24 19:09:49.248,-4.028955241257922
2025-03-24 19:09:49.248,-2.431182535937302
2025-03-24 19:09:49.249,2.0369037725530736
2025-03-24 19:09:49.258,3.434765878215694
2025-03-24 19:09:49.258,0.2718876914461944
2025-03-24 19:09:49.258,-3.1309498247035465
2025-03-24 19:09:49.258,-2.6531284118952208
2025-03-24 19:09:49.259,0.7274545777174657
2025-03-24 19:09:49.268,2.893272186824757
2025-03-24 19:09:49.268,1.8542532692178266
2025-03-24 19:09:49.268,-0.49504909870182345
2025-03-24 19:09:49.268,-1.468678161971439
2025-03-24 19:09:49.269,-0.8197042422749617
2025-03-24 19:09:49.278,-0.1553019332973848
2025-03-24 19:09:49.278,-0.2157535322623922
2025-03-24 19:09:49.278,-0.21789664873053433
2025-03-24 19:09:49.278,0.3018877493216282
2025-03-24 19:09:49.278,0.619126047917642
2025-03-24 19:09:49.288,0.33911646496710585
2025-03-24 19:09:49.288,0.36381608922237507
2025-03-24 19:09:49.288,1.1928215352653524
2025-03-24 19:09:49.288,1.2723301799667583
2025-03-24 19:09:49.288,-1.1302802349253602
2025-03-24 19:09:49.298,-4.429769813038933
2025-03-24 19:09:49.298,-4.241788336984818
2025-03-24 19:09:49.298,1.0940191135106705
