timestamp,bandpass_and_notch
2025-03-24 15:47:10.793,-0.24894552221027422
2025-03-24 15:47:10.794,3.3255728578637074
2025-03-24 15:47:10.794,4.121120525981643
2025-03-24 15:47:10.794,-4.764346005334547
2025-03-24 15:47:10.802,-20.1622506392482
2025-03-24 15:47:10.803,-20.77641502843139
2025-03-24 15:47:10.803,7.967581674044134
2025-03-24 15:47:10.803,43.87879663163189
2025-03-24 15:47:10.803,43.40115641734194
2025-03-24 15:47:10.811,-5.029824991705263
2025-03-24 15:47:10.811,-57.57359311824273
2025-03-24 15:47:10.811,-59.08586796205728
2025-03-24 15:47:10.812,-5.6342893862442125
2025-03-24 15:47:10.819,50.16437725650178
2025-03-24 15:47:10.819,56.88573039336971
2025-03-24 15:47:10.819,16.239359129688395
2025-03-24 15:47:10.820,-27.00952927498229
2025-03-24 15:47:10.820,-36.89682941384741
2025-03-24 15:47:10.829,-17.427504605241616
2025-03-24 15:47:10.829,4.179341756355221
2025-03-24 15:47:10.829,11.530227256633054
2025-03-24 15:47:10.830,9.53001086032388
2025-03-24 15:47:10.839,8.165555719250808
2025-03-24 15:47:10.839,7.409086307649226
2025-03-24 15:47:10.839,1.4079021556658082
2025-03-24 15:47:10.839,-8.810313815526793
2025-03-24 15:47:10.839,-13.971991321263756
2025-03-24 15:47:10.849,-8.15627087430561
2025-03-24 15:47:10.849,3.160613954437944
2025-03-24 15:47:10.849,9.505457508104138
2025-03-24 15:47:10.849,7.296543745677177
2025-03-24 15:47:10.849,1.8628328840575503
2025-03-24 15:47:10.859,-1.1740440429857766
2025-03-24 15:47:10.859,-2.0800067824875983
2025-03-24 15:47:10.859,-3.4493193632609587
2025-03-24 15:47:10.859,-4.496522634250268
2025-03-24 15:47:10.859,-2.4245151096781576
2025-03-24 15:47:10.868,2.1469778805486017
2025-03-24 15:47:10.869,4.892654701908314
2025-03-24 15:47:10.869,3.283679707967582
2025-03-24 15:47:10.869,-0.3162675146131595
2025-03-24 15:47:10.869,-2.0545652417305647
2025-03-24 15:47:10.879,-1.1614355319695704
2025-03-24 15:47:10.879,0.17214565482984248
2025-03-24 15:47:10.879,0.16350896060249195
2025-03-24 15:47:10.879,-0.8430639705585311
2025-03-24 15:47:10.879,-1.496658179929503
2025-03-24 15:47:10.889,-0.9748944877377769
2025-03-24 15:47:10.889,0.599928543340159
2025-03-24 15:47:10.889,2.3482937992970143
2025-03-24 15:47:10.889,2.969397692500169
2025-03-24 15:47:10.889,1.5406226761684105
2025-03-24 15:47:10.897,-1.4181632887681321
2025-03-24 15:47:10.897,-3.7911980337847018
2025-03-24 15:47:10.897,-3.4228649954814747
2025-03-24 15:47:10.898,-0.3250229367223385
2025-03-24 15:47:10.898,2.8804322267534337
2025-03-24 15:47:10.907,3.351265741297689
2025-03-24 15:47:10.907,0.9851707453301243
2025-03-24 15:47:10.907,-1.5289335951142524
2025-03-24 15:47:10.908,-1.8032324416162018
2025-03-24 15:47:10.917,-0.26383228233130773
2025-03-24 15:47:10.917,0.8600527943922551
2025-03-24 15:47:10.917,0.4075800369461773
2025-03-24 15:47:10.917,-0.7019859983941136
2025-03-24 15:47:10.917,-1.0336434488104551
2025-03-24 15:47:10.927,-0.23648710523611288
2025-03-24 15:47:10.927,1.003656532701711
2025-03-24 15:47:10.927,1.7428549155869717
2025-03-24 15:47:10.927,1.2304654986640098
2025-03-24 15:47:10.927,-0.6076680382439064
2025-03-24 15:47:10.937,-2.57575044022636
2025-03-24 15:47:10.937,-2.6850405740723953
2025-03-24 15:47:10.937,-0.10293136564401464
2025-03-24 15:47:10.937,3.3049682286573185
2025-03-24 15:47:10.937,4.093126043656595
2025-03-24 15:47:10.947,0.6895722553573127
2025-03-24 15:47:10.947,-4.14545529736674
2025-03-24 15:47:10.947,-5.257412824415013
2025-03-24 15:47:10.947,-0.6356909394481562
2025-03-24 15:47:10.947,5.335394640421751
2025-03-24 15:47:10.957,5.893909414493326
2025-03-24 15:47:10.957,-0.19910744667318653
2025-03-24 15:47:10.957,-6.415984421178382
2025-03-24 15:47:10.957,-5.655947864874841
2025-03-24 15:47:10.957,1.2959988428945262
2025-03-24 15:47:10.967,6.569066673641701
2025-03-24 15:47:10.967,4.4779832290483625
2025-03-24 15:47:10.967,-2.0874061971028177
2025-03-24 15:47:10.967,-5.616626291555129
2025-03-24 15:47:10.967,-2.806892572674879
2025-03-24 15:47:10.976,2.4117591382363806
2025-03-24 15:47:10.977,4.211481852257406
2025-03-24 15:47:10.977,1.31213706186422
2025-03-24 15:47:10.977,-2.4703103206804493
2025-03-24 15:47:10.977,-2.950836054524057
2025-03-24 15:47:10.985,0.005362615048763064
2025-03-24 15:47:10.985,2.6016489203832682
2025-03-24 15:47:10.985,1.515406676180138
2025-03-24 15:47:10.986,-1.9031814567665601
2025-03-24 15:47:10.986,-2.8387652385832562
2025-03-24 15:47:10.995,0.7679093845643843
2025-03-24 15:47:10.995,4.597370153143264
2025-03-24 15:47:10.995,2.847175400989483
2025-03-24 15:47:10.996,-3.622283310571447
2025-03-24 15:47:10.996,-7.101863191037938
2025-03-24 15:47:11.005,-2.447056022290341
2025-03-24 15:47:11.005,5.730426151511502
2025-03-24 15:47:11.005,8.09146672185568
2025-03-24 15:47:11.006,1.8907112391637462
2025-03-24 15:47:11.006,-5.853865214776967
2025-03-24 15:47:11.015,-7.045775287800347
2025-03-24 15:47:11.015,-1.579459069661326
2025-03-24 15:47:11.015,3.9633556918693476
2025-03-24 15:47:11.016,4.649660288916856
2025-03-24 15:47:11.016,1.5965216607081885
2025-03-24 15:47:11.025,-1.2841106382966252
2025-03-24 15:47:11.025,-2.090918967254805
2025-03-24 15:47:11.025,-1.5454708464389606
2025-03-24 15:47:11.025,-0.7152278914165134
2025-03-24 15:47:11.035,0.11546555152111909
2025-03-24 15:47:11.035,0.8315907568094357
2025-03-24 15:47:11.035,1.151139957276096
2025-03-24 15:47:11.035,1.0453082030277066
2025-03-24 15:47:11.035,0.7071519444936865
2025-03-24 15:47:11.036,0.015024487284692849
2025-03-24 15:47:11.045,-1.2495597830380147
2025-03-24 15:47:11.045,-2.4315966364019563
2025-03-24 15:47:11.045,-2.026731417565431
2025-03-24 15:47:11.046,0.5530926702543577
2025-03-24 15:47:11.055,3.4675941745900216
2025-03-24 15:47:11.055,3.690663863636007
2025-03-24 15:47:11.055,0.3747050637687165
2025-03-24 15:47:11.055,-3.534331289361219
2025-03-24 15:47:11.055,-4.043818383613053
2025-03-24 15:47:11.065,-0.6124928358287623
2025-03-24 15:47:11.065,3.0197499247296387
2025-03-24 15:47:11.065,3.051343097845991
2025-03-24 15:47:11.065,-0.07363302913274897
2025-03-24 15:47:11.065,-2.475815364471898
2025-03-24 15:47:11.075,-1.5704046252049582
2025-03-24 15:47:11.075,1.1316576264546963
2025-03-24 15:47:11.075,2.194922796040867
2025-03-24 15:47:11.075,0.4017077131983411
2025-03-24 15:47:11.075,-1.9948064402461654
2025-03-24 15:47:11.085,-2.0719162645628497
2025-03-24 15:47:11.085,0.30672898072261706
2025-03-24 15:47:11.085,2.394044449246758
2025-03-24 15:47:11.085,1.86555654105072
2025-03-24 15:47:11.085,-0.5620912161398056
2025-03-24 15:47:11.095,-2.2834786241999785
2025-03-24 15:47:11.095,-1.8083389264489813
2025-03-24 15:47:11.095,0.17825532879162578
2025-03-24 15:47:11.095,2.0198736191190227
2025-03-24 15:47:11.095,2.3180791128541482
2025-03-24 15:47:11.105,0.6474768335096407
2025-03-24 15:47:11.105,-1.7695629654440939
2025-03-24 15:47:11.105,-2.6937239509489994
2025-03-24 15:47:11.105,-1.2923250316697845
2025-03-24 15:47:11.105,0.752894412144108
2025-03-24 15:47:11.115,1.5706628174132682
2025-03-24 15:47:11.115,1.4360351532684643
2025-03-24 15:47:11.115,1.4174940997068812
2025-03-24 15:47:11.115,0.9704453176354332
2025-03-24 15:47:11.115,-1.0075985296913545
2025-03-24 15:47:11.125,-3.3647577220341103
2025-03-24 15:47:11.125,-3.3008755120823596
2025-03-24 15:47:11.125,-0.1178398332422187
2025-03-24 15:47:11.125,3.3968763517815717
2025-03-24 15:47:11.125,4.0554066017306365
2025-03-24 15:47:11.135,1.6341828101479505
2025-03-24 15:47:11.135,-1.474365507178483
2025-03-24 15:47:11.135,-3.0401885243130256
2025-03-24 15:47:11.135,-2.592733752478058
2025-03-24 15:47:11.135,-0.9027147633885536
2025-03-24 15:47:11.145,0.9808786435895506
2025-03-24 15:47:11.145,2.146885492234241
2025-03-24 15:47:11.145,2.121687632342702
2025-03-24 15:47:11.145,1.0946379637262256
2025-03-24 15:47:11.145,-0.3989287345027626
2025-03-24 15:47:11.155,-1.8461783166321242
2025-03-24 15:47:11.155,-2.4912490719027365
2025-03-24 15:47:11.155,-1.4154436813346278
2025-03-24 15:47:11.155,1.0885010921401
2025-03-24 15:47:11.155,2.808920943654691
2025-03-24 15:47:11.163,1.8333356043918494
2025-03-24 15:47:11.163,-0.6945941154702434
2025-03-24 15:47:11.163,-1.7627663534104991
2025-03-24 15:47:11.164,-0.5710136766454124
2025-03-24 15:47:11.164,0.5228481331640047
2025-03-24 15:47:11.173,-0.2250253980245321
2025-03-24 15:47:11.173,-1.2686369319659507
2025-03-24 15:47:11.173,-0.3393292295130252
2025-03-24 15:47:11.173,1.8220041420386375
2025-03-24 15:47:11.183,2.3493890652819993
2025-03-24 15:47:11.183,0.3365398751403789
2025-03-24 15:47:11.183,-1.9221434511352533
2025-03-24 15:47:11.183,-2.046659444477557
2025-03-24 15:47:11.183,-0.43549473283457796
2025-03-24 15:47:11.193,0.7348626228840862
2025-03-24 15:47:11.193,0.4748362982116541
2025-03-24 15:47:11.193,-0.05657331283364504
2025-03-24 15:47:11.193,0.5379471502824303
2025-03-24 15:47:11.194,1.7616841557736662
2025-03-24 15:47:11.203,1.6033694691135338
2025-03-24 15:47:11.203,-0.8267709175215571
2025-03-24 15:47:11.203,-3.570616544019132
2025-03-24 15:47:11.203,-3.5497326098618367
2025-03-24 15:47:11.203,-0.130950041423883
2025-03-24 15:47:11.213,3.776367776208334
2025-03-24 15:47:11.213,4.598743139422277
2025-03-24 15:47:11.213,1.6499099595058444
2025-03-24 15:47:11.213,-2.4056013023322316
2025-03-24 15:47:11.213,-4.148407405992835
2025-03-24 15:47:11.223,-2.33324914923097
2025-03-24 15:47:11.223,1.1200248651715903
2025-03-24 15:47:11.223,2.8220167752294847
2025-03-24 15:47:11.223,1.253685382997987
2025-03-24 15:47:11.223,-1.408797328915075
2025-03-24 15:47:11.233,-1.6786801892194425
2025-03-24 15:47:11.233,0.8164970219832027
2025-03-24 15:47:11.233,2.651868019094916
2025-03-24 15:47:11.233,1.1367109909628152
2025-03-24 15:47:11.233,-1.9830839408423655
2025-03-24 15:47:11.243,-2.943480440428677
2025-03-24 15:47:11.243,-0.9756072249115302
2025-03-24 15:47:11.243,1.2164086685996784
2025-03-24 15:47:11.243,1.5640985150140287
2025-03-24 15:47:11.243,0.9083585443543853
2025-03-24 15:47:11.253,0.7248611193658904
2025-03-24 15:47:11.253,0.6131750938116537
2025-03-24 15:47:11.253,-0.6208389275796271
2025-03-24 15:47:11.253,-2.4335847716782797
2025-03-24 15:47:11.253,-2.642360456846928
2025-03-24 15:47:11.263,-0.17391828006836432
2025-03-24 15:47:11.263,3.1298910905254944
2025-03-24 15:47:11.263,4.037652943337496
2025-03-24 15:47:11.263,1.3049069258423498
2025-03-24 15:47:11.263,-2.7301790333051477
2025-03-24 15:47:11.273,-4.295556033812666
2025-03-24 15:47:11.273,-2.04877336605092
2025-03-24 15:47:11.273,1.5591994175977657
2025-03-24 15:47:11.273,3.063383713612833
2025-03-24 15:47:11.273,1.6950301703285457
2025-03-24 15:47:11.281,-0.32166668315059654
2025-03-24 15:47:11.281,-0.8775268687240662
2025-03-24 15:47:11.281,-0.28648398384774965
2025-03-24 15:47:11.282,-0.13762748237768774
2025-03-24 15:47:11.291,-0.8431358300552868
2025-03-24 15:47:11.291,-1.281500777631034
2025-03-24 15:47:11.291,-0.5172176160146149
2025-03-24 15:47:11.291,1.0152702086491392
2025-03-24 15:47:11.292,2.065843560887298
2025-03-24 15:47:11.301,1.7340210949056198
2025-03-24 15:47:11.301,0.09075285909991188
2025-03-24 15:47:11.301,-1.829758233272574
2025-03-24 15:47:11.301,-2.5833396674737923
2025-03-24 15:47:11.301,-1.3723454919689635
2025-03-24 15:47:11.311,1.0668339169897465
2025-03-24 15:47:11.311,2.7300630069387455
2025-03-24 15:47:11.311,1.9491443974840772
2025-03-24 15:47:11.311,-0.7825623069124561
2025-03-24 15:47:11.311,-2.7107930004826066
2025-03-24 15:47:11.321,-1.460470535897322
2025-03-24 15:47:11.321,1.8193032460559118
2025-03-24 15:47:11.321,3.0872857409679897
2025-03-24 15:47:11.321,0.25948652979460607
2025-03-24 15:47:11.321,-3.6171153090069916
2025-03-24 15:47:11.331,-3.7564991811464425
2025-03-24 15:47:11.331,0.35937560494031784
2025-03-24 15:47:11.331,4.356213745633898
2025-03-24 15:47:11.331,4.32507222438911
2025-03-24 15:47:11.332,0.821242190381932
2025-03-24 15:47:11.341,-2.8721415213396706
2025-03-24 15:47:11.341,-4.448643504761811
2025-03-24 15:47:11.341,-3.4770904709622177
2025-03-24 15:47:11.341,-0.34118691826512715
2025-03-24 15:47:11.341,3.7151022783605114
2025-03-24 15:47:11.351,5.9940773293815095
2025-03-24 15:47:11.351,3.896661416654143
2025-03-24 15:47:11.351,-1.9457299778145847
2025-03-24 15:47:11.351,-6.963928384964888
2025-03-24 15:47:11.351,-6.404874234030125
2025-03-24 15:47:11.361,-0.2619121666228185
2025-03-24 15:47:11.361,6.071506204029379
2025-03-24 15:47:11.361,6.851629244505068
2025-03-24 15:47:11.361,1.7809602511664306
2025-03-24 15:47:11.361,-3.8711187190541345
2025-03-24 15:47:11.371,-5.084732878042464
2025-03-24 15:47:11.371,-2.058800527583109
2025-03-24 15:47:11.371,1.2260481089340156
2025-03-24 15:47:11.371,2.156798454763785
2025-03-24 15:47:11.371,1.527194596352147
2025-03-24 15:47:11.381,0.9324979770797099
2025-03-24 15:47:11.381,0.35729129119158093
2025-03-24 15:47:11.381,-0.7908534312657555
2025-03-24 15:47:11.381,-1.8238008392775542
2025-03-24 15:47:11.381,-1.461272467393761
2025-03-24 15:47:11.391,0.1584030062649061
2025-03-24 15:47:11.391,1.4132648773618364
2025-03-24 15:47:11.391,1.1658658105835862
2025-03-24 15:47:11.391,0.00407391810803262
2025-03-24 15:47:11.391,-0.6507425866218564
2025-03-24 15:47:11.401,-0.20322066140116446
2025-03-24 15:47:11.401,0.5873061528314588
2025-03-24 15:47:11.401,0.5823250955842648
2025-03-24 15:47:11.401,-0.4281412953528677
2025-03-24 15:47:11.401,-1.4812657120747539
2025-03-24 15:47:11.411,-1.4338061061100178
2025-03-24 15:47:11.411,-0.05657922761036046
2025-03-24 15:47:11.411,1.7552791125019942
2025-03-24 15:47:11.411,2.596826704574627
2025-03-24 15:47:11.411,1.5347801518811925
2025-03-24 15:47:11.419,-0.9825893948633962
2025-03-24 15:47:11.419,-3.09019584585555
2025-03-24 15:47:11.419,-2.90813879916715
2025-03-24 15:47:11.419,-0.3814308655674312
2025-03-24 15:47:11.429,2.414016301762799
2025-03-24 15:47:11.429,3.099403287522276
2025-03-24 15:47:11.429,1.2754881951083554
2025-03-24 15:47:11.429,-1.0618201071152094
2025-03-24 15:47:11.430,-1.646654694699219
2025-03-24 15:47:11.439,-0.5705959969507635
2025-03-24 15:47:11.439,-0.1404920106225433
2025-03-24 15:47:11.439,-1.4739652657177746
2025-03-24 15:47:11.439,-2.1799622285194165
2025-03-24 15:47:11.439,0.667211225372289
2025-03-24 15:47:11.449,5.3490513838181215
2025-03-24 15:47:11.449,5.998905749635278
2025-03-24 15:47:11.449,-0.10713744407452308
2025-03-24 15:47:11.449,-7.72696194116509
2025-03-24 15:47:11.449,-8.75152566069559
2025-03-24 15:47:11.459,-1.614057985621048
2025-03-24 15:47:11.459,6.753549504202219
2025-03-24 15:47:11.459,8.676019536775417
2025-03-24 15:47:11.459,3.543531416190367
2025-03-24 15:47:11.459,-2.9296363673648487
2025-03-24 15:47:11.469,-5.59778563228182
2025-03-24 15:47:11.469,-4.240479515615256
2025-03-24 15:47:11.469,-1.5324698622402868
2025-03-24 15:47:11.469,0.9826214591956451
2025-03-24 15:47:11.469,3.310310929753335
2025-03-24 15:47:11.477,4.538011052522337
2025-03-24 15:47:11.477,2.6959210957963777
2025-03-24 15:47:11.478,-1.8779187125095516
2025-03-24 15:47:11.478,-5.09293663940885
2025-03-24 15:47:11.478,-3.35077248607168
2025-03-24 15:47:11.487,1.4559009540696133
2025-03-24 15:47:11.487,3.6777649641808976
2025-03-24 15:47:11.488,0.993243821788296
2025-03-24 15:47:11.488,-2.5570515945938066
2025-03-24 15:47:11.488,-1.9490913212051095
2025-03-24 15:47:11.497,2.1500607438589774
2025-03-24 15:47:11.497,4.29559232039161
2025-03-24 15:47:11.498,1.3634053962498416
2025-03-24 15:47:11.498,-3.558833708903979
2025-03-24 15:47:11.498,-5.133876799766015
2025-03-24 15:47:11.507,-1.9886471861556996
2025-03-24 15:47:11.507,2.428702020664893
2025-03-24 15:47:11.508,4.269258649984487
2025-03-24 15:47:11.508,2.833205007441315
2025-03-24 15:47:11.508,-0.06827872152458445
2025-03-24 15:47:11.517,-2.4230710277500833
2025-03-24 15:47:11.517,-3.025439354772475
2025-03-24 15:47:11.517,-1.5931065586623725
2025-03-24 15:47:11.518,0.8972990798279874
2025-03-24 15:47:11.527,2.513241724045823
2025-03-24 15:47:11.527,1.9677312711594976
2025-03-24 15:47:11.527,-0.10125944723032988
2025-03-24 15:47:11.527,-1.8200700631764741
2025-03-24 15:47:11.527,-1.875010521973584
2025-03-24 15:47:11.537,-0.4433210956027853
2025-03-24 15:47:11.537,1.2551898362335645
2025-03-24 15:47:11.537,1.9391560937045869
2025-03-24 15:47:11.537,1.081037314681473
2025-03-24 15:47:11.537,-0.6956876534632982
2025-03-24 15:47:11.547,-1.9314572648234958
2025-03-24 15:47:11.547,-1.4779756901205738
2025-03-24 15:47:11.547,0.267079410581972
2025-03-24 15:47:11.547,1.4836186106301024
2025-03-24 15:47:11.547,0.8808867615060844
2025-03-24 15:47:11.557,-0.5329792427433403
2025-03-24 15:47:11.557,-0.5590343349688317
2025-03-24 15:47:11.557,1.0159651264254557
2025-03-24 15:47:11.557,1.6236839378165908
2025-03-24 15:47:11.557,-0.5736505196431722
2025-03-24 15:47:11.567,-3.3914783905593344
2025-03-24 15:47:11.567,-2.813289495834306
2025-03-24 15:47:11.567,1.4943892335370992
2025-03-24 15:47:11.567,4.888246280739771
2025-03-24 15:47:11.567,3.1601772906846666
2025-03-24 15:47:11.577,-2.0131157716783217
2025-03-24 15:47:11.577,-4.813834092183182
2025-03-24 15:47:11.577,-2.2707474848667344
2025-03-24 15:47:11.577,2.2782918630342097
2025-03-24 15:47:11.577,3.5023387911272557
2025-03-24 15:47:11.587,0.552166791773578
2025-03-24 15:47:11.587,-2.378745170102514
2025-03-24 15:47:11.587,-1.6838951492781806
2025-03-24 15:47:11.587,1.241840775215491
2025-03-24 15:47:11.587,2.182069219181768
2025-03-24 15:47:11.597,-0.2570551853929276
2025-03-24 15:47:11.597,-2.782091914088641
2025-03-24 15:47:11.597,-1.6534628632968134
2025-03-24 15:47:11.597,2.2690757309474696
2025-03-24 15:47:11.597,4.147202136846585
2025-03-24 15:47:11.605,1.0660801149506935
2025-03-24 15:47:11.605,-3.9641104532605262
2025-03-24 15:47:11.605,-5.169063792525888
2025-03-24 15:47:11.606,-0.7996116915344531
2025-03-24 15:47:11.606,4.6579767012843245
2025-03-24 15:47:11.615,5.492286716367873
2025-03-24 15:47:11.615,0.9545596812938993
2025-03-24 15:47:11.615,-4.3153899851121835
2025-03-24 15:47:11.616,-5.346788692863159
2025-03-24 15:47:11.625,-1.4407670558230836
2025-03-24 15:47:11.625,3.7447834055488176
2025-03-24 15:47:11.625,5.598998214512856
2025-03-24 15:47:11.625,2.3071808973392494
2025-03-24 15:47:11.626,-3.4791612971355557
2025-03-24 15:47:11.635,-6.4763774454278895
2025-03-24 15:47:11.635,-3.4753880801003354
2025-03-24 15:47:11.635,3.0817420509601328
2025-03-24 15:47:11.635,6.954006049153834
2025-03-24 15:47:11.636,4.303075257165609
2025-03-24 15:47:11.645,-2.221686267554567
2025-03-24 15:47:11.645,-6.157887194852351
2025-03-24 15:47:11.645,-3.9235527610954435
2025-03-24 15:47:11.645,1.6223351478701626
2025-03-24 15:47:11.646,4.516490035018658
2025-03-24 15:47:11.655,2.2270668906308386
2025-03-24 15:47:11.655,-1.897814603790739
2025-03-24 15:47:11.655,-2.972271299776937
2025-03-24 15:47:11.655,-0.3499518692377822
2025-03-24 15:47:11.656,2.230953575610253
2025-03-24 15:47:11.665,1.848448014752599
2025-03-24 15:47:11.665,-0.24174782540772652
2025-03-24 15:47:11.665,-1.2115435581989173
2025-03-24 15:47:11.665,-0.7830548628317364
2025-03-24 15:47:11.665,-0.7730631486019961
2025-03-24 15:47:11.675,-1.3802316256268454
2025-03-24 15:47:11.675,-0.5547632322750283
2025-03-24 15:47:11.675,2.277829506629075
2025-03-24 15:47:11.675,4.119470929807509
2025-03-24 15:47:11.675,1.9149275387732365
2025-03-24 15:47:11.685,-2.8628514874544746
2025-03-24 15:47:11.685,-5.2758673587319285
2025-03-24 15:47:11.685,-2.683920498527768
2025-03-24 15:47:11.685,2.178022201307892
2025-03-24 15:47:11.685,4.465019681544642
2025-03-24 15:47:11.693,2.4351506314720788
2025-03-24 15:47:11.693,-1.298907700275588
2025-03-24 15:47:11.694,-2.9389030936910028
2025-03-24 15:47:11.694,-1.207436371682026
2025-03-24 15:47:11.694,1.6791920979975974
2025-03-24 15:47:11.703,2.305342582542636
2025-03-24 15:47:11.703,-0.3292606408451638
2025-03-24 15:47:11.703,-3.401686301125308
2025-03-24 15:47:11.703,-3.119137630904616
2025-03-24 15:47:11.713,0.8875038181014359
2025-03-24 15:47:11.713,4.825206914573863
2025-03-24 15:47:11.713,4.718236275108493
2025-03-24 15:47:11.714,0.4582886227993295
2025-03-24 15:47:11.714,-4.359010672706793
2025-03-24 15:47:11.723,-5.883872208560972
2025-03-24 15:47:11.723,-3.016436896651297
2025-03-24 15:47:11.723,2.0716972283999553
2025-03-24 15:47:11.724,5.60806130215165
2025-03-24 15:47:11.724,4.934513085889955
2025-03-24 15:47:11.724,0.605176837802033
2025-03-24 15:47:11.733,-3.906493691188329
2025-03-24 15:47:11.733,-5.043993992891494
2025-03-24 15:47:11.733,-2.2185676911173258
2025-03-24 15:47:11.733,1.8064362578401554
2025-03-24 15:47:11.743,3.6330366898385185
2025-03-24 15:47:11.743,2.3312133894041547
2025-03-24 15:47:11.743,-0.19690851265654497
2025-03-24 15:47:11.743,-1.651306316927819
2025-03-24 15:47:11.744,-1.5380301607963254
2025-03-24 15:47:11.753,-0.8114766490450803
2025-03-24 15:47:11.753,-0.1165273920981617
2025-03-24 15:47:11.753,0.6937951809490943
2025-03-24 15:47:11.753,1.4508561708272458
2025-03-24 15:47:11.753,1.2124753301344686
2025-03-24 15:47:11.763,-0.38833379365749815
2025-03-24 15:47:11.763,-1.9356079392968373
2025-03-24 15:47:11.763,-1.4790630315629685
2025-03-24 15:47:11.763,0.8400972087359962
2025-03-24 15:47:11.764,2.4006211497416334
2025-03-24 15:47:11.773,1.1204251037347523
2025-03-24 15:47:11.773,-1.6913865129499395
2025-03-24 15:47:11.773,-2.651704504880658
2025-03-24 15:47:11.773,-0.5407956022014943
2025-03-24 15:47:11.773,2.0219969441724723
2025-03-24 15:47:11.783,1.9732755965785906
2025-03-24 15:47:11.783,-0.10556672372610743
2025-03-24 15:47:11.783,-0.9698540527448085
2025-03-24 15:47:11.783,0.3709634391373263
2025-03-24 15:47:11.783,0.9848323934086283
2025-03-24 15:47:11.793,-1.3928883272821488
2025-03-24 15:47:11.793,-4.00095864420694
2025-03-24 15:47:11.793,-2.1283371898171395
2025-03-24 15:47:11.793,3.745429950927046
2025-03-24 15:47:11.793,7.07171662651949
2025-03-24 15:47:11.801,3.0872115786367944
2025-03-24 15:47:11.801,-4.572417441214337
2025-03-24 15:47:11.801,-7.661923644351137
2025-03-24 15:47:11.802,-3.0836366043183414
2025-03-24 15:47:11.802,3.7048579444989436
2025-03-24 15:47:11.811,5.565408010186188
2025-03-24 15:47:11.811,1.760809782328895
2025-03-24 15:47:11.812,-2.3886437087432006
2025-03-24 15:47:11.812,-2.544628066160628
2025-03-24 15:47:11.812,0.1993753151249809
2025-03-24 15:47:11.821,1.8795884018717344
2025-03-24 15:47:11.821,0.7005317769181179
2025-03-24 15:47:11.821,-1.5611667185307405
2025-03-24 15:47:11.821,-2.262778727305757
2025-03-24 15:47:11.831,-0.7364947829910152
2025-03-24 15:47:11.831,1.5508699847417722
2025-03-24 15:47:11.831,2.726185238240233
2025-03-24 15:47:11.832,1.9295909831869862
2025-03-24 15:47:11.832,-0.3865616297279968
2025-03-24 15:47:11.841,-2.7271088337913425
2025-03-24 15:47:11.841,-3.2170797836065796
2025-03-24 15:47:11.841,-1.0065081134966571
2025-03-24 15:47:11.841,2.403108694819959
2025-03-24 15:47:11.842,3.900786715982969
2025-03-24 15:47:11.851,1.7904570655263392
2025-03-24 15:47:11.851,-2.023304849544044
2025-03-24 15:47:11.851,-3.733720829470375
2025-03-24 15:47:11.851,-1.740627881192483
2025-03-24 15:47:11.852,1.6230936181607807
2025-03-24 15:47:11.861,2.8510734250724488
2025-03-24 15:47:11.861,1.140093031245456
2025-03-24 15:47:11.861,-1.144582160479207
2025-03-24 15:47:11.861,-1.5536849931509225
2025-03-24 15:47:11.861,-0.2537363737838961
2025-03-24 15:47:11.871,0.6432788592567068
2025-03-24 15:47:11.871,-0.02907191171307169
2025-03-24 15:47:11.871,-0.9738387881988032
2025-03-24 15:47:11.871,-0.23183577230519503
2025-03-24 15:47:11.871,1.8079529470542917
2025-03-24 15:47:11.881,2.3221168835922903
2025-03-24 15:47:11.881,-0.2450100710702331
2025-03-24 15:47:11.881,-3.32394397423874
2025-03-24 15:47:11.881,-2.8392907155871123
2025-03-24 15:47:11.881,1.2484325370116427
2025-03-24 15:47:11.891,4.067467210382044
2025-03-24 15:47:11.891,1.7963097392752454
2025-03-24 15:47:11.891,-2.973211820359504
2025-03-24 15:47:11.891,-4.056760801322703
2025-03-24 15:47:11.891,0.3493155410726375
2025-03-24 15:47:11.899,4.894747030862593
2025-03-24 15:47:11.899,3.570857095310951
2025-03-24 15:47:11.900,-2.511106943762495
2025-03-24 15:47:11.900,-6.099782040094552
2025-03-24 15:47:11.900,-2.648953852385445
2025-03-24 15:47:11.909,3.957066809855906
2025-03-24 15:47:11.909,6.031404697717805
2025-03-24 15:47:11.909,1.3268862370091972
2025-03-24 15:47:11.910,-4.508858696268389
2025-03-24 15:47:11.910,-4.934077254521135
2025-03-24 15:47:11.919,-0.01739954483038375
2025-03-24 15:47:11.919,4.3410624430881395
2025-03-24 15:47:11.920,3.5805229930059985
2025-03-24 15:47:11.920,-0.8462923583521751
2025-03-24 15:47:11.920,-3.8827029922276517
2025-03-24 15:47:11.929,-2.5422643817334585
2025-03-24 15:47:11.929,1.3906395479859892
2025-03-24 15:47:11.930,3.6366204011816823
2025-03-24 15:47:11.930,1.8541305408210242
2025-03-24 15:47:11.930,-2.014724630279411
2025-03-24 15:47:11.939,-3.729018343092368
2025-03-24 15:47:11.939,-1.3088308425287276
2025-03-24 15:47:11.940,2.6122437415972657
2025-03-24 15:47:11.940,3.6444935750120107
2025-03-24 15:47:11.940,0.7392355311052016
2025-03-24 15:47:11.949,-2.6220169151556996
2025-03-24 15:47:11.949,-2.733328622087349
2025-03-24 15:47:11.949,-0.045195401467381074
2025-03-24 15:47:11.950,1.853249627128653
2025-03-24 15:47:11.959,0.9969388218181687
2025-03-24 15:47:11.959,-0.7846888033236779
2025-03-24 15:47:11.959,-0.7851226849664276
2025-03-24 15:47:11.960,0.8620091371095152
2025-03-24 15:47:11.960,1.598505166282109
2025-03-24 15:47:11.969,0.08564256022327325
2025-03-24 15:47:11.969,-1.9839474000976924
2025-03-24 15:47:11.969,-2.1383146732589005
2025-03-24 15:47:11.969,-0.18866625417488975
2025-03-24 15:47:11.970,1.8139018274197543
2025-03-24 15:47:11.979,2.163079314512628
2025-03-24 15:47:11.979,1.0426211039153863
2025-03-24 15:47:11.979,-0.3920322081024774
2025-03-24 15:47:11.979,-1.414520406602018
2025-03-24 15:47:11.979,-1.8236180925525103
2025-03-24 15:47:11.989,-1.4476551452253559
2025-03-24 15:47:11.989,-0.2732838451187967
2025-03-24 15:47:11.989,1.2176847750014368
2025-03-24 15:47:11.989,2.317273712822711
2025-03-24 15:47:11.990,2.488419691482396
2025-03-24 15:47:11.999,1.3125889287182726
2025-03-24 15:47:11.999,-1.2715961817320038
2025-03-24 15:47:11.999,-4.048863139745984
2025-03-24 15:47:11.999,-4.550506281667394
2025-03-24 15:47:11.999,-1.2860937347195163
2025-03-24 15:47:12.009,3.8776292982114478
2025-03-24 15:47:12.009,6.545374515548539
2025-03-24 15:47:12.009,3.8153992338002256
2025-03-24 15:47:12.009,-2.4232235158629716
2025-03-24 15:47:12.009,-6.589935299246499
2025-03-24 15:47:12.019,-4.565394746281638
2025-03-24 15:47:12.019,1.7118066107362917
2025-03-24 15:47:12.019,5.532998148671333
2025-03-24 15:47:12.019,2.647005638659449
2025-03-24 15:47:12.019,-3.2217998198179973
2025-03-24 15:47:12.029,-4.3185931068517664
2025-03-24 15:47:12.029,1.1643414595732242
2025-03-24 15:47:12.029,5.950374298671292
2025-03-24 15:47:12.029,2.8878687634491773
2025-03-24 15:47:12.029,-4.94306848296642
2025-03-24 15:47:12.037,-7.455860373176433
2025-03-24 15:47:12.037,-0.7845234797430176
2025-03-24 15:47:12.037,7.1437436332951085
2025-03-24 15:47:12.038,6.581744468391988
2025-03-24 15:47:12.038,-1.6108980433047628
2025-03-24 15:47:12.047,-7.357527399636563
2025-03-24 15:47:12.047,-4.218934089366958
2025-03-24 15:47:12.048,3.2083823043411006
2025-03-24 15:47:12.048,5.974854282595117
2025-03-24 15:47:12.048,1.7952361477101932
2025-03-24 15:47:12.057,-3.3963990359673004
2025-03-24 15:47:12.057,-3.7203197225026194
2025-03-24 15:47:12.058,-0.028327975079638412
2025-03-24 15:47:12.058,2.524952240649773
2025-03-24 15:47:12.058,1.380922514840908
2025-03-24 15:47:12.067,-1.0410853675711143
2025-03-24 15:47:12.067,-1.362620201484796
2025-03-24 15:47:12.067,0.4037079128371028
2025-03-24 15:47:12.068,1.5023890878245814
2025-03-24 15:47:12.068,0.41678168615044997
2025-03-24 15:47:12.077,-1.3201635714112345
2025-03-24 15:47:12.077,-1.4531663806010173
2025-03-24 15:47:12.078,0.08715521015630959
2025-03-24 15:47:12.078,1.4467486824431532
2025-03-24 15:47:12.078,1.3338151223805608
2025-03-24 15:47:12.087,0.16323723397077472
2025-03-24 15:47:12.087,-1.0421349743639619
2025-03-24 15:47:12.088,-1.7024700695137909
2025-03-24 15:47:12.088,-1.4019336355045768
2025-03-24 15:47:12.097,0.24267574852662047
2025-03-24 15:47:12.097,2.5377821916545535
2025-03-24 15:47:12.097,3.2958301166475357
2025-03-24 15:47:12.098,0.8706533861063305
2025-03-24 15:47:12.098,-3.2326438685740313
2025-03-24 15:47:12.107,-5.004420479836172
2025-03-24 15:47:12.107,-2.081947459756921
2025-03-24 15:47:12.107,3.2064179915205155
2025-03-24 15:47:12.108,5.8203911549375915
2025-03-24 15:47:12.108,3.114146310816862
2025-03-24 15:47:12.117,-2.439410543854921
2025-03-24 15:47:12.117,-5.661471121840755
2025-03-24 15:47:12.117,-3.6338441712325413
2025-03-24 15:47:12.118,1.5635136568709005
2025-03-24 15:47:12.118,4.87374055846468
2025-03-24 15:47:12.127,3.2498663634847316
2025-03-24 15:47:12.127,-1.2451087496850215
2025-03-24 15:47:12.127,-3.7183323753452093
2025-03-24 15:47:12.127,-1.9041727032800353
2025-03-24 15:47:12.128,1.487010004046227
2025-03-24 15:47:12.137,2.365670684677892
2025-03-24 15:47:12.137,0.19858807834756942
2025-03-24 15:47:12.137,-1.8610242185435606
2025-03-24 15:47:12.137,-1.2651562397001879
2025-03-24 15:47:12.137,1.022764158884809
2025-03-24 15:47:12.147,2.1691379345294015
2025-03-24 15:47:12.147,0.878923378842759
2025-03-24 15:47:12.147,-1.4508309203924221
2025-03-24 15:47:12.147,-2.4267904403546217
2025-03-24 15:47:12.148,-1.040678778756341
2025-03-24 15:47:12.157,1.3916882874610976
2025-03-24 15:47:12.157,2.478415704788545
2025-03-24 15:47:12.157,1.1511749809127791
2025-03-24 15:47:12.157,-1.1707386769083137
2025-03-24 15:47:12.157,-2.0916722080565697
2025-03-24 15:47:12.167,-0.8456547057564886
2025-03-24 15:47:12.167,0.9897174039119153
2025-03-24 15:47:12.167,1.3792517378393547
2025-03-24 15:47:12.167,0.05398598201190957
2025-03-24 15:47:12.167,-1.2696725892711067
2025-03-24 15:47:12.177,-0.7855811160810449
2025-03-24 15:47:12.177,1.2438563514696133
2025-03-24 15:47:12.177,2.3668040511625903
2025-03-24 15:47:12.177,0.5739976522701263
2025-03-24 15:47:12.177,-2.812058932788271
2025-03-24 15:47:12.187,-3.877551249475071
2025-03-24 15:47:12.187,-0.630352559351115
2025-03-24 15:47:12.187,3.9538593523652934
2025-03-24 15:47:12.187,4.822317019121583
2025-03-24 15:47:12.187,0.752895426329585
2025-03-24 15:47:12.197,-4.034822914861078
2025-03-24 15:47:12.197,-4.674332242368001
2025-03-24 15:47:12.197,-0.8918505487649391
2025-03-24 15:47:12.197,3.2961487392879407
2025-03-24 15:47:12.197,4.08427780259288
2025-03-24 15:47:12.207,1.0995562107927945
2025-03-24 15:47:12.207,-2.9040789497895116
2025-03-24 15:47:12.207,-4.2855520409400105
2025-03-24 15:47:12.207,-1.298149636063737
2025-03-24 15:47:12.207,3.713752779285013
2025-03-24 15:47:12.215,5.4847006272238685
2025-03-24 15:47:12.215,1.2521316126452469
2025-03-24 15:47:12.215,-5.050961712029098
2025-03-24 15:47:12.216,-6.341814935207512
2025-03-24 15:47:12.216,-0.826526255601459
2025-03-24 15:47:12.225,5.357702356331458
2025-03-24 15:47:12.225,5.461483786628612
2025-03-24 15:47:12.226,0.20794544195250675
2025-03-24 15:47:12.226,-3.8202531079330813
2025-03-24 15:47:12.226,-2.829460924418826
2025-03-24 15:47:12.235,0.250991841227989
2025-03-24 15:47:12.235,0.960973080765843
2025-03-24 15:47:12.235,-0.5236788957180041
2025-03-24 15:47:12.236,-0.5947555545423121
2025-03-24 15:47:12.236,1.886777969584993
2025-03-24 15:47:12.245,3.633495453276425
2025-03-24 15:47:12.246,1.3378186580936802
2025-03-24 15:47:12.246,-3.606392369127516
2025-03-24 15:47:12.246,-6.032210547532053
2025-03-24 15:47:12.255,-2.594711997881505
2025-03-24 15:47:12.255,4.0930927003192
2025-03-24 15:47:12.255,7.474772825508202
2025-03-24 15:47:12.256,3.700504054206276
2025-03-24 15:47:12.256,-3.869769430531854
2025-03-24 15:47:12.265,-7.68324408116254
2025-03-24 15:47:12.265,-3.9381222430424803
2025-03-24 15:47:12.265,3.2740497416274033
2025-03-24 15:47:12.266,6.544568032000126
2025-03-24 15:47:12.266,3.2030397090760547
2025-03-24 15:47:12.275,-2.4252246615485733
2025-03-24 15:47:12.275,-4.5546745926504
2025-03-24 15:47:12.275,-2.089318928328739
2025-03-24 15:47:12.276,1.4284979696953464
2025-03-24 15:47:12.276,2.620047362404756
2025-03-24 15:47:12.285,1.429242186069984
2025-03-24 15:47:12.285,-0.2022191133841747
2025-03-24 15:47:12.285,-1.1232520699039514
2025-03-24 15:47:12.285,-1.516888888022689
2025-03-24 15:47:12.285,-1.4452679540968507
2025-03-24 15:47:12.295,-0.2836795015893701
2025-03-24 15:47:12.295,1.8931597099271547
2025-03-24 15:47:12.295,3.2539726142283945
2025-03-24 15:47:12.295,1.780432166119993
2025-03-24 15:47:12.295,-1.9306241567371145
2025-03-24 15:47:12.305,-4.43785624298018
2025-03-24 15:47:12.305,-2.8955917859965985
2025-03-24 15:47:12.305,1.5303108162767327
2025-03-24 15:47:12.305,4.505032903765386
2025-03-24 15:47:12.305,3.056009677757397
2025-03-24 15:47:12.315,-1.1874771694929556
2025-03-24 15:47:12.315,-3.7551787000147527
2025-03-24 15:47:12.315,-2.2308499056150173
2025-03-24 15:47:12.315,1.2330286140173228
2025-03-24 15:47:12.315,2.6824864316344708
2025-03-24 15:47:12.325,1.0196409089771519
2025-03-24 15:47:12.325,-1.2064971761318093
2025-03-24 15:47:12.325,-1.5150926485766625
2025-03-24 15:47:12.325,-0.3656167116793289
2025-03-24 15:47:12.325,0.4251981260546521
2025-03-24 15:47:12.335,0.5435913466520969
2025-03-24 15:47:12.335,0.8328580004557692
2025-03-24 15:47:12.335,1.0503011544776457
2025-03-24 15:47:12.335,0.05034672347161723
2025-03-24 15:47:12.335,-1.8212117672810817
2025-03-24 15:47:12.345,-2.4234243145549965
2025-03-24 15:47:12.345,-0.6184257880299789
2025-03-24 15:47:12.345,1.9481408793019506
2025-03-24 15:47:12.345,2.8005771608625096
2025-03-24 15:47:12.345,1.4865351300621832
2025-03-24 15:47:12.353,-0.48501117979033237
2025-03-24 15:47:12.353,-1.828120635163531
2025-03-24 15:47:12.353,-2.33014586166264
2025-03-24 15:47:12.354,-1.843273973377253
2025-03-24 15:47:12.363,0.0032150655089923964
2025-03-24 15:47:12.363,2.5358016835371866
2025-03-24 15:47:12.363,3.643657236946509
2025-03-24 15:47:12.364,1.7846481307855773
2025-03-24 15:47:12.364,-1.867425014704462
2025-03-24 15:47:12.373,-4.139517982022155
2025-03-24 15:47:12.373,-2.949049239328654
2025-03-24 15:47:12.373,0.6169638945246858
2025-03-24 15:47:12.374,3.4028409765928562
2025-03-24 15:47:12.374,3.2160160510334936
2025-03-24 15:47:12.374,0.710473483754078
2025-03-24 15:47:12.383,-1.659048705459827
2025-03-24 15:47:12.383,-2.3039386565674964
2025-03-24 15:47:12.383,-1.7034988242488094
2025-03-24 15:47:12.384,-0.9195279191551289
2025-03-24 15:47:12.393,0.16071655754752892
2025-03-24 15:47:12.393,2.052078846400694
2025-03-24 15:47:12.393,3.5940279911089315
2025-03-24 15:47:12.393,2.4268600811454775
2025-03-24 15:47:12.394,-1.6242118620473838
2025-03-24 15:47:12.403,-4.990460659643343
2025-03-24 15:47:12.403,-3.892735029024682
2025-03-24 15:47:12.403,0.8476654700886426
2025-03-24 15:47:12.404,4.256579528695518
2025-03-24 15:47:12.404,3.014499030538622
2025-03-24 15:47:12.413,-0.6357105177134111
2025-03-24 15:47:12.413,-2.0194278942430963
2025-03-24 15:47:12.413,-0.08398461983909816
2025-03-24 15:47:12.413,1.597190910744491
2025-03-24 15:47:12.413,-0.02369840440294154
2025-03-24 15:47:12.423,-3.1946615540139573
2025-03-24 15:47:12.423,-3.5255850381837317
2025-03-24 15:47:12.423,0.38687731721654467
2025-03-24 15:47:12.424,4.957831050103195
2025-03-24 15:47:12.424,5.466863397099877
2025-03-24 15:47:12.433,1.1016331549463796
2025-03-24 15:47:12.433,-4.301788193622476
2025-03-24 15:47:12.433,-6.158998866746714
2025-03-24 15:47:12.433,-3.281268366164304
2025-03-24 15:47:12.433,1.6480567292763124
2025-03-24 15:47:12.443,4.914980282391111
2025-03-24 15:47:12.443,4.659546394100748
2025-03-24 15:47:12.443,1.5611510636688126
2025-03-24 15:47:12.443,-2.2254663549346367
2025-03-24 15:47:12.444,-4.4326178528837055
2025-03-24 15:47:12.453,-3.73878059321495
2025-03-24 15:47:12.453,-0.5362893604288146
2025-03-24 15:47:12.453,2.9984507171507095
2025-03-24 15:47:12.453,4.165853725232039
2025-03-24 15:47:12.453,1.9492856960413203
2025-03-24 15:47:12.463,-1.7112539020884356
2025-03-24 15:47:12.463,-3.3795834730735126
2025-03-24 15:47:12.463,-1.5328369502181474
2025-03-24 15:47:12.463,1.6308881295623425
2025-03-24 15:47:12.463,2.5059186490529397
2025-03-24 15:47:12.473,0.2223549809962408
2025-03-24 15:47:12.473,-2.3764832080027496
2025-03-24 15:47:12.473,-2.21609831678689
2025-03-24 15:47:12.473,0.43748069728632355
2025-03-24 15:47:12.473,2.6309067434173925
2025-03-24 15:47:12.481,2.3319342371832
2025-03-24 15:47:12.481,0.3029812983986482
2025-03-24 15:47:12.482,-1.529710799993773
2025-03-24 15:47:12.482,-2.2947585524160323
2025-03-24 15:47:12.482,-2.0517627761402446
2025-03-24 15:47:12.491,-0.5653701012127647
2025-03-24 15:47:12.491,2.0803901895137886
2025-03-24 15:47:12.492,3.8721796494871197
2025-03-24 15:47:12.492,2.16012721627132
2025-03-24 15:47:12.492,-2.336715609554949
2025-03-24 15:47:12.501,-4.821659865046671
2025-03-24 15:47:12.501,-1.895807411402019
2025-03-24 15:47:12.502,3.393134747428446
2025-03-24 15:47:12.502,4.644886491915187
2025-03-24 15:47:12.502,0.15135561797461394
2025-03-24 15:47:12.511,-4.738628465574337
2025-03-24 15:47:12.511,-4.167397687161766
2025-03-24 15:47:12.512,1.272407877156269
2025-03-24 15:47:12.512,5.570010044442131
2025-03-24 15:47:12.512,4.255440011077865
2025-03-24 15:47:12.521,-1.1335635562836863
2025-03-24 15:47:12.521,-5.277698314866054
2025-03-24 15:47:12.522,-4.587411924830519
2025-03-24 15:47:12.522,-0.2101096019357901
2025-03-24 15:47:12.531,3.7139223514949684
2025-03-24 15:47:12.531,4.136528981771321
2025-03-24 15:47:12.531,1.4969767544460946
2025-03-24 15:47:12.531,-1.432962278276096
2025-03-24 15:47:12.532,-2.5166179840336786
2025-03-24 15:47:12.541,-1.8181102269322544
2025-03-24 15:47:12.541,-0.6056594401982032
2025-03-24 15:47:12.541,0.36626942345891106
2025-03-24 15:47:12.541,1.1491578392459945
2025-03-24 15:47:12.542,1.6786824737007684
2025-03-24 15:47:12.551,1.3971679928244203
2025-03-24 15:47:12.551,0.03744963328714432
2025-03-24 15:47:12.551,-1.6275599142777493
2025-03-24 15:47:12.551,-2.2456245345139396
2025-03-24 15:47:12.552,-1.183035439145224
2025-03-24 15:47:12.561,0.7589688544220019
2025-03-24 15:47:12.561,2.0378143405711686
2025-03-24 15:47:12.561,1.7652517144693052
2025-03-24 15:47:12.561,0.3635655605852627
2025-03-24 15:47:12.562,-1.0042034926603962
2025-03-24 15:47:12.571,-1.424303166832366
2025-03-24 15:47:12.571,-0.8490733188220745
2025-03-24 15:47:12.571,-0.11870320097700823
2025-03-24 15:47:12.571,-0.12224212770231802
2025-03-24 15:47:12.571,-0.4440556293975409
2025-03-24 15:47:12.581,0.5206625626564922
2025-03-24 15:47:12.581,2.938065741717886
2025-03-24 15:47:12.581,3.7624995563170556
2025-03-24 15:47:12.581,-0.014740670035450584
2025-03-24 15:47:12.581,-6.015822461147319
2025-03-24 15:47:12.591,-7.344723266039925
2025-03-24 15:47:12.591,-0.884133876201465
2025-03-24 15:47:12.591,7.3913322101468575
2025-03-24 15:47:12.591,8.523291267851269
2025-03-24 15:47:12.591,1.335718204272877
2025-03-24 15:47:12.600,-6.089501561604422
2025-03-24 15:47:12.601,-6.253322212904237
2025-03-24 15:47:12.601,-0.6603718220262274
2025-03-24 15:47:12.601,3.348324419543727
2025-03-24 15:47:12.601,2.0771817588707133
2025-03-24 15:47:12.611,-1.0759959313853218
2025-03-24 15:47:12.611,-1.2947195947878432
2025-03-24 15:47:12.611,1.3782931604515307
2025-03-24 15:47:12.611,2.8953317037676416
2025-03-24 15:47:12.611,0.8866732026828176
2025-03-24 15:47:12.619,-2.5354398144265002
2025-03-24 15:47:12.620,-3.6946775202031352
2025-03-24 15:47:12.620,-1.5546034078899982
2025-03-24 15:47:12.620,1.7140823277991397
2025-03-24 15:47:12.620,3.3888886694712705
2025-03-24 15:47:12.629,2.4173817819411374
2025-03-24 15:47:12.629,-0.3718054853158631
2025-03-24 15:47:12.630,-2.957347418257978
2025-03-24 15:47:12.630,-3.1574469073194527
2025-03-24 15:47:12.639,-0.39512399977416646
2025-03-24 15:47:12.639,3.08411121947077
2025-03-24 15:47:12.639,3.8256555022278347
2025-03-24 15:47:12.640,0.7793178390026352
