时间,加速度X(g),加速度Y(g),加速度Z(g),四元数0(),四元数1(),四元数2(),四元数3()
2025-03-27 13:43:20.355,-0.057,0.484,2.256,0.025791729948032263,0.0826755453588146,0.22883534884485235,-0.9696050350451804
2025-03-27 13:43:20.356,-0.044333333333333336,0.47533333333333333,2.2546666666666666,0.025791729948032256,0.08267554535881472,0.22883534884485243,-0.9696050350451804
2025-03-27 13:43:20.359,-0.036,0.47,2.257,0.025791729948032263,0.0826755453588146,0.22883534884485235,-0.9696050350451804
2025-03-27 13:43:20.360,-0.042333333333333334,0.4483333333333333,2.283,0.025791729948032256,0.08267554535881472,0.22883534884485243,-0.9696050350451804
2025-03-27 13:43:20.410,-0.035500000000000004,0.42725,2.306,0.025791729948032263,0.0826755453588146,0.22883534884485235,-0.9696050350451804
2025-03-27 13:43:20.428,-0.018,0.471,2.2625,0.025791729948032263,0.0826755453588146,0.22883534884485235,-0.9696050350451804
2025-03-27 13:43:20.493,-0.0135,0.504,2.2305,0.025791729948032263,0.0826755453588146,0.22883534884485235,-0.9696050350451804
2025-03-27 13:43:20.565,0.0105,0.483,2.25825,0.025791729948032263,0.0826755453588146,0.22883534884485235,-0.9696050350451804
2025-03-27 13:43:20.612,-0.017750000000000002,0.492,2.24125,0.025791729948032263,0.0826755453588146,0.22883534884485235,-0.9696050350451804
2025-03-27 13:43:20.629,-0.0037500000000000003,0.496,2.241,0.025791729948032263,0.0826755453588146,0.22883534884485235,-0.9696050350451804
2025-03-27 13:43:20.692,0.021,0.47050000000000003,2.269,0.025791729948032263,0.0826755453588146,0.22883534884485235,-0.9696050350451804
2025-03-27 13:43:20.718,0.0165,0.475,2.2645,0.025791729948032263,0.0826755453588146,0.22883534884485235,-0.9696050350451804
2025-03-27 13:43:20.742,0.023,0.46499999999999997,2.254,0.025791729948032263,0.0826755453588146,0.22883534884485235,-0.9696050350451804
2025-03-27 13:43:20.743,0.0125,0.4315,2.277,-0.021048371137969844,-0.07087129285674243,-0.2355868990918302,0.9690371710608155
2025-03-27 13:43:20.788,0.01425,0.455,2.2657499999999997,0.01630063961867637,0.05905231714618664,0.24228950716643635,-0.9682679937417811
2025-03-27 13:43:20.810,0.04325,0.436,2.2605,0.01630063961867637,0.05905231714618664,0.24228950716643635,-0.9682679937417811
2025-03-27 13:43:20.830,0.0205,0.449,2.2327500000000002,0.01630063961867637,0.05905231714618664,0.24228950716643635,-0.9682679937417811
2025-03-27 13:43:20.852,0.059,0.416,2.25675,0.01630063961867637,0.05905231714618664,0.24228950716643635,-0.9682679937417811
2025-03-27 13:43:20.932,0.0695,0.43574999999999997,2.242,0.01630063961867637,0.05905231714618664,0.24228950716643635,-0.9682679937417811
2025-03-27 13:43:20.942,0.06975,0.4475,2.22975,0.01630063961867637,0.05905231714618664,0.24228950716643635,-0.9682679937417811
2025-03-27 13:43:20.989,0.08075,0.458,2.23,0.01630063961867637,0.05905231714618664,0.24228950716643635,-0.9682679937417811
2025-03-27 13:43:21.055,0.093,0.46325000000000005,2.2345,0.01630063961867637,0.05905231714618664,0.24228950716643635,-0.9682679937417811
2025-03-27 13:43:21.124,0.07225000000000001,0.455,2.23975,0.01630063961867637,0.05905231714618664,0.24228950716643635,-0.9682679937417811
2025-03-27 13:43:21.147,0.0925,0.42974999999999997,2.2880000000000003,0.01630063961867637,0.05905231714618664,0.24228950716643635,-0.9682679937417811
2025-03-27 13:43:21.168,0.094,0.438,2.32,0.01630063961867637,0.05905231714618664,0.24228950716643635,-0.9682679937417811
2025-03-27 13:43:21.169,0.06733333333333333,0.47533333333333333,2.281333333333333,0.004910182342515972,-0.05200193112236828,-0.24475908927307197,0.9681759537848086
2025-03-27 13:43:21.219,0.021,0.497,2.265,0.004910182342515969,-0.05200193112236873,-0.244759089273072,0.9681759537848088
2025-03-27 13:43:21.220,0.010333333333333333,0.5253333333333333,2.247,0.004910182342515972,-0.05200193112236828,-0.24475908927307197,0.9681759537848086
2025-03-27 13:43:21.224,0.006,0.531,2.241,0.004910182342515969,-0.05200193112236873,-0.244759089273072,0.9681759537848088
2025-03-27 13:43:21.225,0.029666666666666664,0.528,2.2633333333333336,0.004910182342515972,-0.05200193112236828,-0.24475908927307197,0.9681759537848086
2025-03-27 13:43:21.258,0.02275,0.50325,2.3385,0.0049101823425159695,-0.05200193112236873,-0.24475908927307205,0.9681759537848088
2025-03-27 13:43:21.326,0.01525,0.526,2.333,0.0049101823425159695,-0.05200193112236873,-0.24475908927307205,0.9681759537848088
2025-03-27 13:43:21.349,0.03325,0.5235000000000001,2.3392500000000003,0.0049101823425159695,-0.05200193112236873,-0.24475908927307205,0.9681759537848088
2025-03-27 13:43:21.408,0.064,0.5595,2.306,0.0049101823425159695,-0.05200193112236873,-0.24475908927307205,0.9681759537848088
2025-03-27 13:43:21.416,0.051000000000000004,0.552,2.2889999999999997,0.0049101823425159695,-0.05200193112236873,-0.24475908927307205,0.9681759537848088
2025-03-27 13:43:21.461,0.06925,0.56525,2.302,0.0049101823425159695,-0.05200193112236873,-0.24475908927307205,0.9681759537848088
2025-03-27 13:43:21.505,0.06,0.579,2.281,0.004910182342515969,-0.05200193112236873,-0.244759089273072,0.9681759537848088
2025-03-27 13:43:21.506,0.051666666666666666,0.5713333333333334,2.287333333333333,0.004910182342515972,-0.05200193112236828,-0.24475908927307197,0.9681759537848086
2025-03-27 13:43:21.551,0.0565,0.591,2.2615,-0.020573828014461067,0.04292456977760406,0.20230362363417406,-0.9781653453147489
2025-03-27 13:43:21.606,0.096,0.598,2.2897499999999997,0.03619159399252317,-0.03375148652245519,-0.15939702035004888,0.9859734253950919
2025-03-27 13:43:21.622,0.127,0.63875,2.2944999999999998,0.03619159399252317,-0.03375148652245519,-0.15939702035004888,0.9859734253950919
2025-03-27 13:43:21.701,0.10425,0.644,2.2952500000000002,0.03619159399252317,-0.03375148652245519,-0.15939702035004888,0.9859734253950919
2025-03-27 13:43:21.731,0.09999999999999999,0.6326666666666667,2.340666666666667,0.036191593992523176,-0.03375148652245519,-0.1593970203500489,0.9859734253950919
2025-03-27 13:43:21.732,0.09,0.625,2.336,0.03619159399252317,-0.03375148652245519,-0.15939702035004888,0.9859734253950919
2025-03-27 13:43:21.755,0.094,0.629,2.326,0.03619159399252317,-0.03375148652245519,-0.15939702035004888,0.9859734253950919
2025-03-27 13:43:21.756,0.10166666666666667,0.6386666666666666,2.3176666666666668,0.036191593992523176,-0.03375148652245519,-0.1593970203500489,0.9859734253950919
2025-03-27 13:43:21.814,0.09825,0.6165,2.3362499999999997,0.03619159399252317,-0.03375148652245519,-0.15939702035004888,0.9859734253950919
2025-03-27 13:43:21.821,0.11775,0.6225,2.3222500000000004,0.03619159399252317,-0.03375148652245519,-0.15939702035004888,0.9859734253950919
2025-03-27 13:43:21.866,0.09575,0.6114999999999999,2.3142500000000004,0.03619159399252317,-0.03375148652245519,-0.15939702035004888,0.9859734253950919
2025-03-27 13:43:21.910,0.08275,0.61925,2.30975,0.03619159399252317,-0.03375148652245519,-0.15939702035004888,0.9859734253950919
2025-03-27 13:43:21.956,0.09775,0.61075,2.316,-0.027787225601504772,0.03363268282484333,0.1577575852483326,-0.9865136882152168
2025-03-27 13:43:22.016,0.0975,0.61675,2.32625,0.01938081131615507,-0.03351140284852128,-0.15610653490463375,0.9869813168403542
2025-03-27 13:43:22.022,0.0875,0.6054999999999999,2.31,0.01938081131615507,-0.03351140284852128,-0.15610653490463375,0.9869813168403542
2025-03-27 13:43:22.023,0.075,0.5905,2.327,0.01938081131615507,-0.03351140284852128,-0.15610653490463375,0.9869813168403542
2025-03-27 13:43:22.103,0.083,0.5934999999999999,2.3352500000000003,0.01938081131615507,-0.03351140284852128,-0.15610653490463375,0.9869813168403542
2025-03-27 13:43:22.135,0.0955,0.59475,2.331,0.01938081131615507,-0.03351140284852128,-0.15610653490463375,0.9869813168403542
2025-03-27 13:43:22.159,0.09425,0.61575,2.3125,0.01938081131615507,-0.03351140284852128,-0.15610653490463375,0.9869813168403542
2025-03-27 13:43:22.211,0.10133333333333333,0.6086666666666667,2.3173333333333335,0.01938081131615506,-0.03351140284852183,-0.15610653490463383,0.9869813168403544
2025-03-27 13:43:22.212,0.108,0.597,2.342,0.01938081131615507,-0.03351140284852128,-0.15610653490463375,0.9869813168403542
2025-03-27 13:43:22.226,0.0915,0.6094999999999999,2.3200000000000003,0.01938081131615507,-0.03351140284852128,-0.15610653490463375,0.9869813168403542
2025-03-27 13:43:22.271,0.0755,0.62525,2.28125,0.01938081131615507,-0.03351140284852128,-0.15610653490463375,0.9869813168403542
2025-03-27 13:43:22.317,0.08524999999999999,0.618,2.2954999999999997,0.01938081131615507,-0.03351140284852128,-0.15610653490463375,0.9869813168403542
2025-03-27 13:43:22.428,0.092,0.6074999999999999,2.322,-0.015030863254348813,0.03313198027380693,0.15645936949282233,-0.9870140884155979
2025-03-27 13:43:22.452,0.08925,0.60525,2.3215000000000003,0.010680626726590283,-0.03275192184417919,-0.15680920137915327,0.9870279176350952
2025-03-27 13:43:22.519,0.08625,0.5845,2.35225,0.010680626726590283,-0.03275192184417919,-0.15680920137915327,0.9870279176350952
2025-03-27 13:43:22.543,0.0815,0.5902499999999999,2.33225,0.010680626726590283,-0.03275192184417919,-0.15680920137915327,0.9870279176350952
2025-03-27 13:43:22.609,0.08574999999999999,0.596,2.3275,0.010680626726590283,-0.03275192184417919,-0.15680920137915327,0.9870279176350952
2025-03-27 13:43:22.612,0.08524999999999999,0.5985,2.3207500000000003,0.010680626726590283,-0.03275192184417919,-0.15680920137915327,0.9870279176350952
2025-03-27 13:43:22.698,0.0915,0.6065,2.31325,0.010680626726590283,-0.03275192184417919,-0.15680920137915327,0.9870279176350952
2025-03-27 13:43:22.720,0.09675,0.59475,2.31275,0.010680626726590283,-0.03275192184417919,-0.15680920137915327,0.9870279176350952
2025-03-27 13:43:22.743,0.10375,0.5945,2.32875,0.010680626726590283,-0.03275192184417919,-0.15680920137915327,0.9870279176350952
2025-03-27 13:43:22.783,0.09566666666666668,0.6196666666666667,2.2866666666666666,0.010680626726590283,-0.03275192184417952,-0.1568092013791533,0.9870279176350952
2025-03-27 13:43:22.784,0.09,0.618,2.282,0.010680626726590283,-0.03275192184417919,-0.15680920137915327,0.9870279176350952
2025-03-27 13:43:22.787,0.08875,0.624,2.2845,-0.008255544491202589,0.030917065826540302,0.15652049160112286,-0.9871561764658994
2025-03-27 13:43:22.810,0.09225,0.60875,2.3035,0.005830385086913653,-0.029081920810883122,-0.15623031874402243,0.9872752078305363
2025-03-27 13:43:22.834,0.0925,0.5945,2.32325,0.005830385086913653,-0.029081920810883122,-0.15623031874402243,0.9872752078305363
2025-03-27 13:43:22.897,0.08325,0.59575,2.31825,0.005830385086913653,-0.029081920810883122,-0.15623031874402243,0.9872752078305363
2025-03-27 13:43:22.945,0.10175,0.5914999999999999,2.3265000000000002,0.005830385086913653,-0.029081920810883122,-0.15623031874402243,0.9872752078305363
2025-03-27 13:43:23.013,0.10333333333333333,0.588,2.332333333333333,0.005830385086913655,-0.0290819208108829,-0.15623031874402246,0.9872752078305365
2025-03-27 13:43:23.014,0.106,0.606,2.31,0.005830385086913653,-0.029081920810883122,-0.15623031874402243,0.9872752078305363
2025-03-27 13:43:23.018,0.0945,0.61075,2.29425,0.005830385086913653,-0.029081920810883122,-0.15623031874402243,0.9872752078305363
2025-03-27 13:43:23.035,0.09675,0.59675,2.31225,0.005830385086913653,-0.029081920810883122,-0.15623031874402243,0.9872752078305363
2025-03-27 13:43:23.127,0.09625,0.585,2.32775,0.005830385086913653,-0.029081920810883122,-0.15623031874402243,0.9872752078305363
2025-03-27 13:43:23.148,0.086,0.588,2.31325,0.005830385086913653,-0.029081920810883122,-0.15623031874402243,0.9872752078305363
2025-03-27 13:43:23.176,0.0885,0.59425,2.2977499999999997,-0.0047753075157368615,0.02885680987796646,0.15898994024681357,-0.9868468370837047
2025-03-27 13:43:23.193,0.0955,0.59775,2.3064999999999998,0.003720187144071191,-0.0286314403050425,-0.1617481367424932,0.9864096213510916
2025-03-27 13:43:23.238,0.09025,0.5832499999999999,2.3115,0.003720187144071191,-0.0286314403050425,-0.1617481367424932,0.9864096213510916
2025-03-27 13:43:23.282,0.102,0.582,2.335,0.003720187144071191,-0.0286314403050425,-0.1617481367424932,0.9864096213510916
2025-03-27 13:43:23.283,0.09899999999999999,0.5863333333333333,2.324333333333333,0.0037201871440711923,-0.028631440305042388,-0.1617481367424931,0.9864096213510914
2025-03-27 13:43:23.328,0.09475,0.5785,2.3225,0.003720187144071191,-0.0286314403050425,-0.1617481367424932,0.9864096213510916
2025-03-27 13:43:23.350,0.0945,0.5765,2.3255,0.003720187144071191,-0.0286314403050425,-0.1617481367424932,0.9864096213510916
2025-03-27 13:43:23.415,0.093,0.586,2.31675,0.003720187144071191,-0.0286314403050425,-0.1617481367424932,0.9864096213510916
2025-03-27 13:43:23.440,0.07125000000000001,0.585,2.29725,0.003720187144071191,-0.0286314403050425,-0.1617481367424932,0.9864096213510916
2025-03-27 13:43:23.508,0.09175,0.58575,2.31825,0.003720187144071191,-0.0286314403050425,-0.1617481367424932,0.9864096213510916
2025-03-27 13:43:23.530,0.08075,0.58675,2.30525,0.003720187144071191,-0.0286314403050425,-0.1617481367424932,0.9864096213510916
2025-03-27 13:43:23.554,0.0845,0.58975,2.30625,0.5119648178121521,-0.10950744740576013,-0.12567854717335022,0.8426773089775473
2025-03-27 13:43:23.627,0.09375,0.5752499999999999,2.322,0.5119648178121521,-0.10950744740576013,-0.12567854717335022,0.8426773089775473
2025-03-27 13:43:23.643,0.084,0.583,2.325,0.5119648178121521,-0.10950744740576013,-0.12567854717335022,0.8426773089775473
2025-03-27 13:43:23.644,0.079,0.6043333333333333,2.2886666666666664,0.5119648178121521,-0.1095074474057599,-0.1256785471733502,0.8426773089775471
2025-03-27 13:43:23.716,0.093,0.583,2.30775,0.5119648178121521,-0.10950744740576013,-0.12567854717335022,0.8426773089775473
2025-03-27 13:43:23.733,0.08825,0.5865,2.31675,0.5119648178121521,-0.10950744740576013,-0.12567854717335022,0.8426773089775473
2025-03-27 13:43:23.823,0.0945,0.5974999999999999,2.291,0.5119648178121521,-0.10950744740576013,-0.12567854717335022,0.8426773089775473
2025-03-27 13:43:23.826,0.104,0.5805,2.3165,0.5119648178121521,-0.10950744740576013,-0.12567854717335022,0.8426773089775473
2025-03-27 13:43:23.846,0.09375,0.569,2.3285,0.5119648178121521,-0.10950744740576013,-0.12567854717335022,0.8426773089775473
2025-03-27 13:43:23.914,0.088,0.5834999999999999,2.30275,0.5119648178121521,-0.10950744740576013,-0.12567854717335022,0.8426773089775473
2025-03-27 13:43:23.936,0.093,0.577,2.30925,0.5119648178121521,-0.10950744740576013,-0.12567854717335022,0.8426773089775473
2025-03-27 13:43:23.959,0.09275,0.58675,2.29725,-0.5138143859313569,0.1089292612577667,0.12769542218194585,-0.841322216517307
2025-03-27 13:43:24.021,0.10175,0.57975,2.29825,0.5144298030935989,-0.10873629955359043,-0.12836743686837934,0.8408687150800149
2025-03-27 13:43:24.049,0.1125,0.57775,2.3135,0.5144298030935989,-0.10873629955359043,-0.12836743686837934,0.8408687150800149
2025-03-27 13:43:24.109,0.09675,0.57275,2.30775,0.5144298030935989,-0.10873629955359043,-0.12836743686837934,0.8408687150800149
2025-03-27 13:43:24.115,0.0935,0.5654999999999999,2.32,0.5144298030935988,-0.10873629955359065,-0.12836743686837937,0.840868715080015
2025-03-27 13:43:24.116,0.086,0.5645,2.313,0.5144298030935988,-0.10873629955359065,-0.12836743686837937,0.840868715080015
2025-03-27 13:43:24.161,0.098,0.571,2.3112500000000002,0.5144298030935989,-0.10873629955359043,-0.12836743686837934,0.8408687150800149
2025-03-27 13:43:24.216,0.09575,0.565,2.3155,0.5144298030935989,-0.10873629955359043,-0.12836743686837934,0.8408687150800149
2025-03-27 13:43:24.255,0.09975,0.5547500000000001,2.33425,0.5144298030935989,-0.10873629955359043,-0.12836743686837934,0.8408687150800149
2025-03-27 13:43:24.318,0.0905,0.5805,2.28325,0.5144298030935989,-0.10873629955359043,-0.12836743686837934,0.8408687150800149
2025-03-27 13:43:24.341,0.10225000000000001,0.57075,2.2945,0.5144298030935989,-0.10873629955359043,-0.12836743686837934,0.8408687150800149
2025-03-27 13:43:24.409,0.09275,0.5652499999999999,2.30075,-0.5152004227407108,0.1090584069951509,0.12911448471747708,-0.8402405834685761
2025-03-27 13:43:24.411,0.088,0.57775,2.27875,0.5175071956525295,-0.11002365584975804,-0.13135436462339314,0.8383478564985378
2025-03-27 13:43:24.453,0.112,0.573,2.292,0.5175071956525296,-0.11002365584975793,-0.13135436462339312,0.8383478564985378
2025-03-27 13:43:24.454,0.10233333333333333,0.5603333333333333,2.308333333333333,0.5175071956525295,-0.11002365584975804,-0.13135436462339317,0.8383478564985379
2025-03-27 13:43:24.509,0.08175,0.5665,2.2855,0.5175071956525295,-0.11002365584975804,-0.13135436462339314,0.8383478564985378
2025-03-27 13:43:24.520,0.09625,0.58275,2.2655,0.5175071956525295,-0.11002365584975804,-0.13135436462339314,0.8383478564985378
2025-03-27 13:43:24.608,0.09575,0.5802499999999999,2.25625,0.5175071956525295,-0.11002365584975804,-0.13135436462339314,0.8383478564985378
2025-03-27 13:43:24.632,0.093,0.572,2.244,0.5175071956525296,-0.11002365584975793,-0.13135436462339312,0.8383478564985378
2025-03-27 13:43:24.633,0.09933333333333333,0.577,2.228666666666667,0.5175071956525295,-0.11002365584975804,-0.13135436462339317,0.8383478564985379
2025-03-27 13:43:24.664,0.07725,0.581,2.1755,0.5175071956525295,-0.11002365584975804,-0.13135436462339314,0.8383478564985378
2025-03-27 13:43:24.719,0.12475,0.5589999999999999,2.14375,0.5175071956525295,-0.11002365584975804,-0.13135436462339314,0.8383478564985378
2025-03-27 13:43:24.810,0.1525,0.51175,2.1654999999999998,0.5175071956525295,-0.11002365584975804,-0.13135436462339314,0.8383478564985378
2025-03-27 13:43:24.815,0.188,0.46499999999999997,2.143,0.5175071956525296,-0.11002365584975793,-0.13135436462339312,0.8383478564985378
2025-03-27 13:43:24.816,0.1945,0.39649999999999996,2.197,0.5175071956525296,-0.11002365584975793,-0.13135436462339312,0.8383478564985378
2025-03-27 13:43:24.836,0.1545,0.27775,2.309,0.5175071956525295,-0.11002365584975804,-0.13135436462339314,0.8383478564985378
2025-03-27 13:43:24.859,0.178,0.22375,2.289,-0.5093996675414403,0.13394290767986605,0.20396902142453252,-0.8252078007932617
2025-03-27 13:43:24.916,0.14450000000000002,0.212,2.268,0.4981932513461745,-0.1570473296091759,-0.27534285061955194,0.807047665995295
2025-03-27 13:43:24.917,0.1085,0.224,2.189,0.4981932513461745,-0.1570473296091759,-0.27534285061955194,0.807047665995295
2025-03-27 13:43:24.927,0.14200000000000002,0.20500000000000002,2.18175,0.4981932513461745,-0.1570473296091759,-0.27534285061955194,0.807047665995295
2025-03-27 13:43:25.011,0.1895,0.19925,2.16625,0.4981932513461745,-0.1570473296091759,-0.27534285061955194,0.807047665995295
2025-03-27 13:43:25.016,0.1855,0.18175,2.14575,0.4981932513461745,-0.1570473296091759,-0.27534285061955194,0.807047665995295
2025-03-27 13:43:25.060,0.159,0.115,2.186,0.4981932513461745,-0.1570473296091759,-0.27534285061955194,0.807047665995295
2025-03-27 13:43:25.061,0.16133333333333333,0.15,2.1470000000000002,0.49819325134617437,-0.15704732960917578,-0.2753428506195519,0.807047665995295
2025-03-27 13:43:25.115,0.161,0.21425,2.0717499999999998,0.4981932513461745,-0.1570473296091759,-0.27534285061955194,0.807047665995295
2025-03-27 13:43:25.129,0.16275,0.166,2.06975,0.4981932513461745,-0.1570473296091759,-0.27534285061955194,0.807047665995295
2025-03-27 13:43:25.206,0.20125,0.13925,2.05175,-0.4939995991594027,0.16188493730450004,0.29743223965967935,-0.8008069217453696
2025-03-27 13:43:25.217,0.24733333333333332,0.18833333333333332,2.0100000000000002,0.47969841007494746,-0.17587674987466817,-0.3628339249987331,0.7792999083120081
2025-03-27 13:43:25.218,0.204,0.206,1.982,0.47969841007494735,-0.1758767498746684,-0.3628339249987332,0.7792999083120082
2025-03-27 13:43:25.315,0.2475,0.16375,2.01625,0.47969841007494746,-0.17587674987466817,-0.3628339249987332,0.7792999083120082
2025-03-27 13:43:25.318,0.22625,0.1375,1.98575,0.47969841007494746,-0.17587674987466817,-0.3628339249987332,0.7792999083120082
2025-03-27 13:43:25.332,0.293,0.12925,1.98625,0.47969841007494746,-0.17587674987466817,-0.3628339249987332,0.7792999083120082
2025-03-27 13:43:25.404,0.20925,0.08625,1.9615,0.47969841007494746,-0.17587674987466817,-0.3628339249987332,0.7792999083120082
2025-03-27 13:43:25.421,0.2833333333333333,0.07233333333333333,1.9926666666666666,0.47969841007494746,-0.17587674987466817,-0.3628339249987331,0.7792999083120081
2025-03-27 13:43:25.422,0.291,0.021,2.042,0.47969841007494735,-0.1758767498746684,-0.3628339249987332,0.7792999083120082
2025-03-27 13:43:25.465,0.251,-0.0055,2.059,0.47969841007494735,-0.1758767498746684,-0.3628339249987332,0.7792999083120082
2025-03-27 13:43:25.466,0.189,-0.05500000000000001,2.0575,0.47969841007494735,-0.1758767498746684,-0.3628339249987332,0.7792999083120082
2025-03-27 13:43:25.518,0.249,-0.07975,2.104,0.47969841007494746,-0.17587674987466817,-0.3628339249987332,0.7792999083120082
2025-03-27 13:43:25.533,0.279,-0.045,2.13,0.47969841007494735,-0.1758767498746684,-0.3628339249987332,0.7792999083120082
2025-03-27 13:43:25.534,0.212,-0.036,2.1013333333333333,0.47969841007494746,-0.17587674987466817,-0.3628339249987331,0.7792999083120081
2025-03-27 13:43:25.604,0.26325,-0.0185,2.1115,0.47969841007494746,-0.17587674987466817,-0.3628339249987332,0.7792999083120082
2025-03-27 13:43:25.645,0.2755,0.03975,2.09275,0.4692081301521626,-0.17341039636895195,-0.3909234367971361,0.772626320800029
2025-03-27 13:43:25.708,0.22975,0.064,2.0385,0.4692081301521626,-0.17341039636895195,-0.3909234367971361,0.772626320800029
2025-03-27 13:43:25.710,0.30833333333333335,0.1743333333333333,2.019,0.4692081301521625,-0.17341039636895195,-0.39092343679713615,0.7726263208000292
2025-03-27 13:43:25.711,0.272,0.251,1.958,0.4692081301521627,-0.17341039636895195,-0.3909234367971361,0.772626320800029
2025-03-27 13:43:25.737,0.242,0.268,1.927,0.4692081301521627,-0.17341039636895195,-0.3909234367971361,0.772626320800029
2025-03-27 13:43:25.738,0.22566666666666668,0.28933333333333333,1.899,0.4692081301521625,-0.17341039636895195,-0.39092343679713615,0.7726263208000292
2025-03-27 13:43:25.809,0.26625,0.36675,1.8937499999999998,0.4692081301521626,-0.17341039636895195,-0.3909234367971361,0.772626320800029
2025-03-27 13:43:25.847,0.248,0.374,1.879,0.4692081301521627,-0.17341039636895195,-0.3909234367971361,0.772626320800029
2025-03-27 13:43:25.848,0.26066666666666666,0.319,1.9276666666666664,0.4692081301521625,-0.17341039636895195,-0.39092343679713615,0.7726263208000292
2025-03-27 13:43:25.871,0.305,0.322,1.968,0.4692081301521627,-0.17341039636895195,-0.3909234367971361,0.772626320800029
2025-03-27 13:43:25.872,0.305,0.35366666666666663,1.9393333333333331,0.4692081301521625,-0.17341039636895195,-0.39092343679713615,0.7726263208000292
2025-03-27 13:43:25.923,0.26425,0.2905,1.96475,0.4692081301521626,-0.17341039636895195,-0.3909234367971361,0.772626320800029
2025-03-27 13:43:25.939,0.283,0.247,2.007,0.4692081301521627,-0.17341039636895195,-0.3909234367971361,0.772626320800029
2025-03-27 13:43:25.940,0.316,0.312,1.9746666666666668,0.4692081301521625,-0.17341039636895195,-0.39092343679713615,0.7726263208000292
2025-03-27 13:43:26.018,0.2515,0.33499999999999996,1.946,0.4692081301521626,-0.17341039636895195,-0.3909234367971361,0.772626320800029
2025-03-27 13:43:26.050,0.268,0.3235,1.9575,0.49005077409667247,-0.14108886006603505,-0.3739834853295612,0.7746486462088942
2025-03-27 13:43:26.073,0.24325000000000002,0.3585,1.90625,0.49005077409667247,-0.14108886006603505,-0.3739834853295612,0.7746486462088942
2025-03-27 13:43:26.122,0.236,0.337,1.89025,0.49005077409667247,-0.14108886006603505,-0.3739834853295612,0.7746486462088942
2025-03-27 13:43:26.141,0.23299999999999998,0.34725,1.86325,0.49005077409667247,-0.14108886006603505,-0.3739834853295612,0.7746486462088942
2025-03-27 13:43:26.213,0.27925,0.209,1.952,0.49005077409667247,-0.14108886006603505,-0.3739834853295612,0.7746486462088942
2025-03-27 13:43:26.230,0.2665,0.14125000000000001,1.96075,0.49005077409667247,-0.14108886006603505,-0.3739834853295612,0.7746486462088942
2025-03-27 13:43:26.253,0.2465,-0.0385,2.029,0.49005077409667247,-0.14108886006603505,-0.3739834853295612,0.7746486462088942
2025-03-27 13:43:26.254,0.309,-0.07200000000000001,2.058,0.49005077409667247,-0.14108886006603505,-0.3739834853295612,0.7746486462088942
2025-03-27 13:43:26.316,0.2715,-0.066,2.021,0.49005077409667247,-0.14108886006603505,-0.3739834853295612,0.7746486462088942
2025-03-27 13:43:26.344,0.255,-0.06175,1.995,0.49005077409667247,-0.14108886006603505,-0.3739834853295612,0.7746486462088942
2025-03-27 13:43:26.415,0.31025,-0.0165,1.97275,0.49005077409667247,-0.14108886006603505,-0.3739834853295612,0.7746486462088942
2025-03-27 13:43:26.433,0.22525,-0.00425,1.91925,0.45767495262065583,-0.20506566085758549,-0.43860349613416866,0.7457269511420426
2025-03-27 13:43:26.455,0.21525,0.01975,1.898,0.45767495262065583,-0.20506566085758549,-0.43860349613416866,0.7457269511420426
2025-03-27 13:43:26.513,0.306,-0.32025000000000003,2.124,0.45767495262065583,-0.20506566085758549,-0.43860349613416866,0.7457269511420426
2025-03-27 13:43:26.545,0.18433333333333332,0.23866666666666667,1.7826666666666666,0.4576749526206557,-0.2050656608575856,-0.43860349613416877,0.7457269511420427
2025-03-27 13:43:26.546,0.218,0.188,1.796,0.45767495262065566,-0.2050656608575856,-0.4386034961341687,0.7457269511420426
2025-03-27 13:43:26.657,0.28325,-0.012750000000000004,1.95,0.45767495262065583,-0.20506566085758549,-0.43860349613416866,0.7457269511420426
2025-03-27 13:43:26.713,0.25525,0.067,1.8855,0.45767495262065583,-0.20506566085758549,-0.43860349613416866,0.7457269511420426
2025-03-27 13:43:26.718,0.2535,0.05425,1.8849999999999998,0.45767495262065583,-0.20506566085758549,-0.43860349613416866,0.7457269511420426
2025-03-27 13:43:26.726,0.2305,0.057249999999999995,1.883,0.45767495262065583,-0.20506566085758549,-0.43860349613416866,0.7457269511420426
2025-03-27 13:43:26.769,0.259,0.048,1.887,0.45767495262065566,-0.2050656608575856,-0.4386034961341687,0.7457269511420426
2025-03-27 13:43:26.770,0.28,0.051333333333333335,1.8823333333333334,0.4576749526206557,-0.2050656608575856,-0.43860349613416877,0.7457269511420427
2025-03-27 13:43:26.811,0.2735,0.069,1.8769999999999998,0.45767495262065566,-0.2050656608575856,-0.4386034961341687,0.7457269511420426
2025-03-27 13:43:26.812,0.2485,0.045,1.8784999999999998,0.45767495262065566,-0.2050656608575856,-0.4386034961341687,0.7457269511420426
2025-03-27 13:43:26.838,0.26575,0.03875,1.89875,-0.46437634343167533,0.20596517778595247,0.4334084624108236,-0.7443722603048247
2025-03-27 13:43:26.860,0.2985,0.067,1.9249999999999998,0.48427869412056856,-0.20857235817405417,-0.41762474479039646,0.7399738443792099
2025-03-27 13:43:26.861,0.3765,0.10250000000000001,1.962,0.48427869412056856,-0.20857235817405417,-0.41762474479039646,0.7399738443792099
2025-03-27 13:43:26.924,0.472,0.129,2.02,0.48427869412056856,-0.20857235817405417,-0.41762474479039646,0.7399738443792099
2025-03-27 13:43:26.925,0.26899999999999996,0.011000000000000003,2.126333333333333,0.48427869412056834,-0.20857235817405473,-0.4176247447903966,0.7399738443792101
2025-03-27 13:43:26.951,0.15175,0.00875,2.14825,0.48427869412056856,-0.20857235817405417,-0.4176247447903965,0.7399738443792099
2025-03-27 13:43:27.104,0.045,0.0485,2.273,0.48427869412056856,-0.20857235817405417,-0.4176247447903965,0.7399738443792099
2025-03-27 13:43:27.109,0.0385,0.2845,2.238,0.48427869412056856,-0.20857235817405417,-0.4176247447903965,0.7399738443792099
2025-03-27 13:43:27.112,-0.0165,0.547,2.259,0.48427869412056856,-0.20857235817405417,-0.4176247447903965,0.7399738443792099
2025-03-27 13:43:27.129,0.059,0.668,2.353,0.48427869412056856,-0.20857235817405417,-0.41762474479039646,0.7399738443792099
2025-03-27 13:43:27.130,0.09433333333333332,0.7153333333333333,2.4033333333333333,0.48427869412056834,-0.20857235817405473,-0.4176247447903966,0.7399738443792101
2025-03-27 13:43:27.154,0.08775,0.877,2.274,0.48427869412056856,-0.20857235817405417,-0.4176247447903965,0.7399738443792099
2025-03-27 13:43:27.220,0.07,0.96075,2.16825,0.48427869412056856,-0.20857235817405417,-0.4176247447903965,0.7399738443792099
2025-03-27 13:43:27.243,0.09325,0.91925,2.242,0.48427869412056856,-0.20857235817405417,-0.4176247447903965,0.7399738443792099
2025-03-27 13:43:27.269,0.07975,0.896,2.266,-0.5800639766143726,0.058315408698614846,0.09156558992735095,-0.8073046753759637
2025-03-27 13:43:27.323,0.085,0.89825,2.2715,0.5931394168560498,-0.009800486056868674,0.01270062989002349,0.8049399211401501
2025-03-27 13:43:27.428,0.058,0.878,2.31,0.5931394168560498,-0.009800486056868674,0.01270062989002349,0.8049399211401501
2025-03-27 13:43:27.429,0.08933333333333333,0.9,2.265,0.5931394168560497,-0.009800486056868674,0.01270062989002349,0.8049399211401501
2025-03-27 13:43:27.445,0.13874999999999998,0.89325,2.35325,0.5931394168560498,-0.009800486056868674,0.01270062989002349,0.8049399211401501
2025-03-27 13:43:27.471,0.1485,0.873,2.3949999999999996,0.5931394168560498,-0.009800486056868674,0.01270062989002349,0.8049399211401501
2025-03-27 13:43:27.472,0.1365,0.8965000000000001,2.366,0.5931394168560498,-0.009800486056868674,0.01270062989002349,0.8049399211401501
2025-03-27 13:43:27.524,0.11125,0.87775,2.355,0.5931394168560498,-0.009800486056868674,0.01270062989002349,0.8049399211401501
2025-03-27 13:43:27.535,0.13675,0.864,2.3600000000000003,0.5931394168560498,-0.009800486056868674,0.01270062989002349,0.8049399211401501
2025-03-27 13:43:27.558,0.1505,0.86675,2.3810000000000002,0.5931394168560498,-0.009800486056868674,0.01270062989002349,0.8049399211401501
2025-03-27 13:43:27.655,0.136,0.87075,2.341,0.5931394168560498,-0.009800486056868674,0.01270062989002349,0.8049399211401501
2025-03-27 13:43:27.704,0.11,0.857,2.3645,0.5931394168560498,-0.009800486056868674,0.01270062989002349,0.8049399211401501
2025-03-27 13:43:27.705,0.096,0.841,2.3565,0.5931394168560498,-0.009800486056868674,0.01270062989002349,0.8049399211401501
2025-03-27 13:43:27.708,0.10625,0.8405,2.3442499999999997,-0.587237851054846,0.021707476641079748,0.0123694679638492,-0.8090287312627749
2025-03-27 13:43:27.715,0.1255,0.852,2.3395,0.5851641879690367,-0.025671061122406913,-0.020720856503945107,0.8102434917018035
2025-03-27 13:43:27.812,0.12525,0.8372499999999999,2.3432500000000003,0.5851641879690367,-0.025671061122406913,-0.020720856503945107,0.8102434917018035
2025-03-27 13:43:27.828,0.12,0.812,2.3739999999999997,0.5851641879690367,-0.025671061122406913,-0.020720856503945107,0.8102434917018035
2025-03-27 13:43:27.850,0.1245,0.8162499999999999,2.3680000000000003,0.5851641879690367,-0.025671061122406913,-0.020720856503945107,0.8102434917018035
2025-03-27 13:43:27.917,0.125,0.805,2.35425,0.5851641879690367,-0.025671061122406913,-0.020720856503945107,0.8102434917018035
2025-03-27 13:43:27.925,0.13624999999999998,0.7867500000000001,2.40475,0.5851641879690367,-0.025671061122406913,-0.020720856503945107,0.8102434917018035
2025-03-27 13:43:27.962,0.10333333333333333,0.7946666666666667,2.331,0.5851641879690367,-0.025671061122406913,-0.02072085650394511,0.8102434917018037
2025-03-27 13:43:27.963,0.104,0.792,2.331,0.5851641879690366,-0.025671061122406913,-0.02072085650394511,0.8102434917018038
2025-03-27 13:43:28.010,0.12775,0.76125,2.4205,0.5851641879690367,-0.025671061122406913,-0.020720856503945107,0.8102434917018035
2025-03-27 13:43:28.077,0.115,0.7867500000000001,2.35625,-0.5766930741636249,0.0402046807911276,0.036746751867887895,-0.8151431518950221
2025-03-27 13:43:28.124,0.122,0.7845,2.35725,0.5737978460850489,-0.045042970907122615,-0.04208277566100611,0.8166738655012075
2025-03-27 13:43:28.142,0.10175000000000001,0.783,2.302,0.5737978460850489,-0.045042970907122615,-0.04208277566100611,0.8166738655012075
2025-03-27 13:43:28.255,0.10125,0.78075,2.2647500000000003,0.5737978460850489,-0.045042970907122615,-0.04208277566100611,0.8166738655012075
2025-03-27 13:43:28.303,0.0875,0.7895000000000001,2.2085,0.5737978460850489,-0.045042970907122615,-0.04208277566100611,0.8166738655012075
2025-03-27 13:43:28.304,0.0745,0.793,2.114,0.5737978460850489,-0.045042970907122615,-0.04208277566100611,0.8166738655012075
2025-03-27 13:43:28.310,0.0405,0.69825,2.09,0.5737978460850489,-0.045042970907122615,-0.04208277566100611,0.8166738655012075
2025-03-27 13:43:28.323,0.07575,0.57475,2.139,0.5737978460850489,-0.045042970907122615,-0.04208277566100611,0.8166738655012075
2025-03-27 13:43:28.345,0.10825,0.4485,2.268,0.5737978460850489,-0.045042970907122615,-0.04208277566100611,0.8166738655012075
2025-03-27 13:43:28.367,0.07,0.373,2.252,0.5737978460850489,-0.045042970907122615,-0.04208277566100611,0.8166738655012075
2025-03-27 13:43:28.368,0.043000000000000003,0.2966666666666667,2.2776666666666667,0.5737978460850489,-0.04504297090712284,-0.04208277566100612,0.8166738655012077
2025-03-27 13:43:28.416,0.134,0.2595,2.24675,0.5737978460850489,-0.045042970907122615,-0.04208277566100611,0.8166738655012075
2025-03-27 13:43:28.435,0.093,0.2025,2.171,-0.5353893553953807,0.1748351277223884,0.22715028610414795,-0.7944769749756243
2025-03-27 13:43:28.520,0.15325,0.1395,2.20525,0.5167832087033014,-0.2150738207329117,-0.2847782999716539,0.7781900068125536
2025-03-27 13:43:28.528,0.15375,0.14925,2.08925,0.5167832087033014,-0.2150738207329117,-0.2847782999716539,0.7781900068125536
2025-03-27 13:43:28.547,0.176,0.15,2.04,0.5167832087033014,-0.2150738207329117,-0.2847782999716539,0.7781900068125536
2025-03-27 13:43:28.613,0.178,0.04375,2.08275,0.5167832087033014,-0.2150738207329117,-0.2847782999716539,0.7781900068125536
2025-03-27 13:43:28.638,0.15225,-0.0175,2.09,0.5167832087033014,-0.2150738207329117,-0.2847782999716539,0.7781900068125536
2025-03-27 13:43:28.712,0.19774999999999998,0.1235,1.9675,0.5167832087033014,-0.2150738207329117,-0.2847782999716539,0.7781900068125536
2025-03-27 13:43:28.749,0.20425,0.15325,1.95575,0.5167832087033014,-0.2150738207329117,-0.2847782999716539,0.7781900068125536
2025-03-27 13:43:28.805,0.2105,0.0915,1.97925,0.5167832087033014,-0.2150738207329117,-0.2847782999716539,0.7781900068125536
2025-03-27 13:43:28.808,0.22475,0.14300000000000002,1.9337499999999999,0.5167832087033014,-0.2150738207329117,-0.2847782999716539,0.7781900068125536
2025-03-27 13:43:28.840,0.2985,0.12125,1.968,0.5167832087033014,-0.2150738207329117,-0.2847782999716539,0.7781900068125536
2025-03-27 13:43:28.913,0.265,0.064,1.983,0.5167832087033015,-0.2150738207329116,-0.28477829997165394,0.7781900068125537
2025-03-27 13:43:28.914,0.25866666666666666,0.08366666666666667,1.9723333333333333,-0.5089228302907227,0.21018496608649506,0.36389908095655055,-0.7512637963585608
2025-03-27 13:43:28.930,0.212,0.13,1.948,0.503659036201205,-0.20719194472165214,-0.4023931981738158,0.7358524222687461
2025-03-27 13:43:28.931,0.19299999999999998,0.10566666666666667,1.929,0.503659036201205,-0.20719194472165225,-0.4023931981738159,0.7358524222687465
2025-03-27 13:43:28.953,0.275,0.066,1.9485000000000001,0.503659036201205,-0.20719194472165214,-0.4023931981738158,0.7358524222687461
2025-03-27 13:43:28.954,0.322,0.097,1.9645000000000001,0.503659036201205,-0.20719194472165214,-0.4023931981738158,0.7358524222687461
2025-03-27 13:43:29.098,0.22225,0.09025,1.9505,0.503659036201205,-0.20719194472165214,-0.4023931981738158,0.7358524222687461
2025-03-27 13:43:29.104,0.16099999999999998,0.0755,1.9340000000000002,0.503659036201205,-0.20719194472165214,-0.4023931981738158,0.7358524222687461
2025-03-27 13:43:29.105,0.218,0.064,1.948,0.503659036201205,-0.20719194472165214,-0.4023931981738158,0.7358524222687461
2025-03-27 13:43:29.132,0.2415,0.019,2.0,0.503659036201205,-0.20719194472165214,-0.4023931981738158,0.7358524222687461
2025-03-27 13:43:29.133,0.1885,-0.048,2.0205,0.503659036201205,-0.20719194472165214,-0.4023931981738158,0.7358524222687461
2025-03-27 13:43:29.156,0.21875,-0.05925,2.06,0.503659036201205,-0.20719194472165214,-0.4023931981738158,0.7358524222687461
2025-03-27 13:43:29.220,0.2655,-0.028,2.081,0.503659036201205,-0.20719194472165214,-0.4023931981738158,0.7358524222687461
2025-03-27 13:43:29.244,0.233,-0.068,2.095,0.503659036201205,-0.20719194472165214,-0.4023931981738158,0.7358524222687461
2025-03-27 13:43:29.245,0.25866666666666666,-0.052,2.1043333333333334,0.503659036201205,-0.20719194472165225,-0.4023931981738159,0.7358524222687465
2025-03-27 13:43:29.318,0.27075,0.04125,2.06225,0.503659036201205,-0.20719194472165214,-0.4023931981738158,0.7358524222687461
2025-03-27 13:43:29.321,0.2485,-0.025500000000000002,2.0765000000000002,0.503659036201205,-0.20719194472165214,-0.4023931981738158,0.7358524222687461
2025-03-27 13:43:29.322,0.311,0.027999999999999997,2.0860000000000003,0.503659036201205,-0.20719194472165214,-0.4023931981738158,0.7358524222687461
2025-03-27 13:43:29.335,0.32,0.116,2.057,0.5122662745549106,-0.18292938259718916,-0.3755092601761349,0.7504084890632674
2025-03-27 13:43:29.336,0.20833333333333334,0.12966666666666668,1.9956666666666667,0.5122662745549104,-0.1829293825971895,-0.375509260176135,0.7504084890632676
2025-03-27 13:43:29.358,0.235,0.128,2.0005,0.5122662745549106,-0.18292938259718916,-0.3755092601761349,0.7504084890632674
2025-03-27 13:43:29.359,0.3055,0.2095,1.999,0.5122662745549106,-0.18292938259718916,-0.3755092601761349,0.7504084890632674
2025-03-27 13:43:29.425,0.2495,0.29625,1.9297499999999999,0.5122662745549106,-0.18292938259718916,-0.3755092601761349,0.7504084890632674
2025-03-27 13:43:29.506,0.265,0.3355,1.9177499999999998,0.5122662745549106,-0.18292938259718916,-0.3755092601761349,0.7504084890632674
2025-03-27 13:43:29.538,0.327,0.422,1.917,0.5122662745549106,-0.18292938259718916,-0.3755092601761349,0.7504084890632674
2025-03-27 13:43:29.539,0.26733333333333337,0.40700000000000003,1.912,0.5122662745549104,-0.1829293825971895,-0.375509260176135,0.7504084890632676
2025-03-27 13:43:29.614,0.261,0.4065,1.92075,0.5122662745549106,-0.18292938259718916,-0.3755092601761349,0.7504084890632674
2025-03-27 13:43:29.617,0.24975,0.46375,1.899,0.5122662745549106,-0.18292938259718916,-0.3755092601761349,0.7504084890632674
2025-03-27 13:43:29.627,0.2465,0.4115,1.91675,0.5122662745549106,-0.18292938259718916,-0.3755092601761349,0.7504084890632674
2025-03-27 13:43:29.649,0.227,0.396,1.89875,0.5122662745549106,-0.18292938259718916,-0.3755092601761349,0.7504084890632674
2025-03-27 13:43:29.711,0.251,0.3505,1.926,-0.5170942176366409,0.1706160456331245,0.3718369171118561,-0.7518251406623863
2025-03-27 13:43:29.719,0.30125,0.2655,1.96325,0.5218236954787389,-0.15827021990928403,-0.3680937687476945,0.7530986294874652
2025-03-27 13:43:29.764,0.29275,0.18775,1.9915,0.5218236954787389,-0.15827021990928403,-0.3680937687476945,0.7530986294874652
2025-03-27 13:43:29.831,0.355,0.121,2.048,0.5218236954787389,-0.15827021990928403,-0.3680937687476945,0.7530986294874652
2025-03-27 13:43:29.875,0.188,0.187,1.968,0.521823695478739,-0.1582702199092838,-0.36809376874769434,0.7530986294874651
2025-03-27 13:43:29.876,0.18366666666666664,0.04,1.9743333333333333,0.5218236954787391,-0.1582702199092837,-0.36809376874769434,0.753098629487465
2025-03-27 13:43:29.926,0.3035,0.0004999999999999996,2.05675,0.5218236954787389,-0.15827021990928403,-0.3680937687476945,0.7530986294874652
2025-03-27 13:43:29.952,0.28075,-0.042499999999999996,2.0532500000000002,0.5218236954787389,-0.15827021990928403,-0.3680937687476945,0.7530986294874652
2025-03-27 13:43:29.967,0.2925,-0.00575,2.02025,0.5218236954787389,-0.15827021990928403,-0.3680937687476945,0.7530986294874652
2025-03-27 13:43:30.032,0.252,0.011,2.005,0.521823695478739,-0.1582702199092838,-0.36809376874769434,0.7530986294874651
2025-03-27 13:43:30.033,0.31666666666666665,-0.029333333333333333,2.033,0.5218236954787391,-0.1582702199092837,-0.36809376874769434,0.753098629487465
2025-03-27 13:43:30.054,0.378,-1.021,2.713,0.521823695478739,-0.1582702199092838,-0.36809376874769434,0.7530986294874651
2025-03-27 13:43:30.055,0.24333333333333332,0.10633333333333334,1.9480000000000002,0.5218236954787391,-0.1582702199092837,-0.36809376874769434,0.753098629487465
2025-03-27 13:43:30.118,0.19974999999999998,0.12675,1.91375,-0.5088126002115602,0.17961037182991169,0.38889395430071994,-0.7467337842266287
2025-03-27 13:43:30.124,0.28725,0.10450000000000001,1.9715,0.4952429052051098,-0.20075333856520217,-0.4092671927589086,0.739549137535952
2025-03-27 13:43:30.168,0.236,0.112,1.956,0.4952429052051098,-0.20075333856520217,-0.4092671927589086,0.739549137535952
2025-03-27 13:43:30.169,0.24433333333333332,0.07566666666666667,1.9476666666666667,0.4952429052051099,-0.20075333856520217,-0.40926719275890866,0.739549137535952
2025-03-27 13:43:30.223,0.236,0.12566666666666668,1.9506666666666668,0.4952429052051099,-0.20075333856520217,-0.40926719275890866,0.739549137535952
2025-03-27 13:43:30.224,0.197,0.109,1.957,0.4952429052051098,-0.20075333856520217,-0.4092671927589086,0.739549137535952
2025-03-27 13:43:30.313,0.24325000000000002,0.07100000000000001,1.9415,0.4952429052051098,-0.20075333856520217,-0.4092671927589086,0.739549137535952
2025-03-27 13:43:30.325,0.29275,0.1245,1.9705,0.4952429052051098,-0.20075333856520217,-0.4092671927589086,0.739549137535952
2025-03-27 13:43:30.348,0.16433333333333333,0.10766666666666667,1.973,0.4952429052051099,-0.20075333856520217,-0.40926719275890866,0.739549137535952
2025-03-27 13:43:30.349,0.185,0.096,1.976,0.4952429052051098,-0.20075333856520217,-0.4092671927589086,0.739549137535952
2025-03-27 13:43:30.414,0.2165,0.11699999999999999,2.0084999999999997,0.4952429052051098,-0.20075333856520217,-0.4092671927589086,0.739549137535952
2025-03-27 13:43:30.438,0.34775,0.19225,2.0275,0.4952429052051098,-0.20075333856520217,-0.4092671927589086,0.739549137535952
2025-03-27 13:43:30.551,0.14400000000000002,0.0115,2.24025,0.4952429052051098,-0.20075333856520217,-0.4092671927589086,0.739549137535952
2025-03-27 13:43:30.617,0.068,0.12875,2.20275,0.4952429052051098,-0.20075333856520217,-0.4092671927589086,0.739549137535952
2025-03-27 13:43:30.621,-0.014499999999999999,0.36,2.06675,-0.5346301179054906,0.205644362643984,0.2693160544776815,-0.7741769151438741
2025-03-27 13:43:30.662,-0.042249999999999996,0.41175,2.21575,0.5450078748953506,-0.20625054886127436,-0.22181134473152928,0.7818099863425051
2025-03-27 13:43:30.710,-0.0505,0.5095,2.33775,0.5450078748953506,-0.20625054886127436,-0.22181134473152928,0.7818099863425051
2025-03-27 13:43:30.731,0.1005,0.6545000000000001,2.43475,0.5450078748953506,-0.20625054886127436,-0.22181134473152928,0.7818099863425051
2025-03-27 13:43:30.828,0.09075,0.74975,2.39725,0.5450078748953506,-0.20625054886127436,-0.22181134473152928,0.7818099863425051
2025-03-27 13:43:30.831,0.11524999999999999,0.852,2.35975,0.5450078748953506,-0.20625054886127436,-0.22181134473152928,0.7818099863425051
2025-03-27 13:43:30.843,0.13924999999999998,0.85575,2.3625,0.5450078748953506,-0.20625054886127436,-0.22181134473152928,0.7818099863425051
2025-03-27 13:43:30.907,0.13425,0.86875,2.271,0.5450078748953506,-0.20625054886127436,-0.22181134473152928,0.7818099863425051
2025-03-27 13:43:30.932,0.13425,0.86675,2.2817499999999997,0.5450078748953506,-0.20625054886127436,-0.22181134473152928,0.7818099863425051
2025-03-27 13:43:30.954,0.176,0.87,2.268,0.5450078748953507,-0.20625054886127414,-0.2218113447315292,0.7818099863425048
2025-03-27 13:43:30.955,0.16866666666666666,0.896,2.237,0.5450078748953506,-0.20625054886127414,-0.22181134473152922,0.7818099863425049
2025-03-27 13:43:31.015,0.16,0.89925,2.26575,-0.5866055732066164,0.04921375736567146,0.05892042631510541,-0.8062259552580381
2025-03-27 13:43:31.022,0.17275000000000001,0.88075,2.301,0.5933900064567375,0.002440164516313237,-0.005250353979772261,0.8048942661104583
2025-03-27 13:43:31.045,0.17925,0.88325,2.34275,0.5933900064567375,0.002440164516313237,-0.005250353979772261,0.8048942661104583
2025-03-27 13:43:31.109,0.15,0.885,2.349,0.5933900064567375,0.002440164516313237,-0.005250353979772261,0.8048942661104583
2025-03-27 13:43:31.110,0.17033333333333334,0.8783333333333333,2.343666666666667,0.5933900064567373,0.002440164516313348,-0.005250353979772262,0.8048942661104584
2025-03-27 13:43:31.137,0.157,0.86425,2.35625,0.5933900064567375,0.002440164516313237,-0.005250353979772261,0.8048942661104583
2025-03-27 13:43:31.164,0.1615,0.8795,2.3535,0.5933900064567375,0.002440164516313237,-0.005250353979772261,0.8048942661104583
2025-03-27 13:43:31.227,0.132,0.851,2.38375,0.5933900064567375,0.002440164516313237,-0.005250353979772261,0.8048942661104583
2025-03-27 13:43:31.229,0.129,0.8414999999999999,2.3955,0.5933900064567375,0.002440164516313237,-0.005250353979772261,0.8048942661104583
2025-03-27 13:43:31.230,0.134,0.8574999999999999,2.3815,0.5933900064567375,0.002440164516313237,-0.005250353979772261,0.8048942661104583
2025-03-27 13:43:31.246,0.132,0.853,2.35,0.5933900064567375,0.002440164516313237,-0.005250353979772261,0.8048942661104583
2025-03-27 13:43:31.247,0.13566666666666669,0.848,2.3423333333333334,0.5933900064567373,0.002440164516313348,-0.005250353979772262,0.8048942661104584
2025-03-27 13:43:31.360,0.12625,0.84675,2.36275,-0.5929657815802901,0.0030595272152915687,0.010200682228519003,-0.8051572313841359
2025-03-27 13:43:31.414,0.14925,0.85,2.36325,0.5914970511752791,-0.019561225308538877,-0.02505156922182521,0.8056804675520575
2025-03-27 13:43:31.418,0.13725,0.8414999999999999,2.36425,0.5914970511752791,-0.019561225308538877,-0.02505156922182521,0.8056804675520575
2025-03-27 13:43:31.428,0.14375,0.8302499999999999,2.37,0.5914970511752791,-0.019561225308538877,-0.02505156922182521,0.8056804675520575
2025-03-27 13:43:31.449,0.1365,0.8365,2.3592500000000003,0.5914970511752791,-0.019561225308538877,-0.02505156922182521,0.8056804675520575
2025-03-27 13:43:31.508,0.146,0.82275,2.35225,0.5914970511752791,-0.019561225308538877,-0.02505156922182521,0.8056804675520575
2025-03-27 13:43:31.565,0.154,0.82075,2.3609999999999998,0.5914970511752791,-0.019561225308538877,-0.02505156922182521,0.8056804675520575
2025-03-27 13:43:31.585,0.148,0.832,2.34,0.5914970511752791,-0.019561225308538877,-0.02505156922182521,0.8056804675520575
2025-03-27 13:43:31.586,0.136,0.8115,2.3605,0.5914970511752791,-0.019561225308538877,-0.02505156922182521,0.8056804675520575
2025-03-27 13:43:31.629,0.14500000000000002,0.7967500000000001,2.3565,0.5914970511752791,-0.019561225308538877,-0.02505156922182521,0.8056804675520575
2025-03-27 13:43:31.653,0.16975,0.8005,2.3737500000000002,0.5914970511752791,-0.019561225308538877,-0.02505156922182521,0.8056804675520575
2025-03-27 13:43:31.720,0.1565,0.782,2.37975,0.5914970511752791,-0.019561225308538877,-0.02505156922182521,0.8056804675520575
2025-03-27 13:43:31.742,0.17066666666666666,0.791,2.3770000000000002,0.591497051175279,-0.019561225308538988,-0.025051569221825207,0.8056804675520575
2025-03-27 13:43:31.743,0.157,0.781,2.386,0.5914970511752791,-0.019561225308538877,-0.02505156922182521,0.8056804675520575
2025-03-27 13:43:31.819,0.14225,0.7827500000000001,2.33625,0.5853578850943518,-0.03394161690004327,-0.047702272425812084,0.80865852261971
2025-03-27 13:43:31.823,0.14,0.787,2.313,0.5853578850943518,-0.03394161690004338,-0.047702272425812084,0.80865852261971
2025-03-27 13:43:31.824,0.129,0.7803333333333334,2.315,0.5853578850943518,-0.03394161690004338,-0.047702272425812084,0.80865852261971
2025-03-27 13:43:31.945,0.12175,0.77725,2.29125,0.5853578850943518,-0.03394161690004327,-0.047702272425812084,0.80865852261971
2025-03-27 13:43:31.968,0.0985,0.77975,2.18525,0.5853578850943518,-0.03394161690004327,-0.047702272425812084,0.80865852261971
2025-03-27 13:43:32.015,0.010750000000000001,0.6925,2.1505,0.5853578850943518,-0.03394161690004327,-0.047702272425812084,0.80865852261971
2025-03-27 13:43:32.019,0.0675,0.629,2.15725,0.5853578850943518,-0.03394161690004327,-0.047702272425812084,0.80865852261971
2025-03-27 13:43:32.035,0.0315,0.447,2.1835,0.5853578850943518,-0.03394161690004327,-0.047702272425812084,0.80865852261971
2025-03-27 13:43:32.057,0.04325,0.26125,2.3485,0.5853578850943518,-0.03394161690004327,-0.047702272425812084,0.80865852261971
2025-03-27 13:43:32.116,0.10875,0.29125,2.1812500000000004,0.5853578850943518,-0.03394161690004327,-0.047702272425812084,0.80865852261971
2025-03-27 13:43:32.147,0.10575000000000001,0.2405,2.234,-0.5667487288159446,0.12687283620591838,0.15677309271374526,-0.7988249866019119
2025-03-27 13:43:32.219,0.04,0.166,2.206,0.5362516470203997,-0.21714281473562969,-0.26255549477590484,0.7722355736687971
2025-03-27 13:43:32.220,0.07333333333333332,0.18366666666666667,2.1626666666666665,0.5362516470203997,-0.2171428147356298,-0.2625554947759049,0.7722355736687974
2025-03-27 13:43:32.238,0.11674999999999999,0.20074999999999998,2.1422499999999998,0.5362516470203997,-0.21714281473562969,-0.26255549477590484,0.7722355736687971
2025-03-27 13:43:32.260,0.14366666666666666,0.19266666666666668,2.109,0.5362516470203997,-0.2171428147356298,-0.2625554947759049,0.7722355736687974
2025-03-27 13:43:32.261,0.122,0.174,2.119,0.5362516470203997,-0.21714281473562969,-0.26255549477590484,0.7722355736687971
2025-03-27 13:43:32.316,0.14225,0.1695,2.07125,0.5362516470203997,-0.21714281473562969,-0.26255549477590484,0.7722355736687971
2025-03-27 13:43:32.419,0.20575000000000002,0.1955,2.02825,0.5362516470203997,-0.21714281473562969,-0.26255549477590484,0.7722355736687971
2025-03-27 13:43:32.423,0.14825,0.06375,2.06675,0.5362516470203997,-0.21714281473562969,-0.26255549477590484,0.7722355736687971
2025-03-27 13:43:32.439,0.19433333333333333,-0.01,2.1620000000000004,0.5362516470203997,-0.2171428147356298,-0.2625554947759049,0.7722355736687974
2025-03-27 13:43:32.440,0.177,0.18,1.948,0.5362516470203997,-0.21714281473562969,-0.26255549477590484,0.7722355736687971
2025-03-27 13:43:32.512,0.149,0.11649999999999999,1.987,0.5362516470203997,-0.21714281473562969,-0.26255549477590484,0.7722355736687971
2025-03-27 13:43:32.529,0.16633333333333333,0.208,1.929,0.5362516470203997,-0.2171428147356298,-0.2625554947759049,0.7722355736687974
2025-03-27 13:43:32.530,0.117,0.151,1.963,0.5362516470203997,-0.21714281473562969,-0.26255549477590484,0.7722355736687971
2025-03-27 13:43:32.609,0.178,0.0885,2.0100000000000002,0.5362516470203997,-0.21714281473562969,-0.26255549477590484,0.7722355736687971
2025-03-27 13:43:32.619,0.179,0.0805,1.99875,0.5082437896023578,-0.223064830032479,-0.3716347074125506,0.7441894759935831
2025-03-27 13:43:32.720,0.24633333333333332,0.13266666666666665,1.9656666666666667,0.5082437896023582,-0.22306483003247835,-0.37163470741255045,0.7441894759935828
2025-03-27 13:43:32.721,0.215,0.137,1.975,0.5082437896023578,-0.223064830032479,-0.37163470741255056,0.7441894759935831
2025-03-27 13:43:32.722,0.19925,0.11225,1.96325,0.5082437896023578,-0.223064830032479,-0.3716347074125506,0.7441894759935831
2025-03-27 13:43:32.755,0.21575,0.13125,1.96625,0.5082437896023578,-0.223064830032479,-0.3716347074125506,0.7441894759935831
2025-03-27 13:43:32.823,0.2135,0.12375,1.96475,0.5082437896023578,-0.223064830032479,-0.3716347074125506,0.7441894759935831
2025-03-27 13:43:32.827,0.27549999999999997,0.07725,1.95625,0.5082437896023578,-0.223064830032479,-0.3716347074125506,0.7441894759935831
2025-03-27 13:43:32.832,0.22525,0.09725,1.9505,0.5082437896023578,-0.223064830032479,-0.3716347074125506,0.7441894759935831
2025-03-27 13:43:32.917,0.202,0.10825,1.9485,0.5082437896023578,-0.223064830032479,-0.3716347074125506,0.7441894759935831
2025-03-27 13:43:32.920,0.19066666666666668,0.06,1.9556666666666667,0.5082437896023582,-0.22306483003247835,-0.37163470741255045,0.7441894759935828
2025-03-27 13:43:32.921,0.183,0.098,1.928,0.5082437896023578,-0.223064830032479,-0.37163470741255056,0.7441894759935831
2025-03-27 13:43:32.957,0.216,0.057499999999999996,1.95975,-0.504075657863397,0.21837428552603588,0.38532423626408197,-0.7414483363782532
2025-03-27 13:43:33.009,0.23975000000000002,2.168404344971009e-19,2.01775,0.49978942544386573,-0.2136325777639636,-0.3989234868928245,0.7385334816632789
2025-03-27 13:43:33.024,0.253,-0.06925,2.0735,0.49978942544386573,-0.2136325777639636,-0.3989234868928245,0.7385334816632789
2025-03-27 13:43:33.116,0.31275,-0.03525,2.08675,0.49978942544386573,-0.2136325777639636,-0.3989234868928245,0.7385334816632789
2025-03-27 13:43:33.138,0.273,-0.05275,2.09925,0.49978942544386573,-0.2136325777639636,-0.3989234868928245,0.7385334816632789
2025-03-27 13:43:33.215,0.249,-0.043,2.091,0.4997894254438658,-0.2136325777639635,-0.39892348689282453,0.738533481663279
2025-03-27 13:43:33.216,0.2906666666666667,0.044333333333333336,2.057,0.49978942544386545,-0.21363257776396405,-0.3989234868928247,0.7385334816632794
2025-03-27 13:43:33.219,0.222,0.06225,2.03675,0.49978942544386573,-0.2136325777639636,-0.3989234868928245,0.7385334816632789
2025-03-27 13:43:33.250,0.262,0.068,2.0495,0.4997894254438658,-0.2136325777639635,-0.39892348689282453,0.738533481663279
2025-03-27 13:43:33.251,0.2905,0.1755,2.0075,0.4997894254438658,-0.2136325777639635,-0.39892348689282453,0.738533481663279
2025-03-27 13:43:33.339,0.19625,0.23,1.937,0.49978942544386573,-0.2136325777639636,-0.3989234868928245,0.7385334816632789
2025-03-27 13:43:33.362,0.27749999999999997,0.31125,1.953,0.49978942544386573,-0.2136325777639636,-0.3989234868928245,0.7385334816632789
2025-03-27 13:43:33.418,0.2745,0.34225,1.9525000000000001,0.49978942544386573,-0.2136325777639636,-0.3989234868928245,0.7385334816632789
2025-03-27 13:43:33.421,0.2985,0.377,1.9655,-0.5083430663824887,0.1959246935041865,0.38594347124945527,-0.7444786621093044
2025-03-27 13:43:33.430,0.2355,0.40075,1.9355,0.532254794842151,-0.1419766139145484,-0.3455360966384081,0.7597053905223996
2025-03-27 13:43:33.474,0.28500000000000003,0.41200000000000003,1.95525,0.532254794842151,-0.1419766139145484,-0.3455360966384081,0.7597053905223996
2025-03-27 13:43:33.546,0.23249999999999998,0.4375,1.9184999999999999,0.532254794842151,-0.1419766139145484,-0.3455360966384081,0.7597053905223996
2025-03-27 13:43:33.611,0.27233333333333337,0.42966666666666664,1.9366666666666668,0.5322547948421509,-0.14197661391454852,-0.3455360966384081,0.7597053905223995
2025-03-27 13:43:33.612,0.271,0.451,1.92,0.532254794842151,-0.1419766139145484,-0.3455360966384081,0.7597053905223996
2025-03-27 13:43:33.616,0.23825000000000002,0.3645,1.9372500000000001,0.532254794842151,-0.1419766139145484,-0.3455360966384081,0.7597053905223996
2025-03-27 13:43:33.634,0.295,0.309,1.97125,0.532254794842151,-0.1419766139145484,-0.3455360966384081,0.7597053905223996
2025-03-27 13:43:33.744,0.30425,0.1975,2.00325,0.532254794842151,-0.1419766139145484,-0.3455360966384081,0.7597053905223996
2025-03-27 13:43:33.807,0.32475,0.1495,2.02925,0.532254794842151,-0.1419766139145484,-0.3455360966384081,0.7597053905223996
2025-03-27 13:43:33.811,0.28,0.12,2.017,0.532254794842151,-0.1419766139145484,-0.3455360966384081,0.7597053905223996
2025-03-27 13:43:33.817,0.36675,0.02475,2.08275,-0.5256867242707373,0.14947447096198407,0.3590972691293688,-0.7565447784235689
2025-03-27 13:43:33.918,0.363,0.0007500000000000007,2.0885000000000002,0.5050320210048208,-0.1717308884097979,-0.3991953105435533,0.7457172813914157
2025-03-27 13:43:33.921,0.35025,-0.0105,2.07075,0.5050320210048208,-0.1717308884097979,-0.3991953105435533,0.7457172813914157
2025-03-27 13:43:33.927,0.294,0.018,2.03225,0.5050320210048208,-0.1717308884097979,-0.3991953105435533,0.7457172813914157
2025-03-27 13:43:34.025,0.27025,0.060000000000000005,1.98225,0.5050320210048208,-0.1717308884097979,-0.3991953105435533,0.7457172813914157
2025-03-27 13:43:34.043,0.4485,0.073,2.0075000000000003,0.5050320210048208,-0.1717308884097979,-0.3991953105435533,0.7457172813914157
2025-03-27 13:43:34.044,0.3705,-0.134,2.1605,0.5050320210048208,-0.1717308884097979,-0.3991953105435533,0.7457172813914157
2025-03-27 13:43:34.059,0.301,-0.024,2.023,0.5050320210048208,-0.1717308884097979,-0.3991953105435533,0.7457172813914157
2025-03-27 13:43:34.060,0.18933333333333333,0.14666666666666667,1.9336666666666666,0.5050320210048209,-0.17173088840979778,-0.3991953105435533,0.7457172813914157
2025-03-27 13:43:34.122,0.213,0.129,1.942,0.5050320210048208,-0.1717308884097979,-0.3991953105435533,0.7457172813914157
2025-03-27 13:43:34.123,0.268,0.055333333333333325,1.992,0.5050320210048209,-0.17173088840979778,-0.3991953105435533,0.7457172813914157
2025-03-27 13:43:34.150,0.22375,0.14125,1.9765000000000001,0.5050320210048208,-0.1717308884097979,-0.3991953105435533,0.7457172813914157
2025-03-27 13:43:34.177,0.28300000000000003,0.12225,1.9805000000000001,0.5050320210048208,-0.1717308884097979,-0.3991953105435533,0.7457172813914157
2025-03-27 13:43:34.221,0.26175,0.15275,1.9945,-0.5077059367230904,0.18811305003704726,0.3844421910459964,-0.7476980433073515
2025-03-27 13:43:34.242,0.224,0.1195,2.02625,0.5085409771406125,-0.19355178996636102,-0.3794831157416311,0.7482755802755512
2025-03-27 13:43:34.314,0.2665,0.15725,2.03425,0.5085409771406125,-0.19355178996636102,-0.3794831157416311,0.7482755802755512
2025-03-27 13:43:34.318,0.31475,0.27,2.0035,0.5085409771406125,-0.19355178996636102,-0.3794831157416311,0.7482755802755512
2025-03-27 13:43:34.414,0.19874999999999998,0.12275,2.1765,0.5085409771406125,-0.19355178996636102,-0.3794831157416311,0.7482755802755512
2025-03-27 13:43:34.419,0.136,0.05466666666666667,2.263333333333333,0.5085409771406125,-0.1935517899663607,-0.379483115741631,0.748275580275551
2025-03-27 13:43:34.420,0.157,0.099,2.314,0.5085409771406126,-0.19355178996636058,-0.37948311574163107,0.7482755802755511
2025-03-27 13:43:34.442,0.16,0.139,2.303,0.5085409771406126,-0.19355178996636058,-0.37948311574163107,0.7482755802755511
2025-03-27 13:43:34.443,0.09999999999999999,0.264,2.2196666666666665,0.5085409771406125,-0.1935517899663607,-0.379483115741631,0.748275580275551
2025-03-27 13:43:34.517,0.08025,0.33799999999999997,2.2235,0.5085409771406125,-0.19355178996636102,-0.3794831157416311,0.7482755802755512
2025-03-27 13:43:34.521,0.03966666666666666,0.38366666666666666,2.3089999999999997,0.5085409771406125,-0.1935517899663607,-0.379483115741631,0.748275580275551
2025-03-27 13:43:34.522,0.004,0.395,2.421,0.5085409771406126,-0.19355178996636058,-0.37948311574163107,0.7482755802755511
2025-03-27 13:43:34.554,0.08175,0.51875,2.33075,0.5085409771406125,-0.19355178996636102,-0.3794831157416311,0.7482755802755512
2025-03-27 13:43:34.613,0.199,0.6845,2.3175,0.5085409771406126,-0.19355178996636058,-0.37948311574163107,0.7482755802755511
2025-03-27 13:43:34.614,0.1855,0.7335,2.3615000000000004,0.5085409771406126,-0.19355178996636058,-0.37948311574163107,0.7482755802755511
2025-03-27 13:43:34.645,0.13,0.7959999999999999,2.2896666666666667,-0.5470318000220548,0.14185280494897445,0.26765089150687016,-0.7803825931992056
2025-03-27 13:43:34.646,0.146,0.86,2.248,0.5955255852950537,-0.027311631991146723,-0.022091320054354796,0.8025679569950571
2025-03-27 13:43:34.717,0.15433333333333332,0.9116666666666667,2.2743333333333333,0.5955255852950537,-0.027311631991146723,-0.022091320054354796,0.8025679569950571
2025-03-27 13:43:34.718,0.175,0.903,2.285,0.5955255852950537,-0.027311631991146723,-0.022091320054354796,0.8025679569950571
2025-03-27 13:43:34.721,0.1485,0.87175,2.32125,0.5955255852950537,-0.027311631991146723,-0.022091320054354796,0.8025679569950571
2025-03-27 13:43:34.800,0.09875,0.88325,2.268,0.5955255852950537,-0.027311631991146723,-0.022091320054354796,0.8025679569950571
2025-03-27 13:43:34.803,0.15325,0.8905000000000001,2.272,0.5955255852950537,-0.027311631991146723,-0.022091320054354796,0.8025679569950571
2025-03-27 13:43:34.847,0.1605,0.879,2.308,0.5955255852950537,-0.027311631991146723,-0.022091320054354796,0.8025679569950571
2025-03-27 13:43:34.848,0.1595,0.884,2.324,0.5955255852950537,-0.027311631991146723,-0.022091320054354796,0.8025679569950571
2025-03-27 13:43:34.919,0.1535,0.899,2.3034999999999997,0.5955255852950537,-0.027311631991146723,-0.022091320054354796,0.8025679569950571
2025-03-27 13:43:34.920,0.1795,0.92,2.2965,0.5955255852950537,-0.027311631991146723,-0.022091320054354796,0.8025679569950571
2025-03-27 13:43:34.925,0.19175,0.891,2.37275,0.5955255852950537,-0.027311631991146723,-0.022091320054354796,0.8025679569950571
2025-03-27 13:43:35.003,0.161,0.88375,2.356,0.5955255852950537,-0.027311631991146723,-0.022091320054354796,0.8025679569950571
2025-03-27 13:43:35.027,0.16633333333333333,0.8803333333333333,2.357666666666667,0.5955255852950537,-0.027311631991146723,-0.022091320054354796,0.8025679569950571
2025-03-27 13:43:35.028,0.186,0.884,2.386,0.5955255852950537,-0.027311631991146723,-0.022091320054354796,0.8025679569950571
2025-03-27 13:43:35.049,0.188,0.899,2.369,0.5955255852950537,-0.027311631991146723,-0.022091320054354796,0.8025679569950571
2025-03-27 13:43:35.050,0.19899999999999998,0.9066666666666667,2.3160000000000003,0.5955255852950537,-0.027311631991146723,-0.022091320054354796,0.8025679569950571
2025-03-27 13:43:35.109,0.16425,0.88225,2.3625,-0.5993368792514624,0.014022269448335845,0.019242976582066532,-0.8001427303805857
2025-03-27 13:43:35.116,0.135,0.869,2.371,0.6030252324905891,-0.000730030546796212,-0.016390685838342883,0.797553372165663
2025-03-27 13:43:35.117,0.15333333333333332,0.8796666666666667,2.3640000000000003,0.6030252324905893,-0.000730030546796101,-0.016390685838342873,0.7975533721656626
2025-03-27 13:43:35.162,0.1485,0.8805000000000001,2.3675,0.6030252324905891,-0.000730030546796212,-0.016390685838342883,0.797553372165663
2025-03-27 13:43:35.163,0.151,0.88,2.341,0.6030252324905891,-0.000730030546796212,-0.016390685838342883,0.797553372165663
2025-03-27 13:43:35.217,0.159,0.87475,2.36225,0.6030252324905891,-0.000730030546796212,-0.016390685838342883,0.797553372165663
2025-03-27 13:43:35.314,0.141,0.8745,2.3520000000000003,0.6030252324905891,-0.000730030546796212,-0.016390685838342883,0.797553372165663
2025-03-27 13:43:35.315,0.1505,0.8674999999999999,2.3455000000000004,0.6030252324905891,-0.000730030546796212,-0.016390685838342883,0.797553372165663
2025-03-27 13:43:35.327,0.16,0.859,2.358,0.6030252324905891,-0.000730030546796212,-0.016390685838342883,0.797553372165663
2025-03-27 13:43:35.328,0.15533333333333332,0.8566666666666666,2.3493333333333335,0.6030252324905893,-0.000730030546796101,-0.016390685838342873,0.7975533721656626
2025-03-27 13:43:35.344,0.14925,0.8325,2.34875,0.6030252324905891,-0.000730030546796212,-0.016390685838342883,0.797553372165663
2025-03-27 13:43:35.408,0.154,0.827,2.348,0.6030252324905891,-0.000730030546796212,-0.016390685838342883,0.797553372165663
2025-03-27 13:43:35.409,0.15933333333333333,0.827,2.3466666666666667,0.6030252324905893,-0.000730030546796101,-0.016390685838342873,0.7975533721656626
2025-03-27 13:43:35.431,0.17174999999999999,0.8232499999999999,2.3395,0.6030252324905891,-0.000730030546796212,-0.016390685838342883,0.797553372165663
2025-03-27 13:43:35.544,0.17175,0.80625,2.3655,-0.6015092328621737,0.012147627868699495,0.03087665664996467,-0.7981764905037252
2025-03-27 13:43:35.568,0.1675,0.788,2.41425,0.5997869808845953,-0.02356105987335122,-0.04535204012124251,0.798525920979293
2025-03-27 13:43:35.634,0.17075,0.7885,2.36925,0.5997869808845953,-0.02356105987335122,-0.04535204012124251,0.798525920979293
2025-03-27 13:43:35.657,0.158,0.784,2.368,0.5997869808845954,-0.02356105987335111,-0.045352040121242505,0.7985259209792926
2025-03-27 13:43:35.658,0.16033333333333333,0.7846666666666667,2.3816666666666664,0.5997869808845953,-0.02356105987335122,-0.04535204012124251,0.7985259209792929
2025-03-27 13:43:35.720,0.15625,0.771,2.36625,0.5997869808845953,-0.02356105987335122,-0.04535204012124251,0.798525920979293
2025-03-27 13:43:35.724,0.161,0.7755000000000001,2.3495,0.5997869808845953,-0.02356105987335122,-0.04535204012124251,0.798525920979293
2025-03-27 13:43:35.730,0.171,0.7703333333333333,2.3569999999999998,0.5997869808845953,-0.02356105987335122,-0.04535204012124251,0.7985259209792929
2025-03-27 13:43:35.731,0.163,0.753,2.389,0.5997869808845954,-0.02356105987335111,-0.045352040121242505,0.7985259209792926
2025-03-27 13:43:35.817,0.169,0.76,2.38825,0.5997869808845953,-0.02356105987335122,-0.04535204012124251,0.798525920979293
2025-03-27 13:43:35.837,0.166,0.769,2.35325,0.5997869808845953,-0.02356105987335122,-0.04535204012124251,0.798525920979293
2025-03-27 13:43:35.912,0.14049999999999999,0.77275,2.2794999999999996,0.5997869808845953,-0.02356105987335122,-0.04535204012124251,0.798525920979293
2025-03-27 13:43:35.916,0.1135,0.77275,2.195,0.5997869808845953,-0.02356105987335122,-0.04535204012124251,0.798525920979293
2025-03-27 13:43:35.950,0.055,0.70975,2.0975,-0.5934938159566844,0.06801634880720164,0.08024761980441208,-0.7979343245103803
2025-03-27 13:43:36.009,-0.048,0.53825,1.95275,0.5909734395234174,-0.08276468314034946,-0.09180519468685439,0.7971651066316489
2025-03-27 13:43:36.017,0.04175,0.3815,2.178,0.5909734395234174,-0.08276468314034946,-0.09180519468685439,0.7971651066316489
2025-03-27 13:43:36.040,0.056,0.3325,2.0845000000000002,0.5909734395234174,-0.08276468314034946,-0.09180519468685439,0.7971651066316489
2025-03-27 13:43:36.116,0.092,0.14200000000000002,2.2199999999999998,0.5909734395234174,-0.08276468314034946,-0.09180519468685439,0.7971651066316489
2025-03-27 13:43:36.130,0.09925,0.0034999999999999996,2.2695,0.5909734395234174,-0.08276468314034946,-0.09180519468685439,0.7971651066316489
2025-03-27 13:43:36.152,0.14533333333333334,0.076,2.106333333333333,0.5909734395234173,-0.08276468314034946,-0.09180519468685439,0.7971651066316489
2025-03-27 13:43:36.153,0.167,0.088,2.083,0.5909734395234173,-0.08276468314034946,-0.09180519468685439,0.7971651066316489
2025-03-27 13:43:36.207,0.11375,0.0305,2.14475,0.5909734395234174,-0.08276468314034946,-0.09180519468685439,0.7971651066316489
2025-03-27 13:43:36.221,0.1265,0.0945,2.012,-0.5542905001141695,0.17177731962179732,0.2243460973856505,-0.7828942601236533
2025-03-27 13:43:36.267,0.129,0.136,1.964,0.5026197476510145,-0.25614516000289367,-0.35082076339755236,0.7474542382296597
2025-03-27 13:43:36.268,0.11699999999999999,0.15366666666666665,1.912,0.5026197476510144,-0.2561451600028938,-0.3508207633975524,0.74745423822966
2025-03-27 13:43:36.326,0.09475,0.020499999999999997,2.0375,0.5026197476510145,-0.25614516000289367,-0.3508207633975525,0.74745423822966
2025-03-27 13:43:36.336,0.18325,0.035,2.02175,0.5026197476510145,-0.25614516000289367,-0.3508207633975525,0.74745423822966
2025-03-27 13:43:36.406,0.125,0.049,1.988,0.5026197476510145,-0.25614516000289367,-0.35082076339755236,0.7474542382296597
2025-03-27 13:43:36.407,0.15466666666666665,0.10066666666666668,1.9686666666666668,0.5026197476510144,-0.2561451600028938,-0.3508207633975524,0.74745423822966
2025-03-27 13:43:36.444,0.1685,0.175,1.9415,0.5026197476510145,-0.25614516000289367,-0.35082076339755236,0.7474542382296597
2025-03-27 13:43:36.445,0.1785,0.14200000000000002,1.9535,0.5026197476510145,-0.25614516000289367,-0.35082076339755236,0.7474542382296597
2025-03-27 13:43:36.467,0.16466666666666666,0.08600000000000001,1.993,0.5026197476510144,-0.2561451600028938,-0.3508207633975524,0.74745423822966
2025-03-27 13:43:36.468,0.194,0.117,1.975,0.5026197476510145,-0.25614516000289367,-0.35082076339755236,0.7474542382296597
2025-03-27 13:43:36.526,0.185,0.155,1.95725,0.5026197476510145,-0.25614516000289367,-0.3508207633975525,0.74745423822966
2025-03-27 13:43:36.535,0.26825,0.12675,1.95575,0.5026197476510145,-0.25614516000289367,-0.3508207633975525,0.74745423822966
2025-03-27 13:43:36.617,0.25033333333333335,0.08866666666666667,1.9816666666666667,0.5026197476510144,-0.2561451600028938,-0.3508207633975524,0.74745423822966
2025-03-27 13:43:36.618,0.226,0.083,1.976,0.5026197476510145,-0.25614516000289367,-0.35082076339755236,0.7474542382296597
2025-03-27 13:43:36.625,0.1865,0.0765,1.959,-0.5032689972094234,0.23394888386605472,0.36884141005975246,-0.7456166913440055
2025-03-27 13:43:36.729,0.215,0.1335,1.956,0.5035049539714312,-0.21156048504936908,-0.3865591580760251,0.7431668317406646
2025-03-27 13:43:36.730,0.2265,0.151,1.971,0.5035049539714312,-0.21156048504936908,-0.3865591580760251,0.7431668317406646
2025-03-27 13:43:36.732,0.25125,0.06775,1.999,0.5035049539714314,-0.2115604850493692,-0.3865591580760251,0.7431668317406647
2025-03-27 13:43:36.758,0.24075000000000002,0.04425,2.03925,0.5035049539714314,-0.2115604850493692,-0.3865591580760251,0.7431668317406647
2025-03-27 13:43:36.813,0.18925,-0.07725,2.09525,0.5035049539714314,-0.2115604850493692,-0.3865591580760251,0.7431668317406647
2025-03-27 13:43:36.814,0.31825,-0.0325,2.13575,0.5035049539714314,-0.2115604850493692,-0.3865591580760251,0.7431668317406647
2025-03-27 13:43:36.850,0.22725,-0.07425,2.11925,0.5035049539714314,-0.2115604850493692,-0.3865591580760251,0.7431668317406647
2025-03-27 13:43:36.909,0.26425,0.031,2.107,0.5035049539714314,-0.2115604850493692,-0.3865591580760251,0.7431668317406647
2025-03-27 13:43:36.939,0.27125,0.01575,2.11425,0.5035049539714314,-0.2115604850493692,-0.3865591580760251,0.7431668317406647
2025-03-27 13:43:37.014,0.29375,0.13725,2.08625,0.5035049539714314,-0.2115604850493692,-0.3865591580760251,0.7431668317406647
2025-03-27 13:43:37.052,0.25275,0.2205,2.00375,0.5035049539714314,-0.2115604850493692,-0.3865591580760251,0.7431668317406647
2025-03-27 13:43:37.107,0.319,0.329,1.974,0.5035049539714312,-0.21156048504936908,-0.3865591580760251,0.7431668317406646
2025-03-27 13:43:37.108,0.26433333333333336,0.36366666666666664,1.9583333333333333,-0.5107657466435593,0.18898317954386434,0.3707599300100392,-0.7522903589732423
2025-03-27 13:43:37.120,0.23399999999999999,0.404,1.92125,0.5239313680289029,-0.14325857696151956,-0.3381202434254093,0.7685360126293784
2025-03-27 13:43:37.143,0.3,0.47825,1.92725,0.5239313680289029,-0.14325857696151956,-0.3381202434254093,0.7685360126293784
2025-03-27 13:43:37.226,0.2415,0.48050000000000004,1.9245,0.5239313680289029,-0.14325857696151956,-0.3381202434254093,0.7685360126293784
2025-03-27 13:43:37.234,0.25175000000000003,0.52375,1.906,0.5239313680289029,-0.14325857696151956,-0.3381202434254093,0.7685360126293784
2025-03-27 13:43:37.254,0.231,0.467,1.935,0.5239313680289029,-0.14325857696151978,-0.3381202434254095,0.7685360126293785
2025-03-27 13:43:37.255,0.23766666666666666,0.47433333333333333,1.9256666666666666,0.5239313680289027,-0.14325857696152,-0.3381202434254096,0.7685360126293788
2025-03-27 13:43:37.322,0.26825,0.476,1.917,0.5239313680289029,-0.14325857696151956,-0.3381202434254093,0.7685360126293784
2025-03-27 13:43:37.344,0.25325,0.38075,1.96075,0.5239313680289029,-0.14325857696151956,-0.3381202434254093,0.7685360126293784
2025-03-27 13:43:37.414,0.29725,0.326,1.9775,0.5239313680289029,-0.14325857696151956,-0.3381202434254093,0.7685360126293784
2025-03-27 13:43:37.435,0.26975,0.19125,2.0135,-0.5212390104435011,0.1485648251267382,0.3450548915819607,-0.7662737817009682
2025-03-27 13:43:37.512,0.28225,0.13624999999999998,2.02725,0.5128817332309819,-0.1644101724542718,-0.3656826256668435,0.7590769659243677
2025-03-27 13:43:37.516,0.27033333333333337,0.06433333333333334,2.0396666666666667,0.5128817332309816,-0.16441017245427192,-0.3656826256668436,0.7590769659243678
2025-03-27 13:43:37.517,0.302,-0.026,2.092,0.5128817332309819,-0.1644101724542718,-0.3656826256668435,0.7590769659243677
2025-03-27 13:43:37.547,0.34199999999999997,-0.026,2.109,0.5128817332309819,-0.1644101724542718,-0.3656826256668435,0.7590769659243677
2025-03-27 13:43:37.548,0.3125,-0.005,2.101,0.5128817332309819,-0.1644101724542718,-0.3656826256668435,0.7590769659243677
2025-03-27 13:43:37.611,0.229,-0.052250000000000005,2.09025,0.5128817332309819,-0.1644101724542718,-0.3656826256668435,0.7590769659243677
2025-03-27 13:43:37.659,0.2985,-0.02675,2.08675,0.5128817332309819,-0.1644101724542718,-0.3656826256668435,0.7590769659243677
2025-03-27 13:43:37.721,0.20475,-0.013749999999999998,2.0525,0.5128817332309819,-0.1644101724542718,-0.3656826256668435,0.7590769659243677
2025-03-27 13:43:37.724,0.2985,-0.16825,2.18425,0.5128817332309819,-0.1644101724542718,-0.3656826256668435,0.7590769659243677
2025-03-27 13:43:37.749,0.18,0.311,1.882,0.5128817332309819,-0.1644101724542718,-0.3656826256668435,0.7590769659243677
2025-03-27 13:43:37.750,0.14533333333333334,0.2336666666666667,1.8793333333333333,0.5128817332309816,-0.16441017245427192,-0.3656826256668436,0.7590769659243678
2025-03-27 13:43:37.820,0.263,0.08025,2.02075,0.5128817332309819,-0.1644101724542718,-0.3656826256668435,0.7590769659243677
2025-03-27 13:43:37.840,0.213,0.11125,1.96325,0.5128817332309819,-0.1644101724542718,-0.3656826256668435,0.7590769659243677
2025-03-27 13:43:37.861,0.2645,0.0635,1.959,0.5128817332309819,-0.1644101724542718,-0.3656826256668435,0.7590769659243677
2025-03-27 13:43:37.862,0.22,0.14950000000000002,1.9615,-0.5063070977625311,0.18313169229283277,0.37537638254909483,-0.754459062810966
2025-03-27 13:43:37.909,0.191,0.137,1.9705,0.49947474434202366,-0.20175999533687705,-0.3848790671888501,0.749457128651115
2025-03-27 13:43:37.910,0.21450000000000002,0.108,1.9785,0.49947474434202366,-0.20175999533687705,-0.3848790671888501,0.749457128651115
2025-03-27 13:43:37.953,0.26025,0.11475,2.0025,0.4994747443420238,-0.20175999533687705,-0.3848790671888503,0.7494571286511149
2025-03-27 13:43:37.975,0.26175000000000004,0.13025,2.0004999999999997,0.4994747443420238,-0.20175999533687705,-0.3848790671888503,0.7494571286511149
2025-03-27 13:43:38.025,0.2966666666666667,0.14133333333333334,2.0093333333333336,0.4994747443420236,-0.20175999533687727,-0.38487906718885023,0.749457128651115
2025-03-27 13:43:38.026,0.318,0.178,2.023,0.49947474434202366,-0.20175999533687705,-0.3848790671888501,0.749457128651115
2025-03-27 13:43:38.111,0.29525,0.19725,2.0277499999999997,0.4994747443420238,-0.20175999533687705,-0.3848790671888503,0.7494571286511149
2025-03-27 13:43:38.131,0.26625,0.1395,2.1345,0.4994747443420238,-0.20175999533687705,-0.3848790671888503,0.7494571286511149
2025-03-27 13:43:38.154,0.157,0.029249999999999998,2.27825,0.4994747443420238,-0.20175999533687705,-0.3848790671888503,0.7494571286511149
2025-03-27 13:43:38.220,0.0635,0.22275,2.17725,0.4994747443420238,-0.20175999533687705,-0.3848790671888503,0.7494571286511149
2025-03-27 13:43:38.227,0.016666666666666666,0.37000000000000005,2.1199999999999997,0.4994747443420236,-0.20175999533687727,-0.38487906718885023,0.749457128651115
2025-03-27 13:43:38.228,0.078,0.414,2.216,0.49947474434202366,-0.20175999533687705,-0.3848790671888501,0.749457128651115
2025-03-27 13:43:38.266,0.053,0.4495,2.2495000000000003,0.49947474434202366,-0.20175999533687705,-0.3848790671888501,0.749457128651115
2025-03-27 13:43:38.267,-0.017,0.425,2.2755,0.49947474434202366,-0.20175999533687705,-0.3848790671888501,0.749457128651115
2025-03-27 13:43:38.315,0.006,0.495,2.26,0.49947474434202366,-0.20175999533687705,-0.3848790671888501,0.749457128651115
2025-03-27 13:43:38.316,-0.0155,0.581,2.3045,0.49947474434202366,-0.20175999533687705,-0.3848790671888501,0.749457128651115
2025-03-27 13:43:38.356,0.0395,0.61725,2.2895,0.5832839690851994,-0.10446608385879086,-0.06894401513713438,0.8025667395975206
2025-03-27 13:43:38.435,0.097,0.79675,2.365,0.5832839690851994,-0.10446608385879086,-0.06894401513713438,0.8025667395975206
2025-03-27 13:43:38.503,0.1515,0.9272499999999999,2.3475,0.5832839690851994,-0.10446608385879086,-0.06894401513713438,0.8025667395975206
2025-03-27 13:43:38.509,0.1055,0.9335,2.4305000000000003,0.5832839690851994,-0.10446608385879086,-0.06894401513713438,0.8025667395975206
2025-03-27 13:43:38.536,0.10350000000000001,0.973,2.2925,0.5832839690851994,-0.10446608385879086,-0.06894401513713438,0.8025667395975206
2025-03-27 13:43:38.537,0.1335,0.9795,2.2664999999999997,0.5832839690851994,-0.10446608385879086,-0.06894401513713438,0.8025667395975206
2025-03-27 13:43:38.560,0.12575,0.9425,2.3075,0.5832839690851994,-0.10446608385879086,-0.06894401513713438,0.8025667395975206
2025-03-27 13:43:38.620,0.13825,0.9435,2.28125,0.5832839690851994,-0.10446608385879086,-0.06894401513713438,0.8025667395975206
2025-03-27 13:43:38.649,0.12625,0.955,2.2935,0.5832839690851994,-0.10446608385879086,-0.06894401513713438,0.8025667395975206
2025-03-27 13:43:38.713,0.16225,0.92925,2.332,0.5832839690851994,-0.10446608385879086,-0.06894401513713438,0.8025667395975206
2025-03-27 13:43:38.719,0.14233333333333334,0.9363333333333334,2.3563333333333336,-0.5946450215500326,0.06568191999551787,0.040589493403251714,-0.8002722516473572
2025-03-27 13:43:38.720,0.138,0.941,2.345,0.6130619642579207,0.012660453587865717,0.01663059582671477,0.7897582947824088
2025-03-27 13:43:38.739,0.16375,0.945,2.3365,0.6130619642579207,0.012660453587865717,0.01663059582671477,0.7897582947824087
2025-03-27 13:43:38.819,0.13133333333333333,0.9289999999999999,2.3693333333333335,0.6130619642579206,0.012660453587865939,0.016630595826714775,0.7897582947824088
2025-03-27 13:43:38.820,0.133,0.934,2.346,0.6130619642579207,0.012660453587865717,0.01663059582671477,0.7897582947824088
2025-03-27 13:43:38.830,0.16749999999999998,0.94825,2.34725,0.6130619642579207,0.012660453587865717,0.01663059582671477,0.7897582947824087
2025-03-27 13:43:38.910,0.162,0.962,2.336,0.6130619642579207,0.012660453587865717,0.01663059582671477,0.7897582947824088
2025-03-27 13:43:38.911,0.15,0.9359999999999999,2.3906666666666667,0.6130619642579206,0.012660453587865939,0.016630595826714775,0.7897582947824088
2025-03-27 13:43:38.919,0.1535,0.91925,2.3979999999999997,0.6130619642579207,0.012660453587865717,0.01663059582671477,0.7897582947824087
2025-03-27 13:43:38.964,0.1585,0.93775,2.3455000000000004,0.6130619642579207,0.012660453587865717,0.01663059582671477,0.7897582947824087
2025-03-27 13:43:39.016,0.136,0.92425,2.3635,0.6130619642579207,0.012660453587865717,0.01663059582671477,0.7897582947824087
2025-03-27 13:43:39.031,0.14333333333333334,0.93,2.341666666666667,0.6130619642579206,0.012660453587865939,0.016630595826714775,0.7897582947824088
2025-03-27 13:43:39.032,0.156,0.932,2.361,0.6130619642579207,0.012660453587865717,0.01663059582671477,0.7897582947824088
2025-03-27 13:43:39.106,0.1605,0.9265000000000001,2.37025,0.6130619642579207,0.012660453587865717,0.01663059582671477,0.7897582947824087
2025-03-27 13:43:39.207,0.1375,0.9359999999999999,2.342,0.6112752140425857,0.006710386568656523,0.00925053290016019,0.7913355868721899
2025-03-27 13:43:39.213,0.138,0.90825,2.3834999999999997,0.6112752140425857,0.006710386568656523,0.00925053290016019,0.7913355868721899
2025-03-27 13:43:39.217,0.17375000000000002,0.93575,2.3565,0.6112752140425857,0.006710386568656523,0.00925053290016019,0.7913355868721899
2025-03-27 13:43:39.235,0.14125,0.918,2.364,0.6112752140425857,0.006710386568656523,0.00925053290016019,0.7913355868721899
2025-03-27 13:43:39.315,0.15475,0.91425,2.36625,0.6112752140425857,0.006710386568656523,0.00925053290016019,0.7913355868721899
2025-03-27 13:43:39.325,0.14825,0.9167500000000001,2.3657500000000002,0.6112752140425857,0.006710386568656523,0.00925053290016019,0.7913355868721899
2025-03-27 13:43:39.413,0.134,0.9016666666666667,2.373666666666667,0.6112752140425857,0.006710386568656523,0.00925053290016019,0.7913355868721899
2025-03-27 13:43:39.414,0.141,0.896,2.391,0.6112752140425857,0.006710386568656523,0.00925053290016019,0.7913355868721899
2025-03-27 13:43:39.417,0.14675,0.89375,2.3890000000000002,0.6112752140425857,0.006710386568656523,0.00925053290016019,0.7913355868721899
2025-03-27 13:43:39.459,0.1405,0.89275,2.344,0.6112752140425857,0.006710386568656523,0.00925053290016019,0.7913355868721899
2025-03-27 13:43:39.511,0.1285,0.89225,2.3525,0.6112752140425857,0.006710386568656523,0.00925053290016019,0.7913355868721899
2025-03-27 13:43:39.526,0.14066666666666666,0.8896666666666667,2.339,0.6092470576891438,-0.013030578709972485,-0.005370238501347134,0.7928552120368779
2025-03-27 13:43:39.527,0.137,0.87,2.369,0.6092470576891439,-0.013030578709972485,-0.005370238501347134,0.7928552120368779
2025-03-27 13:43:39.550,0.1285,0.867,2.367,0.6092470576891439,-0.013030578709972485,-0.005370238501347134,0.7928552120368779
2025-03-27 13:43:39.616,0.122,0.868,2.3465,0.6092470576891439,-0.013030578709972485,-0.005370238501347134,0.7928552120368779
2025-03-27 13:43:39.617,0.12,0.866,2.342,0.6092470576891439,-0.013030578709972485,-0.005370238501347134,0.7928552120368779
2025-03-27 13:43:39.640,0.133,0.86125,2.3725,0.6092470576891439,-0.013030578709972485,-0.005370238501347134,0.7928552120368779
2025-03-27 13:43:39.718,0.136,0.8454999999999999,2.38825,0.6092470576891439,-0.013030578709972485,-0.005370238501347134,0.7928552120368779
2025-03-27 13:43:39.720,0.1185,0.8394999999999999,2.3447500000000003,0.6092470576891439,-0.013030578709972485,-0.005370238501347134,0.7928552120368779
2025-03-27 13:43:39.752,0.10233333333333333,0.8496666666666667,2.2756666666666665,0.6092470576891438,-0.013030578709972485,-0.005370238501347134,0.7928552120368779
2025-03-27 13:43:39.753,0.087,0.852,2.208,0.6092470576891439,-0.013030578709972485,-0.005370238501347134,0.7928552120368779
2025-03-27 13:43:39.814,0.087,0.827,2.207,0.6092470576891439,-0.013030578709972485,-0.005370238501347134,0.7928552120368779
2025-03-27 13:43:39.815,0.083,0.7955000000000001,2.1944999999999997,0.6092470576891439,-0.013030578709972485,-0.005370238501347134,0.7928552120368779
2025-03-27 13:43:39.864,0.058499999999999996,0.739,2.1559999999999997,0.6092470576891439,-0.013030578709972485,-0.005370238501347134,0.7928552120368779
2025-03-27 13:43:39.916,0.12675,0.5805,2.27625,0.6092470576891439,-0.013030578709972485,-0.005370238501347134,0.7928552120368779
2025-03-27 13:43:40.007,0.16025,0.5405,2.2785,-0.6029543202648447,0.047790804739090365,0.045176792257771485,-0.7950604908418273
2025-03-27 13:43:40.012,0.057999999999999996,0.4655,2.067,0.5733259421811584,-0.15247689936222109,-0.16522747630764176,0.78787565024944
2025-03-27 13:43:40.045,0.097,0.27125,2.11225,0.5733259421811584,-0.15247689936222109,-0.16522747630764176,0.78787565024944
2025-03-27 13:43:40.066,0.076,0.12,2.293,0.5733259421811584,-0.15247689936222109,-0.16522747630764176,0.78787565024944
2025-03-27 13:43:40.067,0.07733333333333332,0.08966666666666667,2.235,0.5733259421811584,-0.15247689936222097,-0.16522747630764179,0.7878756502494401
2025-03-27 13:43:40.117,0.151,0.15125,2.043,0.5733259421811584,-0.15247689936222109,-0.16522747630764176,0.78787565024944
2025-03-27 13:43:40.134,0.14925,0.05375,2.05075,0.5733259421811584,-0.15247689936222109,-0.16522747630764176,0.78787565024944
2025-03-27 13:43:40.157,0.17675000000000002,-0.19125,2.26825,0.5733259421811584,-0.15247689936222109,-0.16522747630764176,0.78787565024944
2025-03-27 13:43:40.221,0.26,0.0775,1.9987499999999998,0.5733259421811584,-0.15247689936222109,-0.16522747630764176,0.78787565024944
2025-03-27 13:43:40.247,0.15925,0.10400000000000001,1.95075,0.5733259421811584,-0.15247689936222109,-0.16522747630764176,0.78787565024944
2025-03-27 13:43:40.308,0.21675,0.07575,1.95025,0.5733259421811584,-0.15247689936222109,-0.16522747630764176,0.78787565024944
2025-03-27 13:43:40.316,0.17775,0.10275000000000001,1.9212500000000001,-0.5383212110608969,0.21141644463395515,0.3351258592894877,-0.7437768610919202
2025-03-27 13:43:40.358,0.33999999999999997,0.10550000000000001,1.9505,0.522682757904117,-0.22911874298911894,-0.38827176245349443,0.7235691913577369
2025-03-27 13:43:40.359,0.2985,0.1775,1.9335,0.522682757904117,-0.22911874298911894,-0.38827176245349443,0.7235691913577369
2025-03-27 13:43:40.424,0.2505,0.08549999999999999,1.92675,0.522682757904117,-0.22911874298911894,-0.38827176245349443,0.7235691913577369
2025-03-27 13:43:40.449,0.2295,0.063,1.9155,0.522682757904117,-0.22911874298911894,-0.38827176245349443,0.7235691913577369
2025-03-27 13:43:40.516,0.256,0.07025,1.93475,0.522682757904117,-0.22911874298911894,-0.38827176245349443,0.7235691913577369
2025-03-27 13:43:40.562,0.24575,0.005749999999999998,1.9537499999999999,0.522682757904117,-0.22911874298911894,-0.38827176245349443,0.7235691913577369
2025-03-27 13:43:40.607,0.30925,-0.13574999999999998,2.0707500000000003,0.522682757904117,-0.22911874298911894,-0.38827176245349443,0.7235691913577369
2025-03-27 13:43:40.610,0.2785,-0.178,2.1005000000000003,0.522682757904117,-0.22911874298911894,-0.38827176245349443,0.7235691913577369
2025-03-27 13:43:40.651,0.30925,-0.08925,2.0765000000000002,0.522682757904117,-0.22911874298911894,-0.38827176245349443,0.7235691913577369
2025-03-27 13:43:40.719,0.28075,-0.01875,2.03475,0.522682757904117,-0.22911874298911894,-0.38827176245349443,0.7235691913577369
2025-03-27 13:43:40.764,0.308,0.013,2.029,0.522682757904117,-0.22911874298911894,-0.38827176245349443,0.7235691913577369
2025-03-27 13:43:40.765,0.3136666666666667,0.08333333333333333,2.021333333333333,0.5173613955026705,-0.18803141047766847,-0.3888735983631598,0.7387548305178084
2025-03-27 13:43:40.812,0.269,0.17600000000000002,1.9506666666666668,0.5173613955026705,-0.18803141047766847,-0.3888735983631598,0.7387548305178084
2025-03-27 13:43:40.813,0.249,0.228,1.924,0.5173613955026705,-0.18803141047766814,-0.3888735983631598,0.7387548305178085
2025-03-27 13:43:40.816,0.25475000000000003,0.30225,1.90025,0.5173613955026705,-0.18803141047766814,-0.3888735983631598,0.7387548305178085
2025-03-27 13:43:40.854,0.266,0.3675,1.8904999999999998,0.5173613955026705,-0.18803141047766814,-0.3888735983631598,0.7387548305178085
2025-03-27 13:43:40.855,0.2465,0.4205,1.8695,0.5173613955026705,-0.18803141047766814,-0.3888735983631598,0.7387548305178085
2025-03-27 13:43:40.914,0.191,0.441,1.85,0.5173613955026705,-0.18803141047766814,-0.3888735983631598,0.7387548305178085
2025-03-27 13:43:40.915,0.237,0.404,1.8719999999999999,0.5173613955026705,-0.18803141047766814,-0.3888735983631598,0.7387548305178085
2025-03-27 13:43:40.943,0.28525,0.388,1.9545,0.5173613955026705,-0.18803141047766814,-0.3888735983631598,0.7387548305178085
2025-03-27 13:43:40.969,0.23349999999999999,0.348,1.954,0.5173613955026705,-0.18803141047766814,-0.3888735983631598,0.7387548305178085
2025-03-27 13:43:41.011,0.26925,0.39225,1.95175,0.5173613955026705,-0.18803141047766814,-0.3888735983631598,0.7387548305178085
2025-03-27 13:43:41.033,0.24425,0.33925,1.9525000000000001,0.5173613955026705,-0.18803141047766814,-0.3888735983631598,0.7387548305178085
2025-03-27 13:43:41.096,0.269,0.34425,1.9355,0.5173613955026705,-0.18803141047766814,-0.3888735983631598,0.7387548305178085
2025-03-27 13:43:41.124,0.25775000000000003,0.267,1.949,-0.5236586474192874,0.18213505598969992,0.37451603503911945,-0.7431999608861727
2025-03-27 13:43:41.216,0.246,0.23675,1.945,0.5257225096591507,-0.18015771374376222,-0.36970582955277026,0.7446318826178493
2025-03-27 13:43:41.221,0.2435,0.14075,1.964,0.5257225096591507,-0.18015771374376222,-0.36970582955277026,0.7446318826178493
2025-03-27 13:43:41.236,0.27425,0.0825,1.9955,0.5257225096591507,-0.18015771374376222,-0.36970582955277026,0.7446318826178493
2025-03-27 13:43:41.326,0.261,0.00025,2.01075,0.5257225096591507,-0.18015771374376222,-0.36970582955277026,0.7446318826178493
2025-03-27 13:43:41.356,0.289,0.018,1.998,0.5257225096591503,-0.18015771374376277,-0.3697058295527704,0.7446318826178496
2025-03-27 13:43:41.357,0.2876666666666667,0.006333333333333333,1.983666666666667,0.5257225096591503,-0.18015771374376266,-0.36970582955277037,0.7446318826178495
2025-03-27 13:43:41.415,0.30325,-0.068,2.0305,0.5257225096591507,-0.18015771374376222,-0.36970582955277026,0.7446318826178493
2025-03-27 13:43:41.420,0.29575,-0.0115,1.98875,0.5257225096591507,-0.18015771374376222,-0.36970582955277026,0.7446318826178493
2025-03-27 13:43:41.438,0.3935,-0.2955,2.171,0.5257225096591507,-0.18015771374376222,-0.36970582955277026,0.7446318826178493
2025-03-27 13:43:41.512,0.19575,0.188,1.87025,0.5257225096591507,-0.18015771374376222,-0.36970582955277026,0.7446318826178493
2025-03-27 13:43:41.604,0.21925,0.06025000000000001,1.9285,-0.5149028643491353,0.20542260256724754,0.3974039221156056,-0.7312637809482215
2025-03-27 13:43:41.619,0.2495,0.1075,1.92925,0.5111045820382446,-0.2137602809945114,-0.40647955000247504,0.7265349433567833
2025-03-27 13:43:41.641,0.2535,0.07450000000000001,1.9475,0.5111045820382446,-0.2137602809945114,-0.40647955000247504,0.7265349433567833
2025-03-27 13:43:41.642,0.307,0.07400000000000001,1.949,0.5111045820382446,-0.2137602809945114,-0.40647955000247504,0.7265349433567833
2025-03-27 13:43:41.664,0.255,0.123,1.953,0.5111045820382446,-0.2137602809945114,-0.40647955000247504,0.7265349433567833
2025-03-27 13:43:41.706,0.21875,0.09025,1.95625,0.5111045820382446,-0.2137602809945114,-0.40647955000247504,0.7265349433567833
2025-03-27 13:43:41.753,0.274,0.105,1.9820000000000002,0.5111045820382446,-0.2137602809945114,-0.40647955000247504,0.7265349433567833
2025-03-27 13:43:41.754,0.287,0.129,1.993,0.5111045820382446,-0.2137602809945114,-0.40647955000247504,0.7265349433567833
2025-03-27 13:43:41.817,0.32675,0.21725,1.99125,0.5111045820382446,-0.2137602809945114,-0.40647955000247504,0.7265349433567833
2025-03-27 13:43:41.819,0.308,0.21000000000000002,2.0265,0.5111045820382446,-0.2137602809945114,-0.40647955000247504,0.7265349433567833
2025-03-27 13:43:41.820,0.17500000000000002,0.066,2.252,0.5111045820382446,-0.2137602809945114,-0.40647955000247504,0.7265349433567833
2025-03-27 13:43:41.843,0.035,-0.0024999999999999996,2.2744999999999997,0.5111045820382446,-0.2137602809945114,-0.40647955000247504,0.7265349433567833
2025-03-27 13:43:41.844,0.0575,0.1385,2.149,0.5111045820382446,-0.2137602809945114,-0.40647955000247504,0.7265349433567833
2025-03-27 13:43:41.905,0.07200000000000001,0.22999999999999998,2.2195,0.5111045820382446,-0.2137602809945114,-0.40647955000247504,0.7265349433567833
2025-03-27 13:43:41.934,0.055,0.272,2.2975,0.5111045820382446,-0.2137602809945114,-0.40647955000247504,0.7265349433567833
2025-03-27 13:43:42.017,0.052750000000000005,0.5345,2.295,-0.5507989390705303,0.161930489350128,0.26405883430980537,-0.7750303073819454
2025-03-27 13:43:42.047,0.08549999999999999,0.6045,2.434,0.5756782202653453,-0.10574518372423813,-0.11453561463908626,0.8026793480652772
2025-03-27 13:43:42.048,0.1185,0.6719999999999999,2.4715,0.5756782202653453,-0.10574518372423813,-0.11453561463908626,0.8026793480652772
2025-03-27 13:43:42.069,0.12175,0.7925,2.4225,0.5756782202653453,-0.10574518372423813,-0.11453561463908629,0.8026793480652772
2025-03-27 13:43:42.106,0.209,0.9299999999999999,2.3935,0.5756782202653453,-0.10574518372423813,-0.11453561463908629,0.8026793480652772
2025-03-27 13:43:42.183,0.18166666666666664,0.9933333333333333,2.235,0.5756782202653453,-0.10574518372423791,-0.11453561463908625,0.8026793480652771
2025-03-27 13:43:42.184,0.179,0.934,2.286,0.5756782202653453,-0.10574518372423813,-0.11453561463908626,0.8026793480652772
2025-03-27 13:43:42.233,0.129,0.938,2.325,0.5756782202653453,-0.10574518372423813,-0.11453561463908626,0.8026793480652772
2025-03-27 13:43:42.234,0.1185,0.9835,2.231,0.5756782202653453,-0.10574518372423813,-0.11453561463908626,0.8026793480652772
2025-03-27 13:43:42.238,0.1935,0.96775,2.2545,0.5756782202653453,-0.10574518372423813,-0.11453561463908629,0.8026793480652772
2025-03-27 13:43:42.249,0.1875,0.98,2.268,0.5756782202653453,-0.10574518372423813,-0.11453561463908629,0.8026793480652772
2025-03-27 13:43:42.316,0.15225,0.97775,2.305,0.5756782202653453,-0.10574518372423813,-0.11453561463908629,0.8026793480652772
2025-03-27 13:43:42.338,0.1735,0.99,2.295,0.5756782202653453,-0.10574518372423813,-0.11453561463908626,0.8026793480652772
2025-03-27 13:43:42.339,0.172,0.9884999999999999,2.2984999999999998,0.5756782202653453,-0.10574518372423813,-0.11453561463908626,0.8026793480652772
2025-03-27 13:43:42.411,0.146,1.015,2.30175,-0.5895784573614523,0.032950474399450314,0.03727549632229702,-0.8061774285019819
2025-03-27 13:43:42.415,0.1725,1.0082499999999999,2.32525,0.5967140783295416,0.04022229709461378,0.04041230794612988,0.8004257122970411
2025-03-27 13:43:42.451,0.18375,1.022,2.30925,0.5967140783295416,0.04022229709461378,0.04041230794612988,0.8004257122970411
2025-03-27 13:43:42.511,0.1845,1.01175,2.36125,0.5967140783295416,0.04022229709461378,0.04041230794612988,0.8004257122970411
2025-03-27 13:43:42.541,0.1815,0.9997499999999999,2.35725,0.5967140783295416,0.04022229709461378,0.04041230794612988,0.8004257122970411
2025-03-27 13:43:42.621,0.185,1.009,2.367,0.5967140783295416,0.04022229709461378,0.04041230794612988,0.8004257122970411
2025-03-27 13:43:42.622,0.19200000000000003,0.9946666666666667,2.392,0.5967140783295415,0.04022229709461389,0.04041230794612989,0.8004257122970413
2025-03-27 13:43:42.631,0.17,0.975,2.368,0.5967140783295416,0.04022229709461378,0.04041230794612988,0.8004257122970411
2025-03-27 13:43:42.632,0.16533333333333333,0.9886666666666667,2.311666666666667,0.5967140783295415,0.04022229709461389,0.04041230794612989,0.8004257122970413
2025-03-27 13:43:42.655,0.16875,0.9755,2.3345000000000002,0.5967140783295416,0.04022229709461378,0.04041230794612988,0.8004257122970411
2025-03-27 13:43:42.712,0.175,0.9632499999999999,2.357,0.5967140783295416,0.04022229709461378,0.04041230794612988,0.8004257122970411
2025-03-27 13:43:42.766,0.191,0.955,2.396,0.5967140783295416,0.04022229709461378,0.04041230794612988,0.8004257122970411
2025-03-27 13:43:42.767,0.17466666666666666,0.9623333333333334,2.3843333333333336,0.5967140783295415,0.04022229709461389,0.04041230794612989,0.8004257122970413
2025-03-27 13:43:42.814,0.1825,0.9564999999999999,2.36775,0.5967140783295416,0.04022229709461378,0.04041230794612988,0.8004257122970411
2025-03-27 13:43:42.819,0.2,0.961,2.366,0.5967140783295416,0.04022229709461378,0.04041230794612988,0.8004257122970411
2025-03-27 13:43:42.820,0.18666666666666668,0.9543333333333334,2.3783333333333334,0.6061408111932896,0.029851517404629102,0.005130260780092024,0.7947804000721901
2025-03-27 13:43:42.856,0.17733333333333334,0.9463333333333334,2.361666666666667,0.6061408111932896,0.029851517404629102,0.005130260780092024,0.7947804000721901
2025-03-27 13:43:42.857,0.195,0.949,2.328,0.6061408111932896,0.029851517404629213,0.005130260780092025,0.7947804000721901
2025-03-27 13:43:42.918,0.20875,0.9395,2.36425,0.6061408111932896,0.029851517404629213,0.005130260780092025,0.7947804000721901
2025-03-27 13:43:42.946,0.18325,0.93125,2.35925,0.6061408111932896,0.029851517404629213,0.005130260780092025,0.7947804000721901
2025-03-27 13:43:43.019,0.18733333333333335,0.9153333333333333,2.343,0.6061408111932896,0.029851517404629102,0.005130260780092024,0.7947804000721901
2025-03-27 13:43:43.020,0.214,0.916,2.373,0.6061408111932896,0.029851517404629213,0.005130260780092025,0.7947804000721901
2025-03-27 13:43:43.036,0.2125,0.9125000000000001,2.38075,0.6061408111932896,0.029851517404629213,0.005130260780092025,0.7947804000721901
2025-03-27 13:43:43.059,0.1925,0.8985000000000001,2.3875,0.6061408111932896,0.029851517404629213,0.005130260780092025,0.7947804000721901
2025-03-27 13:43:43.149,0.1935,0.912,2.3235,0.6061408111932896,0.029851517404629213,0.005130260780092025,0.7947804000721901
2025-03-27 13:43:43.210,0.19475,0.88725,2.39825,0.6061408111932896,0.029851517404629213,0.005130260780092025,0.7947804000721901
2025-03-27 13:43:43.213,0.202,0.89925,2.34925,0.6061408111932896,0.029851517404629213,0.005130260780092025,0.7947804000721901
2025-03-27 13:43:43.239,0.19974999999999998,0.896,2.37925,-0.6078678169900819,-0.019277076321634667,0.015198334154030027,-0.7936586936682196
2025-03-27 13:43:43.261,0.1845,0.88175,2.36775,0.6083718729810693,0.015750825195534945,-0.02197115108227979,0.7931915557992816
2025-03-27 13:43:43.316,0.19875,0.89925,2.3565,0.6083718729810693,0.015750825195534945,-0.02197115108227979,0.7931915557992816
2025-03-27 13:43:43.412,0.1915,0.8755,2.3625,0.6083718729810693,0.015750825195534945,-0.02197115108227979,0.7931915557992816
2025-03-27 13:43:43.413,0.183,0.87,2.3705,0.6083718729810693,0.015750825195534945,-0.02197115108227979,0.7931915557992816
2025-03-27 13:43:43.420,0.20500000000000002,0.88025,2.36175,0.6083718729810693,0.015750825195534945,-0.02197115108227979,0.7931915557992816
2025-03-27 13:43:43.468,0.1855,0.8795,2.3579999999999997,0.6083718729810693,0.015750825195534945,-0.02197115108227979,0.7931915557992816
2025-03-27 13:43:43.469,0.173,0.8714999999999999,2.3585000000000003,0.6083718729810693,0.015750825195534945,-0.02197115108227979,0.7931915557992816
2025-03-27 13:43:43.532,0.19425,0.87,2.34725,0.6083718729810693,0.015750825195534945,-0.02197115108227979,0.7931915557992816
2025-03-27 13:43:43.612,0.21,0.878,2.362,0.6083718729810693,0.015750825195534945,-0.02197115108227979,0.7931915557992816
2025-03-27 13:43:43.613,0.20466666666666666,0.872,2.384,0.6083718729810693,0.015750825195535056,-0.021971151082279792,0.7931915557992817
2025-03-27 13:43:43.616,0.189,0.86775,2.36075,0.6083718729810693,0.015750825195534945,-0.02197115108227979,0.7931915557992816
2025-03-27 13:43:43.623,0.20675,0.87375,2.36975,0.6083718729810693,0.015750825195534945,-0.02197115108227979,0.7931915557992816
2025-03-27 13:43:43.643,0.223,0.8746666666666667,2.372333333333333,-0.6051276001404801,-0.011417508514349861,0.027465568118878042,-0.7955726683436627
2025-03-27 13:43:43.644,0.213,0.875,2.37,0.6034907173232141,0.00925062413661415,-0.03021203839644429,0.7967437560431382
2025-03-27 13:43:43.666,0.202,0.869,2.374,0.6034907173232141,0.00925062413661415,-0.03021203839644429,0.7967437560431382
2025-03-27 13:43:43.667,0.19233333333333333,0.8646666666666666,2.373666666666667,0.6034907173232142,0.009250624136614038,-0.030212038396444287,0.796743756043138
2025-03-27 13:43:43.734,0.191,0.862,2.371,0.6034907173232141,0.00925062413661415,-0.03021203839644429,0.7967437560431382
2025-03-27 13:43:43.735,0.19400000000000003,0.8676666666666666,2.3409999999999997,0.6034907173232142,0.009250624136614038,-0.030212038396444287,0.796743756043138
2025-03-27 13:43:43.756,0.19575,0.86375,2.3617500000000002,0.6034907173232142,0.00925062413661415,-0.03021203839644429,0.7967437560431382
2025-03-27 13:43:43.824,0.18675,0.855,2.3907499999999997,0.6034907173232142,0.00925062413661415,-0.03021203839644429,0.7967437560431382
2025-03-27 13:43:43.845,0.193,0.8614999999999999,2.3577500000000002,0.6034907173232142,0.00925062413661415,-0.03021203839644429,0.7967437560431382
2025-03-27 13:43:43.871,0.21375,0.87,2.34925,0.6034907173232142,0.00925062413661415,-0.03021203839644429,0.7967437560431382
2025-03-27 13:43:43.924,0.20075,0.862,2.37025,0.6034907173232142,0.00925062413661415,-0.03021203839644429,0.7967437560431382
2025-03-27 13:43:43.937,0.20725,0.86275,2.3635,0.6034907173232142,0.00925062413661415,-0.03021203839644429,0.7967437560431382
2025-03-27 13:43:44.026,0.19966666666666666,0.8646666666666666,2.355,0.6034907173232142,0.009250624136614038,-0.030212038396444287,0.796743756043138
2025-03-27 13:43:44.027,0.2,0.863,2.36,0.5999332729129468,0.005620218022321266,-0.032961278650482116,0.7993510088259517
2025-03-27 13:43:44.048,0.203,0.858,2.3635,0.5999332729129468,0.005620218022321266,-0.032961278650482116,0.7993510088259517
2025-03-27 13:43:44.049,0.193,0.8534999999999999,2.363,0.5999332729129468,0.005620218022321266,-0.032961278650482116,0.7993510088259517
2025-03-27 13:43:44.111,0.18575,0.85375,2.3625,0.5999332729129467,0.005620218022321377,-0.032961278650482116,0.7993510088259517
2025-03-27 13:43:44.118,0.20233333333333334,0.8556666666666667,2.374333333333333,0.5999332729129467,0.005620218022321488,-0.03296127865048211,0.7993510088259516
2025-03-27 13:43:44.119,0.199,0.853,2.368,0.5999332729129468,0.005620218022321266,-0.032961278650482116,0.7993510088259517
2025-03-27 13:43:44.139,0.19675,0.86025,2.3442499999999997,0.5999332729129467,0.005620218022321377,-0.032961278650482116,0.7993510088259517
2025-03-27 13:43:44.202,0.18,0.84925,2.37425,0.5999332729129467,0.005620218022321377,-0.032961278650482116,0.7993510088259517
2025-03-27 13:43:44.230,0.198,0.84875,2.3685,0.5999332729129467,0.005620218022321377,-0.032961278650482116,0.7993510088259517
2025-03-27 13:43:44.274,0.20500000000000002,0.851,2.36925,0.5999332729129467,0.005620218022321377,-0.032961278650482116,0.7993510088259517
2025-03-27 13:43:44.326,0.1925,0.846,2.3819999999999997,0.5999332729129467,0.005620218022321377,-0.032961278650482116,0.7993510088259517
2025-03-27 13:43:44.342,0.19825,0.8422499999999999,2.37525,0.5999332729129467,0.005620218022321377,-0.032961278650482116,0.7993510088259517
2025-03-27 13:43:44.415,0.215,0.849,2.35975,0.5999332729129467,0.005620218022321377,-0.032961278650482116,0.7993510088259517
2025-03-27 13:43:44.431,0.18425,0.8412499999999999,2.34425,-0.5991276978958852,-0.003145164232030484,0.03774725780893664,-0.7997569968958297
2025-03-27 13:43:44.516,0.19924999999999998,0.8445,2.341,0.5988552029412195,0.0023201363862654922,-0.039342312687798614,0.799887020340845
2025-03-27 13:43:44.545,0.2095,0.8402499999999999,2.364,0.5988552029412195,0.0023201363862654922,-0.039342312687798614,0.799887020340845
2025-03-27 13:43:44.610,0.2,0.844,2.341,0.5988552029412195,0.0023201363862654922,-0.03934231268779861,0.7998870203408448
2025-03-27 13:43:44.611,0.19133333333333336,0.8343333333333334,2.3543333333333334,0.5988552029412194,0.0023201363862654922,-0.039342312687798614,0.7998870203408448
2025-03-27 13:43:44.635,0.197,0.8382499999999999,2.35525,0.5988552029412195,0.0023201363862654922,-0.039342312687798614,0.799887020340845
2025-03-27 13:43:44.656,0.19425,0.83275,2.35875,0.5988552029412195,0.0023201363862654922,-0.039342312687798614,0.799887020340845
2025-03-27 13:43:44.722,0.21025,0.8385,2.37225,0.5988552029412195,0.0023201363862654922,-0.039342312687798614,0.799887020340845
2025-03-27 13:43:44.725,0.17725,0.835,2.3465,0.5988552029412195,0.0023201363862654922,-0.039342312687798614,0.799887020340845
2025-03-27 13:43:44.746,0.197,0.8245,2.3817500000000003,0.5988552029412195,0.0023201363862654922,-0.039342312687798614,0.799887020340845
2025-03-27 13:43:44.807,0.19175,0.8245,2.37625,-0.5985325237683453,-0.00032757890787760147,0.041470386286822605,-0.8000243232207228
2025-03-27 13:43:44.860,0.1855,0.82575,2.351,0.5975334874619203,-0.005650316659681631,-0.04785268179925166,0.8003948563851844
2025-03-27 13:43:44.927,0.18375,0.8185,2.349,0.5975334874619203,-0.005650316659681631,-0.04785268179925166,0.8003948563851844
2025-03-27 13:43:44.930,0.1895,0.82575,2.33125,0.5975334874619203,-0.005650316659681631,-0.04785268179925166,0.8003948563851844
2025-03-27 13:43:44.950,0.1945,0.81675,2.354,0.5975334874619203,-0.005650316659681631,-0.04785268179925166,0.8003948563851844
2025-03-27 13:43:45.016,0.197,0.80625,2.34625,0.5975334874619203,-0.005650316659681631,-0.04785268179925166,0.8003948563851844
2025-03-27 13:43:45.061,0.19125,0.81475,2.337,0.5975334874619203,-0.005650316659681631,-0.04785268179925166,0.8003948563851844
2025-03-27 13:43:45.112,0.19525,0.8,2.3795,0.5975334874619203,-0.005650316659681631,-0.04785268179925166,0.8003948563851844
2025-03-27 13:43:45.128,0.17925,0.7955000000000001,2.3752500000000003,0.5975334874619203,-0.005650316659681631,-0.04785268179925166,0.8003948563851844
2025-03-27 13:43:45.153,0.196,0.772,2.4035,0.5975334874619203,-0.005650316659681631,-0.04785268179925166,0.8003948563851844
2025-03-27 13:43:45.194,0.19525,0.771,2.39925,0.5975334874619203,-0.005650316659681631,-0.04785268179925166,0.8003948563851844
2025-03-27 13:43:45.239,0.19775,0.78,2.3577500000000002,-0.59571323798758,0.012776167242911085,0.05502529558577571,-0.8012082903232042
