timestamp,bandpass_and_notch
2025-03-27 16:35:19.075,-0.2518387928258321
2025-03-27 16:35:19.076,3.2651150545958467
2025-03-27 16:35:19.076,4.058215387629161
2025-03-27 16:35:19.076,-4.533030380073711
2025-03-27 16:35:19.085,-19.538089063823747
2025-03-27 16:35:19.085,-20.54684169245227
2025-03-27 16:35:19.085,6.7936366433358355
2025-03-27 16:35:19.086,41.97476521262873
2025-03-27 16:35:19.086,43.34809479154058
2025-03-27 16:35:19.093,-1.8611418731491765
2025-03-27 16:35:19.093,-53.987268290582456
2025-03-27 16:35:19.094,-59.83963445773391
2025-03-27 16:35:19.094,-11.315758700533708
2025-03-27 16:35:19.101,45.32686398810185
2025-03-27 16:35:19.102,58.98852458346743
2025-03-27 16:35:19.102,23.931343064783913
2025-03-27 16:35:19.102,-21.938586826042556
2025-03-27 16:35:19.111,-40.25903965112054
2025-03-27 16:35:19.111,-25.647662137383335
2025-03-27 16:35:19.111,0.05131263787658957
2025-03-27 16:35:19.112,15.477879807166564
2025-03-27 16:35:19.112,16.355572262775656
2025-03-27 16:35:19.119,10.224215902159912
2025-03-27 16:35:19.120,3.6524997178834275
2025-03-27 16:35:19.120,-2.3657689705104357
2025-03-27 16:35:19.120,-8.113786309887052
2025-03-27 16:35:19.129,-11.171240179217387
2025-03-27 16:35:19.129,-8.348272214811752
2025-03-27 16:35:19.130,-0.1904896139080805
2025-03-27 16:35:19.130,8.1821695126181
2025-03-27 16:35:19.130,11.082654524626502
2025-03-27 16:35:19.139,6.808015978167126
2025-03-27 16:35:19.139,-1.3002854956585639
2025-03-27 16:35:19.140,-7.508993166850196
2025-03-27 16:35:19.140,-7.862509581976701
2025-03-27 16:35:19.140,-3.130089850106234
2025-03-27 16:35:19.149,2.0055502215792895
2025-03-27 16:35:19.149,3.5473603985033164
2025-03-27 16:35:19.150,2.1435583690306035
2025-03-27 16:35:19.150,1.4830816221087966
2025-03-27 16:35:19.150,2.745740970596801
2025-03-27 16:35:19.159,2.6168234767469474
2025-03-27 16:35:19.159,-1.7188087119999667
2025-03-27 16:35:19.160,-7.1341134177951915
2025-03-27 16:35:19.160,-7.005008312627021
2025-03-27 16:35:19.160,0.37355690688917786
2025-03-27 16:35:19.169,8.265158573198118
2025-03-27 16:35:19.169,8.443013794674227
2025-03-27 16:35:19.169,0.7040936672516989
2025-03-27 16:35:19.170,-6.820660737943503
2025-03-27 16:35:19.170,-6.948604893251764
2025-03-27 16:35:19.179,-0.9013811851642266
2025-03-27 16:35:19.179,4.382583112396008
2025-03-27 16:35:19.179,4.402121745640008
2025-03-27 16:35:19.180,0.7096237165634863
2025-03-27 16:35:19.180,-2.445711601938017
2025-03-27 16:35:19.189,-2.708218351774456
2025-03-27 16:35:19.189,-0.7679225509441774
2025-03-27 16:35:19.189,1.2442506288717785
2025-03-27 16:35:19.190,1.7941827776367405
2025-03-27 16:35:19.190,1.1134363757311765
2025-03-27 16:35:19.199,0.4637595409272415
2025-03-27 16:35:19.199,-0.026250333038790485
2025-03-27 16:35:19.199,-1.6309047828036614
2025-03-27 16:35:19.199,-3.964043067497007
2025-03-27 16:35:19.200,-3.453141702635392
2025-03-27 16:35:19.208,2.1270413234062833
2025-03-27 16:35:19.208,8.334965607341239
2025-03-27 16:35:19.208,7.341039966078873
2025-03-27 16:35:19.208,-2.047174407011151
2025-03-27 16:35:19.208,-10.896890419077854
2025-03-27 16:35:19.218,-9.528482629278507
2025-03-27 16:35:19.218,1.1091585022266548
2025-03-27 16:35:19.218,10.23534770862858
2025-03-27 16:35:19.218,9.156790911575154
2025-03-27 16:35:19.218,0.10502077357664408
2025-03-27 16:35:19.227,-7.350079504515444
2025-03-27 16:35:19.228,-6.866923065536416
2025-03-27 16:35:19.228,-0.8197170416453288
2025-03-27 16:35:19.228,4.010294722035303
2025-03-27 16:35:19.237,4.066261199382565
2025-03-27 16:35:19.237,1.2026702914240028
2025-03-27 16:35:19.238,-1.3097090222392536
2025-03-27 16:35:19.238,-2.351192860230406
2025-03-27 16:35:19.238,-2.1200985577125575
2025-03-27 16:35:19.247,-0.35132179697733135
2025-03-27 16:35:19.247,2.528141432298819
2025-03-27 16:35:19.248,3.8724802628024944
2025-03-27 16:35:19.248,1.212857357530566
2025-03-27 16:35:19.248,-3.7219746956415003
2025-03-27 16:35:19.257,-5.737345383464702
2025-03-27 16:35:19.257,-2.04402173639672
2025-03-27 16:35:19.258,4.00877356608397
2025-03-27 16:35:19.258,6.4287842897974405
2025-03-27 16:35:19.258,3.1476986302657632
2025-03-27 16:35:19.267,-2.1831652863286886
2025-03-27 16:35:19.267,-4.739090574911957
2025-03-27 16:35:19.268,-3.501367268501626
2025-03-27 16:35:19.268,-1.130557452794645
2025-03-27 16:35:19.268,0.1822906599957304
2025-03-27 16:35:19.277,1.2878156947213932
2025-03-27 16:35:19.277,3.8421414239566656
2025-03-27 16:35:19.278,6.310233074181153
2025-03-27 16:35:19.278,4.251678730157717
2025-03-27 16:35:19.278,-3.840863575142079
2025-03-27 16:35:19.285,-12.019184649385474
2025-03-27 16:35:19.286,-11.19487357877941
2025-03-27 16:35:19.286,0.5527591559117409
2025-03-27 16:35:19.286,13.752839725653603
2025-03-27 16:35:19.295,15.963230149457205
2025-03-27 16:35:19.295,4.4598497376743795
2025-03-27 16:35:19.295,-10.686221368953683
2025-03-27 16:35:19.296,-16.320760239798382
2025-03-27 16:35:19.296,-8.388024186461879
2025-03-27 16:35:19.305,5.2184782352110295
2025-03-27 16:35:19.305,12.781365906487668
2025-03-27 16:35:19.305,9.229580018658044
2025-03-27 16:35:19.305,-0.6334459557298191
2025-03-27 16:35:19.306,-7.80649852231782
2025-03-27 16:35:19.313,-7.205888475098117
2025-03-27 16:35:19.314,-1.022278518015229
2025-03-27 16:35:19.314,4.349665600186477
2025-03-27 16:35:19.314,4.245090595776661
2025-03-27 16:35:19.314,-0.38243203334037984
2025-03-27 16:35:19.323,-4.148401807395572
2025-03-27 16:35:19.324,-2.6332340915109986
2025-03-27 16:35:19.324,2.895426942515013
2025-03-27 16:35:19.324,6.4576788825477625
2025-03-27 16:35:19.324,3.5714808610036513
2025-03-27 16:35:19.333,-3.72146182690351
2025-03-27 16:35:19.334,-8.582016182696208
2025-03-27 16:35:19.334,-6.140960400313084
2025-03-27 16:35:19.334,1.7259807650755272
2025-03-27 16:35:19.343,8.225081077890072
2025-03-27 16:35:19.343,7.9318423625959165
2025-03-27 16:35:19.344,1.4941648569973376
2025-03-27 16:35:19.344,-5.34923915073462
2025-03-27 16:35:19.344,-7.1630950779076
2025-03-27 16:35:19.353,-3.4084944069930754
2025-03-27 16:35:19.354,1.8561016223534974
2025-03-27 16:35:19.354,4.257943176224346
2025-03-27 16:35:19.354,2.882816343579504
2025-03-27 16:35:19.354,0.21409357281216715
2025-03-27 16:35:19.363,-1.0537717157076465
2025-03-27 16:35:19.363,-0.7201395648435919
2025-03-27 16:35:19.363,-0.4565346640749545
2025-03-27 16:35:19.364,-0.9925354669951468
2025-03-27 16:35:19.364,-1.1239026920132138
2025-03-27 16:35:19.373,0.040930398420268306
2025-03-27 16:35:19.373,1.2597009810792072
2025-03-27 16:35:19.374,0.9708724313715502
2025-03-27 16:35:19.374,-0.06237717561074951
2025-03-27 16:35:19.374,0.1202680369144848
2025-03-27 16:35:19.383,1.255739970595869
2025-03-27 16:35:19.383,0.8231602838555627
2025-03-27 16:35:19.383,-1.9767481009681385
2025-03-27 16:35:19.384,-4.166182979214531
2025-03-27 16:35:19.384,-2.3825466059629608
2025-03-27 16:35:19.393,2.5929937133273615
2025-03-27 16:35:19.393,6.15379917431981
2025-03-27 16:35:19.393,4.643839213395416
2025-03-27 16:35:19.394,-0.9745755667623166
2025-03-27 16:35:19.394,-6.1239156410724735
2025-03-27 16:35:19.403,-6.685467413611796
2025-03-27 16:35:19.403,-2.2913899280554695
2025-03-27 16:35:19.403,3.6101823834825213
2025-03-27 16:35:19.404,6.6822017801448
2025-03-27 16:35:19.404,5.13289331699734
2025-03-27 16:35:19.411,0.716465358880719
2025-03-27 16:35:19.412,-3.3667554632972654
2025-03-27 16:35:19.412,-5.189943180919692
2025-03-27 16:35:19.412,-4.655432167754108
2025-03-27 16:35:19.412,-2.2005812041391652
2025-03-27 16:35:19.423,1.7193975218337159
2025-03-27 16:35:19.423,5.580843217612313
2025-03-27 16:35:19.423,6.619497923672533
2025-03-27 16:35:19.423,3.2534528316054594
2025-03-27 16:35:19.424,-2.4884737335304288
2025-03-27 16:35:19.432,-6.349809279285745
2025-03-27 16:35:19.432,-6.041139522190265
2025-03-27 16:35:19.432,-2.96477099707705
2025-03-27 16:35:19.432,0.5730729739416104
2025-03-27 16:35:19.432,4.118721555113057
2025-03-27 16:35:19.441,7.491351717072289
2025-03-27 16:35:19.442,7.899619541834718
2025-03-27 16:35:19.442,1.9091364374051156
2025-03-27 16:35:19.442,-8.591987570358501
2025-03-27 16:35:19.451,-14.860784109122495
2025-03-27 16:35:19.451,-8.943834263294132
2025-03-27 16:35:19.452,6.474308702954628
2025-03-27 16:35:19.452,17.967402504698676
2025-03-27 16:35:19.452,13.67330839511568
2025-03-27 16:35:19.460,-3.6625995270759453
2025-03-27 16:35:19.460,-17.688874412538294
2025-03-27 16:35:19.460,-14.518436696530419
2025-03-27 16:35:19.460,2.415998537085084
2025-03-27 16:35:19.460,15.586607128981603
2025-03-27 16:35:19.469,12.084033089486644
2025-03-27 16:35:19.470,-2.85731847724426
2025-03-27 16:35:19.470,-12.642890642567558
2025-03-27 16:35:19.470,-8.043003262754116
2025-03-27 16:35:19.479,3.7796784245109594
2025-03-27 16:35:19.479,9.151649315137709
2025-03-27 16:35:19.480,3.715444625782873
2025-03-27 16:35:19.480,-4.246934448578917
2025-03-27 16:35:19.480,-5.25073274566255
2025-03-27 16:35:19.489,0.24588445790927188
2025-03-27 16:35:19.489,4.058045724026446
2025-03-27 16:35:19.490,1.4825491374922972
2025-03-27 16:35:19.490,-3.3177960266762745
2025-03-27 16:35:19.490,-3.6471693470145135
2025-03-27 16:35:19.499,1.003994081765907
2025-03-27 16:35:19.499,4.878267153185956
2025-03-27 16:35:19.500,3.45527632001675
2025-03-27 16:35:19.500,-1.417558427896774
2025-03-27 16:35:19.500,-4.400482538547035
2025-03-27 16:35:19.509,-3.0504927689238106
2025-03-27 16:35:19.510,0.16463326068876233
2025-03-27 16:35:19.510,1.8698389682414576
2025-03-27 16:35:19.510,1.8510393656317752
2025-03-27 16:35:19.510,1.8646008412297943
2025-03-27 16:35:19.519,1.8065005989174499
2025-03-27 16:35:19.519,-0.23833239989157917
2025-03-27 16:35:19.519,-3.8778524495476594
2025-03-27 16:35:19.520,-5.140676155948801
2025-03-27 16:35:19.520,-1.2580244576125075
2025-03-27 16:35:19.529,4.781340732670323
2025-03-27 16:35:19.529,6.828932803228246
2025-03-27 16:35:19.529,2.588455510181541
2025-03-27 16:35:19.530,-3.7518219164864592
2025-03-27 16:35:19.530,-6.272710972179918
2025-03-27 16:35:19.539,-3.3928863608483457
2025-03-27 16:35:19.539,1.442212029308946
2025-03-27 16:35:19.539,4.035759030628985
2025-03-27 16:35:19.540,3.2080351730211776
2025-03-27 16:35:19.540,0.6613809117328824
2025-03-27 16:35:19.549,-1.497527435250782
2025-03-27 16:35:19.549,-2.3342806570039945
2025-03-27 16:35:19.550,-1.8434978911854623
2025-03-27 16:35:19.550,-0.36307478442222996
2025-03-27 16:35:19.550,1.3413875044819932
2025-03-27 16:35:19.558,2.1344844580493674
2025-03-27 16:35:19.558,1.4146816316504103
2025-03-27 16:35:19.558,-0.22710776825583068
2025-03-27 16:35:19.558,-1.6583822979670182
2025-03-27 16:35:19.558,-2.118924836455968
2025-03-27 16:35:19.567,-1.199009516991251
2025-03-27 16:35:19.568,1.0594033267412926
2025-03-27 16:35:19.568,3.1443054626393323
2025-03-27 16:35:19.568,2.458363083975568
2025-03-27 16:35:19.568,-1.400446693105653
2025-03-27 16:35:19.578,-4.564485042474439
2025-03-27 16:35:19.578,-2.7102958867961204
2025-03-27 16:35:19.578,2.849340818404243
2025-03-27 16:35:19.578,5.623856742390977
2025-03-27 16:35:19.578,1.8792030864532843
2025-03-27 16:35:19.587,-4.121790428578085
2025-03-27 16:35:19.588,-5.23460575821178
2025-03-27 16:35:19.588,-0.5863980185251472
2025-03-27 16:35:19.588,3.5467414521818057
2025-03-27 16:35:19.597,2.386361062078982
2025-03-27 16:35:19.598,-1.1074761372262492
2025-03-27 16:35:19.598,-1.0206791973795653
2025-03-27 16:35:19.598,2.6411267787094608
2025-03-27 16:35:19.598,3.752569503467713
2025-03-27 16:35:19.607,-1.0884943022926403
2025-03-27 16:35:19.607,-7.139774598456514
2025-03-27 16:35:19.608,-7.028256363434916
2025-03-27 16:35:19.608,0.22062985306803623
2025-03-27 16:35:19.608,7.950569715257879
2025-03-27 16:35:19.617,9.101853632347852
2025-03-27 16:35:19.617,3.0695077917422484
2025-03-27 16:35:19.617,-4.558774783324019
2025-03-27 16:35:19.618,-7.89507862075725
2025-03-27 16:35:19.618,-5.7581197758691625
2025-03-27 16:35:19.627,-1.115152882896627
2025-03-27 16:35:19.627,3.1497277923971123
2025-03-27 16:35:19.628,6.093492597822445
2025-03-27 16:35:19.628,6.568329810319952
2025-03-27 16:35:19.628,2.5856892697034715
2025-03-27 16:35:19.637,-4.761811043253887
2025-03-27 16:35:19.637,-9.276069983648776
2025-03-27 16:35:19.638,-5.628400807381925
2025-03-27 16:35:19.638,3.134422607644358
2025-03-27 16:35:19.638,7.922250138747635
2025-03-27 16:35:19.647,4.267999258698055
2025-03-27 16:35:19.647,-2.474752503207356
2025-03-27 16:35:19.648,-4.2220678406699275
2025-03-27 16:35:19.648,-0.030555183625582516
2025-03-27 16:35:19.648,3.660721212389321
2025-03-27 16:35:19.657,1.6875322564927677
2025-03-27 16:35:19.657,-3.688422762336106
2025-03-27 16:35:19.658,-6.0289702124041025
2025-03-27 16:35:19.658,-2.345850805982236
2025-03-27 16:35:19.658,4.029936343987411
2025-03-27 16:35:19.666,7.492354937350789
2025-03-27 16:35:19.666,5.452958510324885
2025-03-27 16:35:19.666,-0.40456163663463796
2025-03-27 16:35:19.666,-6.318532857240755
2025-03-27 16:35:19.666,-8.69236383046271
2025-03-27 16:35:19.675,-5.440832013458847
2025-03-27 16:35:19.676,2.4361463645302504
2025-03-27 16:35:19.676,9.920578989597303
2025-03-27 16:35:19.676,10.566334719346564
2025-03-27 16:35:19.676,2.421199798185148
2025-03-27 16:35:19.685,-8.437053317430058
2025-03-27 16:35:19.686,-12.311926594559361
2025-03-27 16:35:19.686,-5.492970721356828
2025-03-27 16:35:19.686,5.27569679079824
2025-03-27 16:35:19.695,9.664047084821878
2025-03-27 16:35:19.695,4.873044892169503
2025-03-27 16:35:19.696,-2.153731718396024
2025-03-27 16:35:19.696,-3.951684584059258
2025-03-27 16:35:19.696,-1.1897920658680259
2025-03-27 16:35:19.705,0.0971625385962227
2025-03-27 16:35:19.705,-2.0648822324777014
2025-03-27 16:35:19.706,-3.00117171711409
2025-03-27 16:35:19.706,0.9732649881663878
2025-03-27 16:35:19.706,6.018446643405989
2025-03-27 16:35:19.715,5.273319426018854
2025-03-27 16:35:19.715,-1.4608839274624732
2025-03-27 16:35:19.716,-6.64453158009816
2025-03-27 16:35:19.716,-4.601050491159434
2025-03-27 16:35:19.716,1.2995974114819564
2025-03-27 16:35:19.725,3.739577671802526
2025-03-27 16:35:19.725,1.3632913368077781
2025-03-27 16:35:19.726,-0.4938625618154628
2025-03-27 16:35:19.726,1.368363402020303
2025-03-27 16:35:19.726,3.043423642262755
2025-03-27 16:35:19.735,-0.2106145918557059
2025-03-27 16:35:19.735,-5.845940616946587
2025-03-27 16:35:19.736,-6.4452271515690756
2025-03-27 16:35:19.736,0.09770472997917379
2025-03-27 16:35:19.736,6.942127992949952
2025-03-27 16:35:19.745,6.691485931706222
2025-03-27 16:35:19.745,0.5420921216239514
2025-03-27 16:35:19.745,-4.007214297250023
2025-03-27 16:35:19.746,-3.13540044317377
2025-03-27 16:35:19.746,-0.5794497670209537
2025-03-27 16:35:19.753,-0.9883251311609325
2025-03-27 16:35:19.754,-2.8830298996972017
2025-03-27 16:35:19.754,-1.0501545715874439
2025-03-27 16:35:19.754,5.155420876526047
2025-03-27 16:35:19.754,9.073997701062359
2025-03-27 16:35:19.763,4.103357308791835
2025-03-27 16:35:19.763,-7.058895432438033
2025-03-27 16:35:19.764,-13.158630845096559
2025-03-27 16:35:19.764,-6.417790097140724
2025-03-27 16:35:19.773,7.2365397572898615
2025-03-27 16:35:19.773,13.375763079248392
2025-03-27 16:35:19.773,5.567645894151253
2025-03-27 16:35:19.774,-6.719623348141761
2025-03-27 16:35:19.774,-9.615288642416996
2025-03-27 16:35:19.783,-1.5887847746443111
2025-03-27 16:35:19.783,5.987503669777129
2025-03-27 16:35:19.783,4.272976186476261
2025-03-27 16:35:19.784,-2.6693188026246384
2025-03-27 16:35:19.784,-5.138626025759545
2025-03-27 16:35:19.793,-0.8387083217321223
2025-03-27 16:35:19.793,3.9303599021330333
2025-03-27 16:35:19.793,4.040885449370101
2025-03-27 16:35:19.793,1.1428662810144528
2025-03-27 16:35:19.794,-1.080065820830937
2025-03-27 16:35:19.803,-2.4181548831065087
2025-03-27 16:35:19.803,-4.011459117937819
2025-03-27 16:35:19.803,-3.988692768097745
2025-03-27 16:35:19.804,0.3105855748987365
2025-03-27 16:35:19.804,6.488661580182966
2025-03-27 16:35:19.811,7.869239878141368
2025-03-27 16:35:19.812,1.6909899574104532
2025-03-27 16:35:19.812,-6.3605876438607005
2025-03-27 16:35:19.812,-8.241720005847865
2025-03-27 16:35:19.812,-2.7702620003523997
2025-03-27 16:35:19.822,3.67108563713084
2025-03-27 16:35:19.822,5.157225565999747
2025-03-27 16:35:19.822,2.35693284052149
2025-03-27 16:35:19.822,-0.1460657202501411
2025-03-27 16:35:19.822,-0.417320774617823
2025-03-27 16:35:19.831,-0.6259333569500513
2025-03-27 16:35:19.832,-2.3958717020284297
2025-03-27 16:35:19.832,-3.54560032302678
2025-03-27 16:35:19.832,-1.2473821490660544
2025-03-27 16:35:19.841,3.0519678258255984
2025-03-27 16:35:19.841,4.648415182963323
2025-03-27 16:35:19.842,1.7689152319913939
2025-03-27 16:35:19.842,-1.865077053714362
2025-03-27 16:35:19.842,-2.17464114769075
2025-03-27 16:35:19.851,-0.3108761075926359
2025-03-27 16:35:19.851,-0.3840032938010686
2025-03-27 16:35:19.852,-2.6202642603972044
2025-03-27 16:35:19.852,-2.4787828921711683
2025-03-27 16:35:19.852,2.30606267158517
2025-03-27 16:35:19.861,6.996768534195204
2025-03-27 16:35:19.861,5.128208707067933
2025-03-27 16:35:19.861,-2.7098061878254684
2025-03-27 16:35:19.862,-8.543276471441706
2025-03-27 16:35:19.862,-6.106717010677607
2025-03-27 16:35:19.871,1.8759575032991074
2025-03-27 16:35:19.871,7.002122555654605
2025-03-27 16:35:19.871,4.771077535674899
2025-03-27 16:35:19.872,-1.0597733920464485
2025-03-27 16:35:19.872,-3.9046065135957337
2025-03-27 16:35:19.881,-2.112973799627654
2025-03-27 16:35:19.882,0.4965688600266993
2025-03-27 16:35:19.882,0.7703192794849557
2025-03-27 16:35:19.882,-0.04248900366268013
2025-03-27 16:35:19.882,0.5269722172360001
2025-03-27 16:35:19.889,1.7856755632150048
2025-03-27 16:35:19.890,0.9978592455974788
2025-03-27 16:35:19.890,-2.0056983779674917
2025-03-27 16:35:19.890,-3.744012114213487
2025-03-27 16:35:19.890,-1.339927488205736
2025-03-27 16:35:19.900,3.342358222633517
2025-03-27 16:35:19.900,5.0941604660788045
2025-03-27 16:35:19.900,1.2268866765538546
2025-03-27 16:35:19.900,-4.594383664671795
2025-03-27 16:35:19.900,-5.6592551287258654
2025-03-27 16:35:19.910,-0.030276619520644255
2025-03-27 16:35:19.910,6.198216630272616
2025-03-27 16:35:19.910,5.417180148166539
2025-03-27 16:35:19.910,-2.0529114835735043
2025-03-27 16:35:19.919,-7.652288228307183
2025-03-27 16:35:19.920,-4.73122184015072
2025-03-27 16:35:19.920,3.3853838392477393
2025-03-27 16:35:19.920,7.623303009835364
2025-03-27 16:35:19.920,3.9141311530369447
2025-03-27 16:35:19.929,-2.9525716297672813
2025-03-27 16:35:19.930,-5.776028323775817
2025-03-27 16:35:19.930,-2.667748105376687
2025-03-27 16:35:19.930,2.1861537373084734
2025-03-27 16:35:19.930,3.648521901459593
2025-03-27 16:35:19.939,0.630552290182155
2025-03-27 16:35:19.940,-3.1400897696324592
2025-03-27 16:35:19.940,-2.9758445922646604
2025-03-27 16:35:19.940,1.5051458660368513
2025-03-27 16:35:19.940,5.30607779274254
2025-03-27 16:35:19.949,3.540727958983264
2025-03-27 16:35:19.950,-2.33251404675273
2025-03-27 16:35:19.950,-5.845708512825181
2025-03-27 16:35:19.950,-3.4595099136368694
2025-03-27 16:35:19.950,1.3111687005529844
2025-03-27 16:35:19.959,3.099601487509469
2025-03-27 16:35:19.960,1.5941194471394344
2025-03-27 16:35:19.960,0.5592804881515189
2025-03-27 16:35:19.960,1.4063264177864159
2025-03-27 16:35:19.960,1.3332929214795304
2025-03-27 16:35:19.969,-1.6540154666513733
2025-03-27 16:35:19.970,-4.87396726794815
2025-03-27 16:35:19.970,-4.05899139759051
2025-03-27 16:35:19.970,0.9838365305314103
2025-03-27 16:35:19.970,5.709134416855176
2025-03-27 16:35:19.979,5.748656013630763
2025-03-27 16:35:19.980,1.270448631081404
2025-03-27 16:35:19.980,-3.774361493508396
2025-03-27 16:35:19.980,-5.696403948493416
2025-03-27 16:35:19.980,-3.745338165963329
2025-03-27 16:35:19.989,0.272092132016803
2025-03-27 16:35:19.989,3.6696280861577804
2025-03-27 16:35:19.990,4.394257586927441
2025-03-27 16:35:19.990,2.3259589755873544
2025-03-27 16:35:19.990,-0.5210123426488915
2025-03-27 16:35:19.999,-2.03144671149286
2025-03-27 16:35:19.999,-2.262314483823445
2025-03-27 16:35:20.000,-2.4865700853578803
2025-03-27 16:35:20.000,-2.2386129005600837
2025-03-27 16:35:20.000,0.3624904073118328
2025-03-27 16:35:20.009,4.55119712217442
2025-03-27 16:35:20.009,5.808351865151956
2025-03-27 16:35:20.010,1.2324123324149907
2025-03-27 16:35:20.010,-5.402811994068843
2025-03-27 16:35:20.010,-6.966609309536404
2025-03-27 16:35:20.019,-1.4607417920262353
2025-03-27 16:35:20.019,5.266836210508122
2025-03-27 16:35:20.020,6.224920623887713
2025-03-27 16:35:20.020,0.9691116128894441
2025-03-27 16:35:20.020,-4.650941514912839
2025-03-27 16:35:20.029,-5.269644437832185
2025-03-27 16:35:20.029,-1.0388437104917574
2025-03-27 16:35:20.030,3.6354145102279167
2025-03-27 16:35:20.030,4.8316770069407
2025-03-27 16:35:20.030,2.1669417585717032
2025-03-27 16:35:20.039,-1.8299208068517157
2025-03-27 16:35:20.039,-4.2583872304712
2025-03-27 16:35:20.040,-3.6949593211395815
2025-03-27 16:35:20.040,-0.5435914069217043
2025-03-27 16:35:20.040,3.2569019768983147
2025-03-27 16:35:20.048,4.860607355537224
2025-03-27 16:35:20.048,2.352691925497238
2025-03-27 16:35:20.048,-2.7465230927394595
2025-03-27 16:35:20.048,-5.628710949317455
2025-03-27 16:35:20.048,-2.7884439263027554
2025-03-27 16:35:20.058,3.330269325276633
2025-03-27 16:35:20.058,6.115251704980832
2025-03-27 16:35:20.058,2.188218111359327
2025-03-27 16:35:20.058,-4.294489740855493
2025-03-27 16:35:20.058,-6.135732304257761
2025-03-27 16:35:20.068,-1.3034553557401427
2025-03-27 16:35:20.068,4.794421792868885
2025-03-27 16:35:20.068,5.497262902492172
2025-03-27 16:35:20.068,0.3552123194417778
2025-03-27 16:35:20.068,-4.5820658119717805
2025-03-27 16:35:20.078,-3.9203305584893533
2025-03-27 16:35:20.078,0.845511631970302
2025-03-27 16:35:20.078,3.5454279506489854
2025-03-27 16:35:20.078,1.2660004968190648
2025-03-27 16:35:20.078,-2.2168268985490345
2025-03-27 16:35:20.088,-1.9525132192626988
2025-03-27 16:35:20.088,1.4429199652825508
2025-03-27 16:35:20.088,3.0935775355807866
2025-03-27 16:35:20.088,0.8366749159450829
2025-03-27 16:35:20.088,-2.279486050530517
2025-03-27 16:35:20.098,-2.7477393504680134
2025-03-27 16:35:20.098,-0.9286129698056484
2025-03-27 16:35:20.098,0.623483229802013
2025-03-27 16:35:20.098,0.9540790777076901
2025-03-27 16:35:20.098,1.0814706242484504
2025-03-27 16:35:20.108,1.729606048167183
2025-03-27 16:35:20.108,2.1593781997941446
2025-03-27 16:35:20.108,0.9735531891072283
2025-03-27 16:35:20.108,-2.2987997349653706
2025-03-27 16:35:20.108,-5.797524812522239
2025-03-27 16:35:20.118,-5.7032188138245345
2025-03-27 16:35:20.118,0.1977724205294498
2025-03-27 16:35:20.118,8.399351456213305
2025-03-27 16:35:20.118,10.910517009350668
2025-03-27 16:35:20.118,3.144999615999308
2025-03-27 16:35:20.127,-9.291054613660746
2025-03-27 16:35:20.128,-14.193606591213147
2025-03-27 16:35:20.128,-5.312757968503013
2025-03-27 16:35:20.128,9.420336121490408
2025-03-27 16:35:20.137,14.90789320980232
2025-03-27 16:35:20.137,5.197989014668927
2025-03-27 16:35:20.137,-9.345003269757116
2025-03-27 16:35:20.138,-13.37769438465277
2025-03-27 16:35:20.138,-3.7001143684247886
2025-03-27 16:35:20.147,8.093451548721177
2025-03-27 16:35:20.147,9.869543375973143
2025-03-27 16:35:20.147,2.0828705121693165
2025-03-27 16:35:20.148,-5.139609335887249
2025-03-27 16:35:20.148,-5.0007274811778855
2025-03-27 16:35:20.156,-0.45766785663719756
2025-03-27 16:35:20.156,1.774130688989924
2025-03-27 16:35:20.156,-0.003708252132505252
2025-03-27 16:35:20.156,-1.6600476503077812
2025-03-27 16:35:20.156,0.2874281773086488
2025-03-27 16:35:20.166,3.8707780948529784
2025-03-27 16:35:20.166,4.163969546529105
2025-03-27 16:35:20.166,-0.42720492885207695
2025-03-27 16:35:20.166,-5.731001037338105
2025-03-27 16:35:20.175,-6.153212473126611
2025-03-27 16:35:20.176,-0.8360649032013124
2025-03-27 16:35:20.176,5.345447126376509
2025-03-27 16:35:20.176,6.809195300964528
2025-03-27 16:35:20.176,2.524906472550106
2025-03-27 16:35:20.185,-3.5971934807981283
2025-03-27 16:35:20.186,-6.472925047391438
2025-03-27 16:35:20.186,-3.8599109769492723
2025-03-27 16:35:20.186,2.0376626207263784
2025-03-27 16:35:20.186,6.169669610498227
2025-03-27 16:35:20.195,4.764597735233287
2025-03-27 16:35:20.195,-1.0669211390327427
2025-03-27 16:35:20.196,-6.047892344631985
2025-03-27 16:35:20.196,-5.669425578801535
2025-03-27 16:35:20.196,-0.3886190927240639
2025-03-27 16:35:20.205,5.150510520958419
2025-03-27 16:35:20.205,6.520321152310811
2025-03-27 16:35:20.206,2.9040119723722713
2025-03-27 16:35:20.206,-2.8824742580877625
2025-03-27 16:35:20.206,-6.611565191121786
2025-03-27 16:35:20.215,-5.388804672636294
2025-03-27 16:35:20.215,0.12772287862269405
2025-03-27 16:35:20.216,5.61003703374984
2025-03-27 16:35:20.216,6.3039376838206085
2025-03-27 16:35:20.216,1.5703784569103383
2025-03-27 16:35:20.225,-4.06254674610476
2025-03-27 16:35:20.225,-5.281462059440182
2025-03-27 16:35:20.226,-1.4922159638742787
2025-03-27 16:35:20.226,2.7554115565606527
2025-03-27 16:35:20.226,3.0475319516300305
2025-03-27 16:35:20.235,-0.007493324289570391
2025-03-27 16:35:20.235,-1.9937498052638734
2025-03-27 16:35:20.236,-0.4003130809931227
2025-03-27 16:35:20.236,2.2320475459321982
2025-03-27 16:35:20.236,1.6737788348014069
2025-03-27 16:35:20.245,-2.2277662341966185
2025-03-27 16:35:20.245,-4.69977036951972
2025-03-27 16:35:20.245,-1.6715370888771315
2025-03-27 16:35:20.246,4.626277504579187
2025-03-27 16:35:20.246,7.199685825284027
2025-03-27 16:35:20.253,2.0278446548483156
2025-03-27 16:35:20.254,-6.563433959221431
2025-03-27 16:35:20.254,-9.602480058043763
2025-03-27 16:35:20.254,-3.016609347366273
2025-03-27 16:35:20.254,7.359148049030802
2025-03-27 16:35:20.263,11.346500591503526
2025-03-27 16:35:20.264,4.8807577247309775
2025-03-27 16:35:20.264,-5.945747187738093
2025-03-27 16:35:20.264,-11.283938371535193
2025-03-27 16:35:20.273,-7.008660797564343
2025-03-27 16:35:20.274,2.3509635620497917
2025-03-27 16:35:20.274,8.797501715182714
2025-03-27 16:35:20.274,7.879844946538719
2025-03-27 16:35:20.274,1.3887694894015266
2025-03-27 16:35:20.283,-5.083199943815963
2025-03-27 16:35:20.284,-6.72003445394496
2025-03-27 16:35:20.284,-2.923134299779089
2025-03-27 16:35:20.284,2.4639594275958494
2025-03-27 16:35:20.284,4.519411433092906
2025-03-27 16:35:20.293,1.8416263330179488
2025-03-27 16:35:20.294,-2.0329752258522307
2025-03-27 16:35:20.294,-2.582164779268116
2025-03-27 16:35:20.294,0.31896584343881923
2025-03-27 16:35:20.294,2.370804120101551
2025-03-27 16:35:20.303,0.8132172315562315
2025-03-27 16:35:20.304,-1.6430175491698875
2025-03-27 16:35:20.304,-1.0333867004741282
2025-03-27 16:35:20.304,1.4141732533628841
2025-03-27 16:35:20.304,0.9759966937030322
2025-03-27 16:35:20.313,-2.522401386207752
2025-03-27 16:35:20.314,-3.2559467284990338
2025-03-27 16:35:20.314,1.6710376291573477
2025-03-27 16:35:20.314,6.245544254336786
2025-03-27 16:35:20.314,3.129358412190765
2025-03-27 16:35:20.323,-5.1374592604602665
2025-03-27 16:35:20.323,-8.172243081345814
2025-03-27 16:35:20.324,-1.331277131427253
2025-03-27 16:35:20.324,7.699321972601492
2025-03-27 16:35:20.324,8.337660621539376
2025-03-27 16:35:20.333,-0.03934518348654181
2025-03-27 16:35:20.333,-8.017391447352377
2025-03-27 16:35:20.333,-7.605516983102495
2025-03-27 16:35:20.334,-0.39381169570192653
2025-03-27 16:35:20.334,5.965859537468869
2025-03-27 16:35:20.342,6.429076877296346
2025-03-27 16:35:20.342,2.1212154735755377
2025-03-27 16:35:20.342,-2.7166562385982034
2025-03-27 16:35:20.342,-4.8465644165764585
2025-03-27 16:35:20.342,-3.576742798486742
2025-03-27 16:35:20.353,-0.35376955671666144
2025-03-27 16:35:20.353,2.5085919455572108
2025-03-27 16:35:20.353,3.510544487721032
2025-03-27 16:35:20.354,2.7146005128054322
2025-03-27 16:35:20.354,0.7759411896658757
2025-03-27 16:35:20.361,-1.9221937954518264
2025-03-27 16:35:20.362,-4.368864664560393
2025-03-27 16:35:20.362,-4.259010064365268
2025-03-27 16:35:20.362,-0.21639681564482272
2025-03-27 16:35:20.371,5.219475758779027
2025-03-27 16:35:20.372,6.808783941674443
2025-03-27 16:35:20.372,2.122295449975579
2025-03-27 16:35:20.372,-5.0113345560318745
2025-03-27 16:35:20.372,-7.903133787315379
2025-03-27 16:35:20.381,-3.815534725143192
2025-03-27 16:35:20.382,3.404285987925134
2025-03-27 16:35:20.382,7.438249566850231
2025-03-27 16:35:20.382,5.41869135729053
2025-03-27 16:35:20.382,-0.3372057497820386
2025-03-27 16:35:20.391,-5.2969593249632485
2025-03-27 16:35:20.391,-6.361144942247416
2025-03-27 16:35:20.392,-3.2358398652265836
2025-03-27 16:35:20.392,1.9901707467253944
2025-03-27 16:35:20.392,5.861566323087585
2025-03-27 16:35:20.401,5.420480447227827
2025-03-27 16:35:20.402,0.7668042752849576
2025-03-27 16:35:20.402,-4.1775147503658445
2025-03-27 16:35:20.402,-4.889723593617077
2025-03-27 16:35:20.402,-1.0477675184076263
2025-03-27 16:35:20.411,2.773774715697917
2025-03-27 16:35:20.412,2.275243510041002
2025-03-27 16:35:20.412,-1.3288287078441292
2025-03-27 16:35:20.412,-2.798568879482123
2025-03-27 16:35:20.412,0.3527910579266921
2025-03-27 16:35:20.421,4.3774863959241905
2025-03-27 16:35:20.421,3.823614741046456
2025-03-27 16:35:20.422,-1.4804342799505954
2025-03-27 16:35:20.422,-5.840058294865725
2025-03-27 16:35:20.422,-4.382689354988089
2025-03-27 16:35:20.431,1.192592171845019
2025-03-27 16:35:20.431,4.832778155010218
2025-03-27 16:35:20.432,3.380525213325729
2025-03-27 16:35:20.432,-0.299073883657809
2025-03-27 16:35:20.432,-1.852901523232415
2025-03-27 16:35:20.440,-0.9954386771851138
2025-03-27 16:35:20.440,-0.6075107064980272
2025-03-27 16:35:20.440,-1.5674137375717203
2025-03-27 16:35:20.440,-1.4867604472998812
2025-03-27 16:35:20.440,0.9917366565712371
2025-03-27 16:35:20.449,3.4076451881821885
2025-03-27 16:35:20.450,2.7204560849386734
2025-03-27 16:35:20.450,-0.37306616490154115
2025-03-27 16:35:20.450,-2.486063938302952
2025-03-27 16:35:20.459,-2.11593096868703
2025-03-27 16:35:20.460,-0.9536416468836978
2025-03-27 16:35:20.460,-0.5732844294349907
2025-03-27 16:35:20.460,-0.05453503876401895
2025-03-27 16:35:20.460,1.8458123186569018
2025-03-27 16:35:20.469,3.681392695974509
2025-03-27 16:35:20.469,2.6309868031458206
2025-03-27 16:35:20.470,-1.3214877264800913
2025-03-27 16:35:20.470,-4.542532025342653
2025-03-27 16:35:20.470,-3.9219400618010933
2025-03-27 16:35:20.479,-0.47453768501680543
2025-03-27 16:35:20.479,2.369441760826
2025-03-27 16:35:20.480,2.9263988438277657
2025-03-27 16:35:20.480,2.163376443603234
2025-03-27 16:35:20.480,1.1857848040629775
2025-03-27 16:35:20.489,-0.1903031718305922
2025-03-27 16:35:20.489,-2.126035337338594
2025-03-27 16:35:20.490,-3.5258843187062645
2025-03-27 16:35:20.490,-2.8651564487896746
2025-03-27 16:35:20.490,0.16031495272333285
2025-03-27 16:35:20.499,3.82658679156339
2025-03-27 16:35:20.499,5.078763864909396
2025-03-27 16:35:20.500,2.0235379043164055
2025-03-27 16:35:20.500,-3.3405857530232708
2025-03-27 16:35:20.500,-5.942028853751967
2025-03-27 16:35:20.509,-2.8009316814648058
2025-03-27 16:35:20.510,3.1060588412669046
2025-03-27 16:35:20.510,5.728235217078311
2025-03-27 16:35:20.510,2.5654955955405283
2025-03-27 16:35:20.510,-2.8890133584116877
2025-03-27 16:35:20.519,-5.24475074595345
2025-03-27 16:35:20.519,-2.5730348929060884
2025-03-27 16:35:20.520,2.3222252653669466
2025-03-27 16:35:20.520,4.901753190204764
2025-03-27 16:35:20.520,2.941785773989822
2025-03-27 16:35:20.529,-1.610306433314226
2025-03-27 16:35:20.529,-4.468980181412399
2025-03-27 16:35:20.530,-3.0668022461849307
2025-03-27 16:35:20.530,1.0048043372092699
2025-03-27 16:35:20.530,3.750462009401552
2025-03-27 16:35:20.537,2.8945884009532965
2025-03-27 16:35:20.538,-0.15549298098323056
2025-03-27 16:35:20.538,-2.4859553445361384
2025-03-27 16:35:20.538,-2.8759357952476656
2025-03-27 16:35:20.548,-1.9160859968895512
2025-03-27 16:35:20.548,0.12025426918702192
2025-03-27 16:35:20.548,3.2631364925707844
2025-03-27 16:35:20.548,5.473744095570099
2025-03-27 16:35:20.548,3.193429080684484
2025-03-27 16:35:20.548,-3.5985038925395765
2025-03-27 16:35:20.558,-8.832719183463555
2025-03-27 16:35:20.558,-6.11584765470055
2025-03-27 16:35:20.558,3.0686975208907312
2025-03-27 16:35:20.558,9.756371197984105
2025-03-27 16:35:20.558,7.186588003547835
2025-03-27 16:35:20.567,-1.6882731769113808
2025-03-27 16:35:20.568,-7.775441957626131
2025-03-27 16:35:20.568,-5.857379543653333
2025-03-27 16:35:20.568,0.6165752971494739
2025-03-27 16:35:20.577,4.486923673645523
2025-03-27 16:35:20.578,2.833428472715004
2025-03-27 16:35:20.578,-0.9834525547589634
2025-03-27 16:35:20.578,-2.1911056180510946
2025-03-27 16:35:20.578,0.10991967391038104
2025-03-27 16:35:20.587,2.729319383970643
2025-03-27 16:35:20.587,2.2934429484144623
2025-03-27 16:35:20.588,-1.2862531459502542
2025-03-27 16:35:20.588,-4.695296554382442
2025-03-27 16:35:20.588,-4.2250383217189675
2025-03-27 16:35:20.597,0.46557362504930405
2025-03-27 16:35:20.598,5.364934140362077
2025-03-27 16:35:20.598,5.774137292251841
2025-03-27 16:35:20.598,1.324649249867086
2025-03-27 16:35:20.598,-3.6445904955663293
2025-03-27 16:35:20.607,-5.044203534653729
2025-03-27 16:35:20.608,-2.9689666128868035
2025-03-27 16:35:20.608,-0.0571033042286017
2025-03-27 16:35:20.608,2.1702087969655057
2025-03-27 16:35:20.608,3.595837361488717
2025-03-27 16:35:20.617,3.53602401164062
2025-03-27 16:35:20.617,1.08611335605398
2025-03-27 16:35:20.618,-2.551246090933957
2025-03-27 16:35:20.618,-4.302064521409306
2025-03-27 16:35:20.618,-2.7089093440708627
2025-03-27 16:35:20.628,0.1694276525843733
2025-03-27 16:35:20.628,1.4414060082857754
2025-03-27 16:35:20.628,1.0987952346145284
2025-03-27 16:35:20.628,1.5693333735004993
2025-03-27 16:35:20.628,3.540660517465264
2025-03-27 16:35:20.637,3.9171117562016238
2025-03-27 16:35:20.637,-0.40442910797252146
2025-03-27 16:35:20.638,-7.148177444627338
2025-03-27 16:35:20.638,-9.45098953849044
2025-03-27 16:35:20.638,-3.5208382385233374
2025-03-27 16:35:20.647,6.024984940842339
2025-03-27 16:35:20.647,10.67833183382773
2025-03-27 16:35:20.648,7.185431832875526
2025-03-27 16:35:20.648,-0.11489334378154781
2025-03-27 16:35:20.648,-5.513703193681083
2025-03-27 16:35:20.657,-7.311439975642942
2025-03-27 16:35:20.657,-6.378220617205174
2025-03-27 16:35:20.657,-2.828091543370151
2025-03-27 16:35:20.658,3.1302397186590443
2025-03-27 16:35:20.658,8.534137246665399
2025-03-27 16:35:20.666,8.915809569256174
2025-03-27 16:35:20.666,2.9626835013174144
2025-03-27 16:35:20.666,-5.280049213890725
2025-03-27 16:35:20.666,-9.648778160562873
2025-03-27 16:35:20.666,-7.1988332459179984
2025-03-27 16:35:20.676,-0.36417287498383716
2025-03-27 16:35:20.676,5.673090331991947
2025-03-27 16:35:20.676,7.344408504891072
2025-03-27 16:35:20.676,4.683124605375719
2025-03-27 16:35:20.676,-0.0032494790832321846
2025-03-27 16:35:20.686,-4.223312735978561
2025-03-27 16:35:20.686,-5.964773412463479
2025-03-27 16:35:20.686,-3.9506817187095353
2025-03-27 16:35:20.686,0.9009101512990675
2025-03-27 16:35:20.695,4.746463288031524
2025-03-27 16:35:20.696,3.9687348716429853
2025-03-27 16:35:20.696,-0.18478922644393253
2025-03-27 16:35:20.696,-2.409819018896714
2025-03-27 16:35:20.696,-0.2809696584985517
2025-03-27 16:35:20.705,2.0662646296701697
2025-03-27 16:35:20.706,-0.06919810689241546
2025-03-27 16:35:20.706,-4.324126501112909
2025-03-27 16:35:20.706,-3.95680794742743
2025-03-27 16:35:20.706,2.102897454823464
2025-03-27 16:35:20.715,6.662696076879437
2025-03-27 16:35:20.715,3.7123979054339418
2025-03-27 16:35:20.716,-3.2359697640162954
2025-03-27 16:35:20.716,-5.73689952998074
2025-03-27 16:35:20.716,-1.4596531034102531
2025-03-27 16:35:20.725,3.3918582253435274
2025-03-27 16:35:20.725,2.851870274141109
2025-03-27 16:35:20.726,-1.306302005432002
2025-03-27 16:35:20.726,-2.9299086651323516
2025-03-27 16:35:20.726,-0.0584222571231533
2025-03-27 16:35:20.735,3.0900674685136766
2025-03-27 16:35:20.735,2.3992046217569407
2025-03-27 16:35:20.735,-0.9845332438773096
2025-03-27 16:35:20.736,-3.0513177863217336
2025-03-27 16:35:20.736,-2.237782857705801
2025-03-27 16:35:20.745,-0.1943810894365274
2025-03-27 16:35:20.745,1.4519436157092296
2025-03-27 16:35:20.746,2.4775163694690288
2025-03-27 16:35:20.746,2.4500280859318178
2025-03-27 16:35:20.746,0.45142824603002835
2025-03-27 16:35:20.755,-2.6704472558366064
2025-03-27 16:35:20.755,-3.9192986671126606
2025-03-27 16:35:20.756,-1.6317366449642252
2025-03-27 16:35:20.756,2.0021562743033092
2025-03-27 16:35:20.756,3.540641999366212
2025-03-27 16:35:20.764,2.3436804146998056
2025-03-27 16:35:20.764,0.25680882777916786
2025-03-27 16:35:20.764,-1.6310541591743302
2025-03-27 16:35:20.764,-3.3472933735589927
2025-03-27 16:35:20.764,-3.649549113712145
2025-03-27 16:35:20.774,-0.5999988653750783
2025-03-27 16:35:20.774,4.411156043753845
2025-03-27 16:35:20.774,6.163426366066315
2025-03-27 16:35:20.774,1.6685163449979763
2025-03-27 16:35:20.774,-4.780574853669271
2025-03-27 16:35:20.784,-5.75841629207626
2025-03-27 16:35:20.784,-0.10324075880597444
2025-03-27 16:35:20.784,4.8060244853869705
2025-03-27 16:35:20.784,2.183553605249392
2025-03-27 16:35:20.793,-4.658616550075039
2025-03-27 16:35:20.793,-5.633962632353297
2025-03-27 16:35:20.794,2.705616585094895
2025-03-27 16:35:20.794,10.924795801864514
2025-03-27 16:35:20.794,7.424191604805371
2025-03-27 16:35:20.803,-6.207584645162621
2025-03-27 16:35:20.804,-15.301866640214854
2025-03-27 16:35:20.804,-8.973091864265347
2025-03-27 16:35:20.804,6.68734152900376
2025-03-27 16:35:20.804,15.36901294683336
2025-03-27 16:35:20.812,8.872897114477631
2025-03-27 16:35:20.812,-4.732587283080479
2025-03-27 16:35:20.812,-11.386240126190053
2025-03-27 16:35:20.812,-6.363469588730296
2025-03-27 16:35:20.812,2.546367461236078
2025-03-27 16:35:20.822,5.556852365142933
2025-03-27 16:35:20.822,1.6605792662469814
2025-03-27 16:35:20.822,-2.082328500182881
2025-03-27 16:35:20.822,-0.36204710545147745
2025-03-27 16:35:20.822,3.8110760258847125
2025-03-27 16:35:20.832,3.4775880243575017
2025-03-27 16:35:20.832,-2.6945274714376692
2025-03-27 16:35:20.832,-7.854805090029634
2025-03-27 16:35:20.832,-5.107277673834383
2025-03-27 16:35:20.841,3.5735396682514047
2025-03-27 16:35:20.842,8.996224453303684
2025-03-27 16:35:20.842,5.2838586612474545
2025-03-27 16:35:20.842,-3.406279511610817
2025-03-27 16:35:20.842,-7.784386792030265
2025-03-27 16:35:20.851,-3.7905785627909663
2025-03-27 16:35:20.852,3.4761700079652518
2025-03-27 16:35:20.852,6.003102145760365
2025-03-27 16:35:20.852,1.6664639799937455
2025-03-27 16:35:20.852,-4.052780934099275
2025-03-27 16:35:20.861,-4.661360622696727
2025-03-27 16:35:20.862,0.21320669403346582
2025-03-27 16:35:20.862,4.781326403028386
2025-03-27 16:35:20.862,3.6078277263085314
2025-03-27 16:35:20.862,-2.3827998958983816
2025-03-27 16:35:20.871,-6.3993637178172165
2025-03-27 16:35:20.872,-2.699263262495024
2025-03-27 16:35:20.872,6.222282954084188
2025-03-27 16:35:20.872,10.323402984264217
2025-03-27 16:35:20.872,2.488564667563806
2025-03-27 16:35:20.880,-11.330005759470172
2025-03-27 16:35:20.880,-15.936862718042743
2025-03-27 16:35:20.880,-3.690010341221278
2025-03-27 16:35:20.880,14.643744180734174
2025-03-27 16:35:20.889,19.944097990113
2025-03-27 16:35:20.889,5.873016743530389
2025-03-27 16:35:20.890,-13.55314050838171
2025-03-27 16:35:20.890,-19.194831944635997
2025-03-27 16:35:20.890,-7.119927668947295
2025-03-27 16:35:20.899,8.85515941290027
2025-03-27 16:35:20.899,13.556769237009984
2025-03-27 16:35:20.899,5.770678451813593
2025-03-27 16:35:20.900,-3.7026075987719067
2025-03-27 16:35:20.900,-5.949736372569996
2025-03-27 16:35:20.908,-2.313782403908518
2025-03-27 16:35:20.908,0.5367684557644572
2025-03-27 16:35:20.908,-0.10037598880148738
2025-03-27 16:35:20.908,-1.1431730312940198
2025-03-27 16:35:20.908,0.41042865773846615
2025-03-27 16:35:20.918,3.033201180611577
2025-03-27 16:35:20.918,3.0388219999515367
2025-03-27 16:35:20.918,-0.2910161912774228
2025-03-27 16:35:20.918,-3.5840813029117013
2025-03-27 16:35:20.928,-3.2879675250763047
2025-03-27 16:35:20.928,0.24305806547244807
2025-03-27 16:35:20.928,3.1120265137186203
2025-03-27 16:35:20.928,2.2748439505806552
