timestamp,bandpass_and_notch
2025-03-23 17:18:37.423,-0.24950572573942098
2025-03-23 17:18:37.424,3.3115845297079938
2025-03-23 17:18:37.424,3.611170790105586
2025-03-23 17:18:37.424,-6.261178579482264
2025-03-23 17:18:37.432,-22.688937214085183
2025-03-23 17:18:37.433,-23.722954260915756
2025-03-23 17:18:37.433,5.914931270577342
2025-03-23 17:18:37.433,44.35427228927314
2025-03-23 17:18:37.433,47.048031992719736
2025-03-23 17:18:37.441,-0.12379280058170128
2025-03-23 17:18:37.441,-55.53561777875132
2025-03-23 17:18:37.441,-62.84894169914808
2025-03-23 17:18:37.441,-13.054289126844877
2025-03-23 17:18:37.449,45.86898322530704
2025-03-23 17:18:37.449,61.128182647139525
2025-03-23 17:18:37.449,26.892782225161387
2025-03-23 17:18:37.450,-18.883378717532928
2025-03-23 17:18:37.459,-39.01007124595936
2025-03-23 17:18:37.459,-28.594868094250646
2025-03-23 17:18:37.459,-6.550851599890144
2025-03-23 17:18:37.459,10.408426807718476
2025-03-23 17:18:37.459,18.464569378930793
2025-03-23 17:18:37.467,18.86600776530687
2025-03-23 17:18:37.467,11.066507924915566
2025-03-23 17:18:37.467,-3.408678612061841
2025-03-23 17:18:37.467,-16.394445280848615
2025-03-23 17:18:37.477,-18.21499057829808
2025-03-23 17:18:37.477,-7.506403251579612
2025-03-23 17:18:37.477,6.605878409115951
2025-03-23 17:18:37.477,13.053958469794416
2025-03-23 17:18:37.477,8.831410114386829
2025-03-23 17:18:37.487,0.20878201124293572
2025-03-23 17:18:37.487,-4.96662638582169
2025-03-23 17:18:37.487,-4.663290688776812
2025-03-23 17:18:37.487,-2.1999394215495007
2025-03-23 17:18:37.487,-0.5082110580065057
2025-03-23 17:18:37.496,0.670143412764765
2025-03-23 17:18:37.497,2.1521196175646846
2025-03-23 17:18:37.497,2.742775026793138
2025-03-23 17:18:37.497,0.9564981047602387
2025-03-23 17:18:37.497,-2.1032670619692677
2025-03-23 17:18:37.507,-3.4793273706861356
2025-03-23 17:18:37.507,-1.7220535011680118
2025-03-23 17:18:37.507,1.682390763244017
2025-03-23 17:18:37.507,4.066001321748049
2025-03-23 17:18:37.507,3.762535486336284
2025-03-23 17:18:37.515,0.7977732109861257
2025-03-23 17:18:37.515,-3.2421423364030213
2025-03-23 17:18:37.515,-5.674038493601901
2025-03-23 17:18:37.515,-4.281330815327499
2025-03-23 17:18:37.516,0.483504145417581
2025-03-23 17:18:37.525,5.1486096279665485
2025-03-23 17:18:37.525,5.976241008754426
2025-03-23 17:18:37.525,2.405199090040536
2025-03-23 17:18:37.525,-2.432429828401341
2025-03-23 17:18:37.525,-4.696511700363974
2025-03-23 17:18:37.535,-3.240571632697867
2025-03-23 17:18:37.535,-0.13598551397856334
2025-03-23 17:18:37.535,1.813736120960037
2025-03-23 17:18:37.535,1.7174462969531403
2025-03-23 17:18:37.545,0.7591899142626926
2025-03-23 17:18:37.545,0.2161886417389867
2025-03-23 17:18:37.545,0.04269131656513078
2025-03-23 17:18:37.545,-0.34296045865463964
2025-03-23 17:18:37.545,-0.6577103749565703
2025-03-23 17:18:37.555,-0.16211163471754397
2025-03-23 17:18:37.555,0.7593628209990291
2025-03-23 17:18:37.555,0.6885722714872321
2025-03-23 17:18:37.555,-0.7896945584947512
2025-03-23 17:18:37.555,-2.1516390366287794
2025-03-23 17:18:37.565,-1.6158626890058176
2025-03-23 17:18:37.565,0.8331390076575278
2025-03-23 17:18:37.565,3.3656892423827354
2025-03-23 17:18:37.565,3.7027822455922523
2025-03-23 17:18:37.565,0.7975022583301081
2025-03-23 17:18:37.575,-3.7454850813241305
2025-03-23 17:18:37.575,-5.948168265688434
2025-03-23 17:18:37.575,-2.816589298162918
2025-03-23 17:18:37.575,3.689640857685688
2025-03-23 17:18:37.575,7.348914130645477
2025-03-23 17:18:37.585,3.9100073118923984
2025-03-23 17:18:37.585,-3.7081303626055315
2025-03-23 17:18:37.585,-7.878031277648777
2025-03-23 17:18:37.585,-4.267237595282943
2025-03-23 17:18:37.585,3.50826537686309
2025-03-23 17:18:37.594,7.73183315996963
2025-03-23 17:18:37.595,4.560625203534823
2025-03-23 17:18:37.595,-2.4379099087556053
2025-03-23 17:18:37.595,-6.50519058312876
2025-03-23 17:18:37.595,-4.600086718757363
2025-03-23 17:18:37.605,0.4393525429244957
2025-03-23 17:18:37.605,3.9190972043804284
2025-03-23 17:18:37.605,3.9397106571313643
2025-03-23 17:18:37.605,1.7012692427073772
2025-03-23 17:18:37.605,-1.0377033889598115
2025-03-23 17:18:37.615,-3.074346959430299
2025-03-23 17:18:37.615,-3.159438131827416
2025-03-23 17:18:37.615,-0.5882087956416197
2025-03-23 17:18:37.615,2.984924106781445
2025-03-23 17:18:37.615,4.018302041951292
2025-03-23 17:18:37.625,0.8254475936016493
2025-03-23 17:18:37.625,-3.7543488693375253
2025-03-23 17:18:37.625,-4.832166566711607
2025-03-23 17:18:37.625,-0.8425111540516614
2025-03-23 17:18:37.625,4.401119446272941
2025-03-23 17:18:37.634,5.53450122332341
2025-03-23 17:18:37.635,1.283690227475383
2025-03-23 17:18:37.635,-4.12436113689187
2025-03-23 17:18:37.635,-5.337197044828164
2025-03-23 17:18:37.635,-1.4613675284422036
2025-03-23 17:18:37.644,3.159150720257894
2025-03-23 17:18:37.645,3.8315636518218694
2025-03-23 17:18:37.645,0.5425227718040632
2025-03-23 17:18:37.645,-2.498621685598995
2025-03-23 17:18:37.645,-1.9318495942953895
2025-03-23 17:18:37.654,1.1250347087222852
2025-03-23 17:18:37.655,2.7982373753807446
2025-03-23 17:18:37.655,1.0838204586549052
2025-03-23 17:18:37.655,-2.0489713825519127
2025-03-23 17:18:37.655,-3.1998638037259983
2025-03-23 17:18:37.665,-1.4497922778321812
2025-03-23 17:18:37.665,0.9843203638934983
2025-03-23 17:18:37.665,1.8274771664679108
2025-03-23 17:18:37.665,1.3922127570229819
2025-03-23 17:18:37.665,1.3900237300898102
2025-03-23 17:18:37.674,1.836404023912951
2025-03-23 17:18:37.675,0.7219883013674409
2025-03-23 17:18:37.675,-2.728203531069479
2025-03-23 17:18:37.675,-5.719321144413768
2025-03-23 17:18:37.675,-4.313035131235149
2025-03-23 17:18:37.684,1.6702528100777165
2025-03-23 17:18:37.685,7.257123724234496
2025-03-23 17:18:37.685,6.8740495811030735
2025-03-23 17:18:37.685,0.4077312021614246
2025-03-23 17:18:37.685,-6.08733851254823
2025-03-23 17:18:37.694,-6.518048429013883
2025-03-23 17:18:37.695,-1.2319266199814374
2025-03-23 17:18:37.695,3.7209349636971245
2025-03-23 17:18:37.695,3.7372810984133853
2025-03-23 17:18:37.695,0.4446990074605093
2025-03-23 17:18:37.704,-1.4728399275952802
2025-03-23 17:18:37.705,-0.5468696298473362
2025-03-23 17:18:37.705,0.50793529734444
2025-03-23 17:18:37.705,-0.3900023239021078
2025-03-23 17:18:37.705,-1.5402965398306285
2025-03-23 17:18:37.714,-0.41619277295351564
2025-03-23 17:18:37.715,1.9972704338448426
2025-03-23 17:18:37.715,2.2118654888016023
2025-03-23 17:18:37.715,-0.6370376260725086
2025-03-23 17:18:37.715,-3.06689149369036
2025-03-23 17:18:37.724,-1.7747157139354353
2025-03-23 17:18:37.724,1.7627795329492515
2025-03-23 17:18:37.725,3.1201545100102743
2025-03-23 17:18:37.725,0.7367451570431415
2025-03-23 17:18:37.725,-2.243954450945726
2025-03-23 17:18:37.733,-2.351911935871572
2025-03-23 17:18:37.733,-0.016138623114801992
2025-03-23 17:18:37.733,1.8566116492225269
2025-03-23 17:18:37.733,1.9047719980421043
2025-03-23 17:18:37.743,0.9004545923403905
2025-03-23 17:18:37.743,-0.6325459635448818
2025-03-23 17:18:37.743,-2.7061250368184444
2025-03-23 17:18:37.743,-3.8017465448882932
2025-03-23 17:18:37.743,-1.4169686864461992
2025-03-23 17:18:37.753,3.930125370075907
2025-03-23 17:18:37.753,7.294215960473611
2025-03-23 17:18:37.753,4.176534348144239
2025-03-23 17:18:37.753,-3.6684814118726505
2025-03-23 17:18:37.753,-9.121047911735799
2025-03-23 17:18:37.762,-6.831674809884405
2025-03-23 17:18:37.763,1.336750602024476
2025-03-23 17:18:37.763,8.19860627017951
2025-03-23 17:18:37.763,8.00966093684386
2025-03-23 17:18:37.763,1.404528453827498
2025-03-23 17:18:37.773,-5.553346933558284
2025-03-23 17:18:37.773,-6.926743264420673
2025-03-23 17:18:37.773,-2.216070484674514
2025-03-23 17:18:37.773,3.331382622971289
2025-03-23 17:18:37.773,4.108658290154713
2025-03-23 17:18:37.782,0.15690532097098903
2025-03-23 17:18:37.783,-2.9699785668132024
2025-03-23 17:18:37.783,-1.0123594964493874
2025-03-23 17:18:37.783,3.4564012945493205
2025-03-23 17:18:37.783,4.121403094687386
2025-03-23 17:18:37.792,-0.8222371682520062
2025-03-23 17:18:37.793,-5.964308205695526
2025-03-23 17:18:37.793,-5.219756525403988
2025-03-23 17:18:37.793,0.8099795162136835
2025-03-23 17:18:37.793,5.778590016360241
2025-03-23 17:18:37.801,5.01212400100173
2025-03-23 17:18:37.801,0.1433808288247102
2025-03-23 17:18:37.801,-3.659045942892312
2025-03-23 17:18:37.801,-3.4642437613327473
2025-03-23 17:18:37.802,-0.7178300130868216
2025-03-23 17:18:37.811,1.4303077756515346
2025-03-23 17:18:37.811,1.5212974944939248
2025-03-23 17:18:37.811,0.42024757239863864
2025-03-23 17:18:37.811,-0.3295699691784144
2025-03-23 17:18:37.812,-0.09985393458057712
2025-03-23 17:18:37.821,0.48802637141171623
2025-03-23 17:18:37.821,0.389199958805335
2025-03-23 17:18:37.821,-0.5996989894791043
2025-03-23 17:18:37.821,-1.426554584383956
2025-03-23 17:18:37.831,-0.9390361616734666
2025-03-23 17:18:37.831,0.6637064170530511
2025-03-23 17:18:37.831,1.9353571164625623
2025-03-23 17:18:37.831,1.6477919902458695
2025-03-23 17:18:37.831,-0.11872781916925366
2025-03-23 17:18:37.841,-2.0509851819886777
2025-03-23 17:18:37.841,-2.458458280859146
2025-03-23 17:18:37.841,-0.6037586257252244
2025-03-23 17:18:37.841,2.1602391537297425
2025-03-23 17:18:37.841,3.053105613741933
2025-03-23 17:18:37.851,0.692366498193846
2025-03-23 17:18:37.851,-2.76924593971363
2025-03-23 17:18:37.851,-3.408636858002813
2025-03-23 17:18:37.851,0.028183782601830187
2025-03-23 17:18:37.851,4.135729695236449
2025-03-23 17:18:37.861,4.166392485173958
2025-03-23 17:18:37.861,-0.6398631197647621
2025-03-23 17:18:37.861,-5.692048686649905
2025-03-23 17:18:37.861,-5.558908329130686
2025-03-23 17:18:37.861,0.20068653676242915
2025-03-23 17:18:37.870,6.21546225911746
2025-03-23 17:18:37.871,6.63722495459272
2025-03-23 17:18:37.871,1.0807331097421538
2025-03-23 17:18:37.871,-5.0819511222157985
2025-03-23 17:18:37.871,-6.21856332067557
2025-03-23 17:18:37.881,-1.9018939554059304
2025-03-23 17:18:37.881,3.1002459378589617
2025-03-23 17:18:37.881,4.027745563145246
2025-03-23 17:18:37.881,1.014220180100139
2025-03-23 17:18:37.881,-1.6040278634260368
2025-03-23 17:18:37.891,-0.8020543704827798
2025-03-23 17:18:37.891,1.440317893500847
2025-03-23 17:18:37.891,1.0900898016057483
2025-03-23 17:18:37.891,-2.1042598421739074
2025-03-23 17:18:37.891,-3.8979895434105805
2025-03-23 17:18:37.901,-1.2003451567284709
2025-03-23 17:18:37.901,3.508817002441532
2025-03-23 17:18:37.901,4.979836386485431
2025-03-23 17:18:37.901,1.4864912158878398
2025-03-23 17:18:37.901,-3.3106346561185562
2025-03-23 17:18:37.910,-4.657992679229915
2025-03-23 17:18:37.911,-1.6431763887001076
2025-03-23 17:18:37.911,2.3825283515413327
2025-03-23 17:18:37.911,3.5461203564485806
2025-03-23 17:18:37.911,1.2523937138749264
2025-03-23 17:18:37.920,-1.5743705275172852
2025-03-23 17:18:37.921,-1.9198181481534657
2025-03-23 17:18:37.921,-0.040079479403066776
2025-03-23 17:18:37.921,1.1914254262432173
2025-03-23 17:18:37.921,0.14888983235234315
2025-03-23 17:18:37.931,-1.487536657799115
2025-03-23 17:18:37.931,-1.16306167638643
2025-03-23 17:18:37.931,0.993511097188368
2025-03-23 17:18:37.931,2.289574744565782
2025-03-23 17:18:37.931,1.035555201933132
2025-03-23 17:18:37.940,-1.2352750319863697
2025-03-23 17:18:37.941,-1.7973875053140305
2025-03-23 17:18:37.941,-0.2577668240750055
2025-03-23 17:18:37.941,1.1023877098333652
2025-03-23 17:18:37.941,0.5136672407145564
2025-03-23 17:18:37.950,-0.9631283744714016
2025-03-23 17:18:37.951,-1.0734427404375395
2025-03-23 17:18:37.951,0.46189523348461253
2025-03-23 17:18:37.951,1.6642551977572977
2025-03-23 17:18:37.951,1.0846437754602014
2025-03-23 17:18:37.959,-0.41933092233370683
2025-03-23 17:18:37.959,-1.1847097589406526
2025-03-23 17:18:37.959,-0.9303574897453251
2025-03-23 17:18:37.959,-0.5078682753323019
2025-03-23 17:18:37.960,-0.1864840054813679
2025-03-23 17:18:37.969,0.5607730215656395
2025-03-23 17:18:37.969,1.6182749418756615
2025-03-23 17:18:37.970,1.720025663389775
2025-03-23 17:18:37.970,0.020201123284002774
2025-03-23 17:18:37.970,-2.3060452023568714
2025-03-23 17:18:37.979,-2.8724373476155307
2025-03-23 17:18:37.979,-0.7290784028445177
2025-03-23 17:18:37.979,2.3167679388573403
2025-03-23 17:18:37.980,3.455884438551394
2025-03-23 17:18:37.980,1.6522285812548387
2025-03-23 17:18:37.989,-1.626038743535727
2025-03-23 17:18:37.989,-3.863045456428946
2025-03-23 17:18:37.989,-3.1762311421548493
2025-03-23 17:18:37.990,0.5060387053256011
2025-03-23 17:18:37.990,4.6529815918083175
2025-03-23 17:18:37.999,5.221436569575743
2025-03-23 17:18:37.999,0.5901643387927547
2025-03-23 17:18:37.999,-5.422723093818694
2025-03-23 17:18:37.999,-6.620108082780564
2025-03-23 17:18:38.009,-1.4653023136762429
2025-03-23 17:18:38.009,4.730952922891847
2025-03-23 17:18:38.009,5.962156574674867
2025-03-23 17:18:38.009,2.2192322264152513
2025-03-23 17:18:38.009,-1.7477326420604606
2025-03-23 17:18:38.019,-2.9266031456378334
2025-03-23 17:18:38.019,-2.5734559418476644
2025-03-23 17:18:38.019,-2.430199329139649
2025-03-23 17:18:38.019,-1.4551386942078601
2025-03-23 17:18:38.019,1.8455087917699389
2025-03-23 17:18:38.029,5.4799278515284096
2025-03-23 17:18:38.029,5.179501316442555
2025-03-23 17:18:38.029,-0.03385852328215774
2025-03-23 17:18:38.029,-5.612332012270855
2025-03-23 17:18:38.029,-6.2680502891238
2025-03-23 17:18:38.039,-1.874746645491728
2025-03-23 17:18:38.039,2.949120651904952
2025-03-23 17:18:38.039,4.40234450798391
2025-03-23 17:18:38.039,2.793280843370902
2025-03-23 17:18:38.039,0.48541707874492024
2025-03-23 17:18:38.049,-1.2375345373628335
2025-03-23 17:18:38.049,-2.2785694490737947
2025-03-23 17:18:38.049,-2.3029119564674607
2025-03-23 17:18:38.049,-0.9797486559017932
2025-03-23 17:18:38.049,0.7595232854276152
2025-03-23 17:18:38.059,1.3367657557639012
2025-03-23 17:18:38.059,0.7278662802211141
2025-03-23 17:18:38.059,0.6722732630086764
2025-03-23 17:18:38.059,1.8307740739017713
2025-03-23 17:18:38.059,1.9927781752397893
2025-03-23 17:18:38.069,-1.0660418488016732
2025-03-23 17:18:38.069,-5.3009672409094115
2025-03-23 17:18:38.069,-5.417526229919938
2025-03-23 17:18:38.069,0.492176145995485
2025-03-23 17:18:38.069,7.082560217002776
2025-03-23 17:18:38.079,7.062013023263056
2025-03-23 17:18:38.079,0.08989557648248547
2025-03-23 17:18:38.079,-6.299491079059103
2025-03-23 17:18:38.079,-5.62068057825979
2025-03-23 17:18:38.079,0.04685755114967649
2025-03-23 17:18:38.089,3.5022738485266776
2025-03-23 17:18:38.089,1.8090990284597521
2025-03-23 17:18:38.089,-0.8781210783729796
2025-03-23 17:18:38.089,-0.07687549821360218
2025-03-23 17:18:38.089,2.576708006057336
2025-03-23 17:18:38.099,2.0086132286197493
2025-03-23 17:18:38.099,-2.5769095186361564
2025-03-23 17:18:38.099,-5.832973176572312
2025-03-23 17:18:38.099,-3.00062137568421
2025-03-23 17:18:38.099,3.6169434007525205
2025-03-23 17:18:38.109,6.941824521123256
2025-03-23 17:18:38.109,3.3802656870362675
2025-03-23 17:18:38.109,-3.12179856109456
2025-03-23 17:18:38.109,-5.8681223066918315
2025-03-23 17:18:38.109,-2.8407707528137554
2025-03-23 17:18:38.119,1.923230727881804
2025-03-23 17:18:38.119,3.5958455296807204
2025-03-23 17:18:38.119,1.5292435347192366
2025-03-23 17:18:38.119,-1.1304913242051184
2025-03-23 17:18:38.119,-1.4237803750763616
2025-03-23 17:18:38.129,0.45824622437460083
2025-03-23 17:18:38.129,1.6467945450246704
2025-03-23 17:18:38.129,-0.10599887725509695
2025-03-23 17:18:38.129,-3.296129920901465
2025-03-23 17:18:38.129,-3.5792752091957394
2025-03-23 17:18:38.138,1.000033785847069
2025-03-23 17:18:38.139,6.360295656842582
2025-03-23 17:18:38.139,6.067142013327082
2025-03-23 17:18:38.139,-0.9023337606268969
2025-03-23 17:18:38.139,-7.975460464420177
2025-03-23 17:18:38.148,-7.8256060777151975
2025-03-23 17:18:38.149,-0.3915807322488136
2025-03-23 17:18:38.149,7.141228585425375
2025-03-23 17:18:38.149,7.898215066553056
2025-03-23 17:18:38.149,1.8970201635065487
2025-03-23 17:18:38.159,-4.721783043997743
2025-03-23 17:18:38.159,-6.158203895769006
2025-03-23 17:18:38.159,-2.250903926557197
2025-03-23 17:18:38.159,2.3598231147891284
2025-03-23 17:18:38.159,3.5409335360392498
2025-03-23 17:18:38.169,1.3768432754584785
2025-03-23 17:18:38.169,-1.1077209111600756
2025-03-23 17:18:38.169,-1.596529012863015
2025-03-23 17:18:38.169,-0.2500664467750669
2025-03-23 17:18:38.169,1.204844308629388
2025-03-23 17:18:38.178,1.2011645017996775
2025-03-23 17:18:38.179,-0.42413202855104043
2025-03-23 17:18:38.179,-2.136859110021613
2025-03-23 17:18:38.179,-1.917522024958956
2025-03-23 17:18:38.179,0.5295672944891794
2025-03-23 17:18:38.188,2.931811285725056
2025-03-23 17:18:38.189,2.6094838762416988
2025-03-23 17:18:38.189,-0.3513512814406589
2025-03-23 17:18:38.189,-2.849766952408058
2025-03-23 17:18:38.189,-2.2533960098826924
2025-03-23 17:18:38.197,0.42888815529635305
2025-03-23 17:18:38.197,1.8213314936426133
2025-03-23 17:18:38.197,0.5166886574438634
2025-03-23 17:18:38.197,-1.1444851878198734
2025-03-23 17:18:38.207,-0.3832927040548893
2025-03-23 17:18:38.207,1.9541031851081374
2025-03-23 17:18:38.207,2.286457371476973
2025-03-23 17:18:38.207,-0.7231455778775014
2025-03-23 17:18:38.207,-3.8306339641776197
2025-03-23 17:18:38.217,-3.0411189731846813
2025-03-23 17:18:38.217,1.1733031719767777
2025-03-23 17:18:38.217,4.135235333236934
2025-03-23 17:18:38.217,2.5519714365626296
2025-03-23 17:18:38.217,-1.510006913686431
2025-03-23 17:18:38.227,-3.169459690168303
2025-03-23 17:18:38.227,-0.6809777352836272
2025-03-23 17:18:38.227,2.482527170417851
2025-03-23 17:18:38.227,2.033712542048701
2025-03-23 17:18:38.227,-1.6386083396828302
2025-03-23 17:18:38.237,-3.836117754288032
2025-03-23 17:18:38.237,-1.4459361328318936
2025-03-23 17:18:38.237,3.0546565378735884
2025-03-23 17:18:38.237,4.539489082871155
2025-03-23 17:18:38.237,1.359331084041784
2025-03-23 17:18:38.247,-2.920182380386562
2025-03-23 17:18:38.247,-3.941455399091161
2025-03-23 17:18:38.247,-1.3706739109720623
2025-03-23 17:18:38.247,1.5123156847735597
2025-03-23 17:18:38.247,2.1492973629013528
2025-03-23 17:18:38.257,1.1688480753459927
2025-03-23 17:18:38.257,0.4403866871474026
2025-03-23 17:18:38.257,0.19846837045900612
2025-03-23 17:18:38.257,-0.6557869907172896
2025-03-23 17:18:38.257,-2.0458564064044564
2025-03-23 17:18:38.267,-2.1877258528064383
2025-03-23 17:18:38.267,-0.08106013753769514
2025-03-23 17:18:38.267,2.5862317100964596
2025-03-23 17:18:38.267,3.067732704575328
2025-03-23 17:18:38.267,0.7622410746364128
2025-03-23 17:18:38.276,-2.0769187124041513
2025-03-23 17:18:38.277,-2.830140556213276
2025-03-23 17:18:38.277,-1.0626540521007208
2025-03-23 17:18:38.277,1.4237392794250257
2025-03-23 17:18:38.277,2.392673523874673
2025-03-23 17:18:38.286,0.9221981334069134
2025-03-23 17:18:38.287,-1.7717919058747136
2025-03-23 17:18:38.287,-2.893613097579846
2025-03-23 17:18:38.287,-0.5459215220750844
2025-03-23 17:18:38.287,3.451407941325076
2025-03-23 17:18:38.295,4.388920514699081
2025-03-23 17:18:38.295,0.04584635841021792
2025-03-23 17:18:38.295,-5.445270912007347
2025-03-23 17:18:38.295,-5.525909522378022
2025-03-23 17:18:38.305,0.6314632871430362
2025-03-23 17:18:38.305,6.307333336186208
2025-03-23 17:18:38.305,5.044506462130167
2025-03-23 17:18:38.305,-1.4707309306622585
2025-03-23 17:18:38.305,-5.585036989410768
2025-03-23 17:18:38.315,-3.0864277357708936
2025-03-23 17:18:38.315,2.1568369161858647
2025-03-23 17:18:38.315,3.745678336841377
2025-03-23 17:18:38.315,0.7313716769759646
2025-03-23 17:18:38.315,-2.1360854302217938
2025-03-23 17:18:38.325,-1.2963445523088886
2025-03-23 17:18:38.325,1.212656869166854
2025-03-23 17:18:38.325,1.2269794688993956
2025-03-23 17:18:38.325,-1.5040015133252063
2025-03-23 17:18:38.325,-2.8707460854619127
2025-03-23 17:18:38.335,0.023793217358737087
2025-03-23 17:18:38.335,4.511882670902014
2025-03-23 17:18:38.335,4.899497277104648
2025-03-23 17:18:38.335,-0.7213713165248752
2025-03-23 17:18:38.335,-7.28617948487872
2025-03-23 17:18:38.345,-7.4684181302275805
2025-03-23 17:18:38.345,0.21606414073157526
2025-03-23 17:18:38.345,8.844819273417894
2025-03-23 17:18:38.345,9.66878173114671
2025-03-23 17:18:38.345,1.3614497366573073
2025-03-23 17:18:38.355,-8.209492402870508
2025-03-23 17:18:38.355,-10.02416925175375
2025-03-23 17:18:38.355,-3.054456429255713
2025-03-23 17:18:38.355,5.409035273475976
2025-03-23 17:18:38.355,7.888788573668005
2025-03-23 17:18:38.365,3.7449334543814556
2025-03-23 17:18:38.365,-1.8751045159478437
2025-03-23 17:18:38.365,-4.247775693031568
2025-03-23 17:18:38.365,-2.9325879791981695
2025-03-23 17:18:38.365,-0.4334234662210642
2025-03-23 17:18:38.373,1.0272053246051849
2025-03-23 17:18:38.373,0.986968887618301
2025-03-23 17:18:38.373,0.328961550005829
2025-03-23 17:18:38.374,0.2848386949190764
2025-03-23 17:18:38.374,1.216205952062857
2025-03-23 17:18:38.383,1.7931070848309503
2025-03-23 17:18:38.383,0.22266379761752036
2025-03-23 17:18:38.383,-2.883398633225416
2025-03-23 17:18:38.384,-4.010837473271913
2025-03-23 17:18:38.384,-0.8537072813995206
2025-03-23 17:18:38.393,3.7218511461390915
2025-03-23 17:18:38.393,4.294095454831812
2025-03-23 17:18:38.393,-0.08478626658220662
2025-03-23 17:18:38.394,-3.9904850950659028
2025-03-23 17:18:38.403,-2.3783958822178706
2025-03-23 17:18:38.403,2.638469688094209
2025-03-23 17:18:38.403,4.297367976653336
2025-03-23 17:18:38.403,-0.06717655936525435
2025-03-23 17:18:38.404,-5.410695201830509
2025-03-23 17:18:38.413,-5.076951335705826
2025-03-23 17:18:38.413,1.1395012882463826
2025-03-23 17:18:38.413,6.732673027730888
2025-03-23 17:18:38.413,5.935293127560021
2025-03-23 17:18:38.414,-0.16887145257524738
2025-03-23 17:18:38.423,-5.544561664091477
2025-03-23 17:18:38.423,-5.914396880460746
2025-03-23 17:18:38.423,-2.1775403913720215
2025-03-23 17:18:38.423,2.148351565822861
2025-03-23 17:18:38.424,4.659862438906467
2025-03-23 17:18:38.433,4.582762495322748
2025-03-23 17:18:38.433,1.7238753511037954
2025-03-23 17:18:38.433,-2.865504213835712
2025-03-23 17:18:38.433,-5.911418916608867
2025-03-23 17:18:38.433,-4.178893867439725
2025-03-23 17:18:38.443,1.4325883043673284
2025-03-23 17:18:38.443,5.72678977645962
2025-03-23 17:18:38.443,4.539737279776344
2025-03-23 17:18:38.443,-0.5694280163699026
2025-03-23 17:18:38.443,-4.250472204482768
2025-03-23 17:18:38.453,-3.4570247440007313
2025-03-23 17:18:38.453,-0.11780314228638666
2025-03-23 17:18:38.453,2.1311372101625827
2025-03-23 17:18:38.453,2.0428569710132867
2025-03-23 17:18:38.453,0.8368072936378999
2025-03-23 17:18:38.463,-0.2627614167028852
2025-03-23 17:18:38.463,-1.0039448288249666
2025-03-23 17:18:38.463,-1.2386370314959898
2025-03-23 17:18:38.463,-0.6596880292270793
2025-03-23 17:18:38.463,0.40885681659388273
2025-03-23 17:18:38.472,1.0068232644859836
2025-03-23 17:18:38.473,0.6872634563519655
2025-03-23 17:18:38.473,0.009868638659131831
2025-03-23 17:18:38.473,-0.3670065847484371
2025-03-23 17:18:38.473,-0.46037976539858055
2025-03-23 17:18:38.483,-0.5167917464032924
2025-03-23 17:18:38.483,-0.38329343167301694
2025-03-23 17:18:38.483,0.19513703925086928
2025-03-23 17:18:38.483,0.9822284433094153
2025-03-23 17:18:38.483,1.3441455871179544
2025-03-23 17:18:38.493,0.7705758093432528
2025-03-23 17:18:38.493,-0.7602828428313744
2025-03-23 17:18:38.493,-2.476964090561089
2025-03-23 17:18:38.493,-2.807971463222715
2025-03-23 17:18:38.493,-0.5797295779319532
2025-03-23 17:18:38.502,3.1004458424807777
2025-03-23 17:18:38.503,4.900229605684298
2025-03-23 17:18:38.503,2.4476682374110488
2025-03-23 17:18:38.503,-2.5410829363832206
2025-03-23 17:18:38.503,-5.443683909460664
2025-03-23 17:18:38.512,-3.5468283339015287
2025-03-23 17:18:38.513,1.035364618438837
2025-03-23 17:18:38.513,3.8523706808456657
2025-03-23 17:18:38.513,2.9537397294923
2025-03-23 17:18:38.513,0.36436523862629877
2025-03-23 17:18:38.521,-1.024627165339421
2025-03-23 17:18:38.521,-0.8199960826921842
2025-03-23 17:18:38.521,-0.72632007383021
2025-03-23 17:18:38.521,-1.534399860650207
2025-03-23 17:18:38.531,-1.8031339636427657
2025-03-23 17:18:38.531,0.004075455010181557
2025-03-23 17:18:38.531,2.838288169932067
2025-03-23 17:18:38.531,3.661419158911292
2025-03-23 17:18:38.532,1.0478245700046875
2025-03-23 17:18:38.541,-2.669612526147781
2025-03-23 17:18:38.541,-3.8139619117883283
2025-03-23 17:18:38.541,-1.5982841088688964
2025-03-23 17:18:38.541,1.2224730493748692
2025-03-23 17:18:38.541,2.012143380433521
2025-03-23 17:18:38.551,1.193777418716048
2025-03-23 17:18:38.551,0.7617339883639113
2025-03-23 17:18:38.551,0.9986900623983028
2025-03-23 17:18:38.551,0.24013551164856467
2025-03-23 17:18:38.552,-2.117153131365869
2025-03-23 17:18:38.561,-3.8201679553317365
2025-03-23 17:18:38.561,-2.1107859390124704
2025-03-23 17:18:38.561,2.3699194315817476
2025-03-23 17:18:38.561,5.271922698151261
2025-03-23 17:18:38.562,3.1062661830192657
2025-03-23 17:18:38.562,-2.2494844278164714
2025-03-23 17:18:38.571,-5.009379584653069
2025-03-23 17:18:38.571,-2.108915822651963
2025-03-23 17:18:38.572,2.7710454837853535
2025-03-23 17:18:38.572,3.411254394064323
2025-03-23 17:18:38.581,-0.9858751543298719
2025-03-23 17:18:38.581,-4.235704562442199
2025-03-23 17:18:38.581,-0.9892482251725714
2025-03-23 17:18:38.581,5.424154704986942
2025-03-23 17:18:38.582,6.076971436322374
2025-03-23 17:18:38.591,-1.8713455273183284
2025-03-23 17:18:38.591,-9.78736809677528
2025-03-23 17:18:38.591,-7.260597787057057
2025-03-23 17:18:38.591,4.212339872408833
2025-03-23 17:18:38.591,11.893982092756326
2025-03-23 17:18:38.600,7.148347178787288
2025-03-23 17:18:38.601,-4.24783036247708
2025-03-23 17:18:38.601,-9.963187383536658
2025-03-23 17:18:38.601,-5.890404219673387
2025-03-23 17:18:38.601,1.2395801911193531
2025-03-23 17:18:38.611,4.333186867758639
2025-03-23 17:18:38.611,3.682930897124795
2025-03-23 17:18:38.611,3.037389768508924
2025-03-23 17:18:38.611,2.4843412157175218
2025-03-23 17:18:38.611,-0.7216502385299735
2025-03-23 17:18:38.621,-5.766851022600081
2025-03-23 17:18:38.621,-7.231573620416434
2025-03-23 17:18:38.621,-1.997079183788121
2025-03-23 17:18:38.621,5.5315857572641995
2025-03-23 17:18:38.621,7.835868090706567
2025-03-23 17:18:38.629,3.0720895805232558
2025-03-23 17:18:38.629,-3.110473857960446
2025-03-23 17:18:38.629,-4.72722527468211
2025-03-23 17:18:38.630,-2.013561092205749
2025-03-23 17:18:38.630,0.4552342448726837
2025-03-23 17:18:38.639,0.30908082988353697
2025-03-23 17:18:38.639,-0.3919767007354047
2025-03-23 17:18:38.639,0.8154720710977499
2025-03-23 17:18:38.639,2.9175292287983052
2025-03-23 17:18:38.649,2.8245017109472292
2025-03-23 17:18:38.649,-0.3467357917987426
2025-03-23 17:18:38.649,-3.8231546628130295
2025-03-23 17:18:38.649,-4.172053751424082
2025-03-23 17:18:38.650,-1.00302739327747
2025-03-23 17:18:38.659,2.75293370265272
2025-03-23 17:18:38.659,3.951108260284815
2025-03-23 17:18:38.659,2.11524650851253
2025-03-23 17:18:38.659,-0.7417545710258816
2025-03-23 17:18:38.659,-2.486401107178601
2025-03-23 17:18:38.669,-2.4889082105262545
2025-03-23 17:18:38.669,-1.2529404189774573
2025-03-23 17:18:38.669,0.552424676089096
2025-03-23 17:18:38.669,2.2063709565735405
2025-03-23 17:18:38.669,2.705197054828702
2025-03-23 17:18:38.679,1.3278050760660949
2025-03-23 17:18:38.679,-1.3644607300416607
2025-03-23 17:18:38.679,-3.4843978931745454
2025-03-23 17:18:38.679,-3.137530800863272
2025-03-23 17:18:38.679,-0.07799951296229989
2025-03-23 17:18:38.689,3.634561126185172
2025-03-23 17:18:38.689,4.803578775200269
2025-03-23 17:18:38.689,1.8070723257358607
2025-03-23 17:18:38.689,-3.2547394125435467
2025-03-23 17:18:38.689,-5.750876327126577
2025-03-23 17:18:38.699,-2.957588973240409
2025-03-23 17:18:38.699,2.6402488971473796
2025-03-23 17:18:38.699,5.466410395853216
2025-03-23 17:18:38.699,2.769391253085943
2025-03-23 17:18:38.699,-2.2843623147379977
2025-03-23 17:18:38.709,-4.18717674007207
2025-03-23 17:18:38.709,-1.3102200256552041
2025-03-23 17:18:38.709,2.5142616693313924
2025-03-23 17:18:38.709,2.7402147887046415
2025-03-23 17:18:38.709,-0.6083079721059048
2025-03-23 17:18:38.719,-3.2402685027038647
2025-03-23 17:18:38.719,-1.8419752417625064
2025-03-23 17:18:38.719,2.0347978927187538
2025-03-23 17:18:38.719,3.9140932797253214
2025-03-23 17:18:38.719,1.6621161698449716
2025-03-23 17:18:38.729,-2.2504330868779756
2025-03-23 17:18:38.729,-3.84550561303169
2025-03-23 17:18:38.729,-1.9283274150173686
2025-03-23 17:18:38.729,1.2655523193111062
2025-03-23 17:18:38.729,2.8563668376420535
2025-03-23 17:18:38.737,1.9437023393640032
2025-03-23 17:18:38.737,-0.1197135994540492
2025-03-23 17:18:38.737,-1.345280310326899
2025-03-23 17:18:38.738,-0.9979830458919969
2025-03-23 17:18:38.738,-0.10038116577071662
2025-03-23 17:18:38.749,-0.016184638627092206
2025-03-23 17:18:38.749,-0.6816387472474515
2025-03-23 17:18:38.749,-0.7132394873197421
2025-03-23 17:18:38.749,0.6143563273186865
2025-03-23 17:18:38.749,2.060485433049043
2025-03-23 17:18:38.759,1.7186535610106843
2025-03-23 17:18:38.759,-0.4429124011031995
2025-03-23 17:18:38.759,-2.1564250978753585
2025-03-23 17:18:38.759,-1.5920605049534426
2025-03-23 17:18:38.759,0.11124472030310414
2025-03-23 17:18:38.769,0.4008320287254277
2025-03-23 17:18:38.769,-0.6787687065531703
2025-03-23 17:18:38.769,-0.14530349545869126
2025-03-23 17:18:38.769,2.995331060843238
2025-03-23 17:18:38.769,4.666131838749381
2025-03-23 17:18:38.777,0.5976584926626307
2025-03-23 17:18:38.777,-6.490386707576726
2025-03-23 17:18:38.777,-8.395435499045323
2025-03-23 17:18:38.778,-1.4178813091287712
2025-03-23 17:18:38.778,7.996912399429447
2025-03-23 17:18:38.787,9.984907868199258
2025-03-23 17:18:38.787,2.402630447287151
2025-03-23 17:18:38.787,-6.929418003627784
2025-03-23 17:18:38.787,-8.94451104540744
2025-03-23 17:18:38.797,-2.6743480287302335
2025-03-23 17:18:38.797,4.651548605506875
2025-03-23 17:18:38.797,5.921673004318745
2025-03-23 17:18:38.797,1.3927482231882418
2025-03-23 17:18:38.797,-2.7578374153940985
2025-03-23 17:18:38.807,-2.205978223799501
2025-03-23 17:18:38.807,0.9138252692508821
2025-03-23 17:18:38.807,1.7559686782762058
2025-03-23 17:18:38.807,-0.6351662446305453
2025-03-23 17:18:38.807,-2.6040338072838605
2025-03-23 17:18:38.817,-1.3268519769251854
2025-03-23 17:18:38.817,1.5266859545513072
2025-03-23 17:18:38.817,2.559016081924224
2025-03-23 17:18:38.817,1.1781873564844747
2025-03-23 17:18:38.817,-0.45618790468440784
2025-03-23 17:18:38.827,-1.024559873940267
2025-03-23 17:18:38.827,-1.3241392755579546
2025-03-23 17:18:38.827,-1.8115136338190563
2025-03-23 17:18:38.827,-1.0852757143356304
2025-03-23 17:18:38.828,1.7032356102106108
2025-03-23 17:18:38.837,4.2121983256066855
2025-03-23 17:18:38.837,2.93650331173506
2025-03-23 17:18:38.837,-1.9359956182684317
2025-03-23 17:18:38.837,-5.615929336356871
2025-03-23 17:18:38.837,-3.8902742724998447
2025-03-23 17:18:38.847,1.7306394477054032
2025-03-23 17:18:38.847,5.439997061958532
2025-03-23 17:18:38.847,3.5937409159608977
2025-03-23 17:18:38.847,-1.392112141859737
2025-03-23 17:18:38.847,-4.070394084961687
2025-03-23 17:18:38.857,-2.162881384626598
2025-03-23 17:18:38.857,1.3067010540317117
2025-03-23 17:18:38.857,2.201364455493511
2025-03-23 17:18:38.857,0.3426697561390446
2025-03-23 17:18:38.857,-0.9979583767696079
2025-03-23 17:18:38.867,-0.1607727535625536
2025-03-23 17:18:38.867,0.6977982941804415
2025-03-23 17:18:38.867,-0.47085006382196687
2025-03-23 17:18:38.867,-1.7457899444272176
2025-03-23 17:18:38.867,-0.06875112089507826
2025-03-23 17:18:38.877,3.1000622115669176
2025-03-23 17:18:38.877,2.759186652452215
2025-03-23 17:18:38.877,-2.0991791725133258
2025-03-23 17:18:38.877,-5.593810938748863
2025-03-23 17:18:38.878,-2.3693913341125463
2025-03-23 17:18:38.887,4.468187190127528
2025-03-23 17:18:38.887,6.621963580880743
2025-03-23 17:18:38.887,1.2358789683310436
2025-03-23 17:18:38.887,-5.439025814134559
2025-03-23 17:18:38.887,-5.97969017029142
2025-03-23 17:18:38.897,-0.5076555465592174
2025-03-23 17:18:38.897,4.499692543176178
2025-03-23 17:18:38.897,4.338717618378916
2025-03-23 17:18:38.897,0.5271044161545652
2025-03-23 17:18:38.897,-2.435455646390688
2025-03-23 17:18:38.907,-2.3972696452726945
2025-03-23 17:18:38.907,-0.7664448340934769
2025-03-23 17:18:38.907,0.29859252661489705
2025-03-23 17:18:38.907,0.46300280696738383
2025-03-23 17:18:38.907,0.7976936146157647
2025-03-23 17:18:38.915,1.557564769080947
2025-03-23 17:18:38.915,1.37110639639944
2025-03-23 17:18:38.915,-0.7872520185376248
2025-03-23 17:18:38.916,-3.314611044999158
2025-03-23 17:18:38.916,-2.9981631975456615
2025-03-23 17:18:38.927,0.9574301285978903
2025-03-23 17:18:38.927,4.868253002935658
2025-03-23 17:18:38.927,4.137877730301404
2025-03-23 17:18:38.927,-1.0547457008941235
2025-03-23 17:18:38.927,-5.337716735300338
2025-03-23 17:18:38.935,-4.29561149191534
2025-03-23 17:18:38.935,0.45139932674767885
2025-03-23 17:18:38.935,3.7568181711262865
2025-03-23 17:18:38.936,3.258402639477679
2025-03-23 17:18:38.936,1.0327479169304004
2025-03-23 17:18:38.945,-0.4556033650831706
2025-03-23 17:18:38.945,-1.348552407884411
2025-03-23 17:18:38.945,-2.5152829798960625
2025-03-23 17:18:38.946,-2.886185802763248
2025-03-23 17:18:38.955,-0.7563427161755621
2025-03-23 17:18:38.955,2.8974647915552807
2025-03-23 17:18:38.955,4.53065221595102
2025-03-23 17:18:38.955,2.1415929361895687
2025-03-23 17:18:38.956,-2.0281981914678457
2025-03-23 17:18:38.965,-3.945374603530409
2025-03-23 17:18:38.965,-2.253637174135264
2025-03-23 17:18:38.965,0.7287049672220418
2025-03-23 17:18:38.965,2.094687532431097
2025-03-23 17:18:38.966,1.3335878478223269
2025-03-23 17:18:38.975,0.10212411328962011
2025-03-23 17:18:38.975,-0.16590089999771243
2025-03-23 17:18:38.975,0.17599968409626815
2025-03-23 17:18:38.975,-0.19648268198172741
2025-03-23 17:18:38.975,-1.4959720337558546
2025-03-23 17:18:38.985,-2.0776978775989368
2025-03-23 17:18:38.985,-0.34137381206715156
2025-03-23 17:18:38.985,2.718484401619539
2025-03-23 17:18:38.985,3.8461868491719184
2025-03-23 17:18:38.985,1.1801899981393111
2025-03-23 17:18:38.995,-2.9841984554352914
2025-03-23 17:18:38.995,-4.304517316828219
2025-03-23 17:18:38.995,-1.4143501945720525
2025-03-23 17:18:38.995,2.3142969634428483
2025-03-23 17:18:38.995,2.790097151740197
2025-03-23 17:18:39.005,0.1543678005781165
2025-03-23 17:18:39.005,-1.652462375267059
2025-03-23 17:18:39.005,-0.21799206858096712
2025-03-23 17:18:39.005,2.131622844085856
2025-03-23 17:18:39.005,1.611673328088971
2025-03-23 17:18:39.013,-1.6572458453666417
2025-03-23 17:18:39.013,-3.618737990740062
2025-03-23 17:18:39.013,-1.6925029194966623
2025-03-23 17:18:39.014,1.826600287733856
2025-03-23 17:18:39.014,2.939896603976724
2025-03-23 17:18:39.023,1.0971433979434
2025-03-23 17:18:39.023,-0.6895114401258425
2025-03-23 17:18:39.024,-0.4349632557899611
2025-03-23 17:18:39.024,0.30364553524007415
2025-03-23 17:18:39.024,-0.6456119617804039
2025-03-23 17:18:39.033,-2.3538306199261894
2025-03-23 17:18:39.033,-1.9225542214754499
2025-03-23 17:18:39.033,1.1771578400418732
2025-03-23 17:18:39.034,3.8750334814314886
2025-03-23 17:18:39.043,3.1379333752032053
2025-03-23 17:18:39.043,-0.46549251734811425
2025-03-23 17:18:39.043,-3.596433338380419
2025-03-23 17:18:39.043,-3.6967255349857844
2025-03-23 17:18:39.044,-0.983842627177939
2025-03-23 17:18:39.053,2.314136114912615
2025-03-23 17:18:39.053,3.704350052650896
2025-03-23 17:18:39.053,1.9896336677643554
2025-03-23 17:18:39.053,-1.5349508245845636
2025-03-23 17:18:39.053,-3.525082750617367
2025-03-23 17:18:39.063,-1.6886855852430864
2025-03-23 17:18:39.063,2.1529895638870564
2025-03-23 17:18:39.063,3.4703912559149352
2025-03-23 17:18:39.063,0.35620706727035106
2025-03-23 17:18:39.063,-3.661831758880319
2025-03-23 17:18:39.073,-3.542996519132001
2025-03-23 17:18:39.073,0.9814452378189575
2025-03-23 17:18:39.073,4.743693520874203
2025-03-23 17:18:39.073,3.302214988211952
2025-03-23 17:18:39.074,-1.6367666984416522
2025-03-23 17:18:39.083,-4.370490013533211
2025-03-23 17:18:39.083,-2.1756341306269884
2025-03-23 17:18:39.083,1.6987985193589985
2025-03-23 17:18:39.083,2.546406909702504
2025-03-23 17:18:39.084,0.13819719934605634
2025-03-23 17:18:39.093,-1.537710362439588
2025-03-23 17:18:39.093,-0.05468218443824312
2025-03-23 17:18:39.093,2.0902881781423446
2025-03-23 17:18:39.093,1.147633306587403
2025-03-23 17:18:39.094,-2.2565724952498893
2025-03-23 17:18:39.103,-3.546052893074106
2025-03-23 17:18:39.103,-0.39819332888764836
2025-03-23 17:18:39.103,3.743763027577712
2025-03-23 17:18:39.103,3.807915529245587
2025-03-23 17:18:39.103,-0.4884350394784716
2025-03-23 17:18:39.113,-4.214164157338671
2025-03-23 17:18:39.113,-3.1622201206309386
2025-03-23 17:18:39.113,1.2762066341386202
2025-03-23 17:18:39.113,3.9542781764921693
2025-03-23 17:18:39.113,2.018925994930204
2025-03-23 17:18:39.123,-1.9586753232278673
2025-03-23 17:18:39.123,-3.23496021171106
2025-03-23 17:18:39.123,-0.5822934499359811
2025-03-23 17:18:39.123,2.4067438429805
2025-03-23 17:18:39.124,2.028252295158212
2025-03-23 17:18:39.133,-0.7983825260746638
2025-03-23 17:18:39.133,-2.06636674503851
2025-03-23 17:18:39.133,-0.3716586754074038
2025-03-23 17:18:39.133,1.3372932298770464
2025-03-23 17:18:39.133,0.4319854397652948
2025-03-23 17:18:39.143,-1.3465930545914024
2025-03-23 17:18:39.143,-0.6180542423788251
2025-03-23 17:18:39.143,2.171309536705295
2025-03-23 17:18:39.143,2.830181957809671
2025-03-23 17:18:39.143,-0.654993552937846
2025-03-23 17:18:39.153,-4.6273089155582285
2025-03-23 17:18:39.153,-3.9493179547936195
2025-03-23 17:18:39.153,1.3186787633462158
2025-03-23 17:18:39.153,5.58688436455561
2025-03-23 17:18:39.153,4.35831439081526
2025-03-23 17:18:39.161,-0.684699059842079
2025-03-23 17:18:39.161,-4.287582684900682
2025-03-23 17:18:39.162,-3.814394933583421
2025-03-23 17:18:39.162,-1.0464330673996192
2025-03-23 17:18:39.162,1.3266852829336833
2025-03-23 17:18:39.171,2.57195005164924
2025-03-23 17:18:39.171,2.8827951758552817
2025-03-23 17:18:39.172,1.7343824371015824
2025-03-23 17:18:39.172,-1.0865561405870419
2025-03-23 17:18:39.172,-3.7993456247136086
2025-03-23 17:18:39.181,-3.733537212346872
2025-03-23 17:18:39.181,-0.33513534816616464
2025-03-23 17:18:39.182,3.7136126029215255
2025-03-23 17:18:39.182,4.7156819281438995
2025-03-23 17:18:39.182,1.3934146997892825
2025-03-23 17:18:39.191,-3.5398676166325287
2025-03-23 17:18:39.191,-5.3743795510840195
2025-03-23 17:18:39.191,-1.875655063751274
2025-03-23 17:18:39.192,3.888555388341864
2025-03-23 17:18:39.201,6.058686782510716
2025-03-23 17:18:39.201,2.0587201961314046
2025-03-23 17:18:39.201,-4.283923564929695
2025-03-23 17:18:39.201,-6.466815533507898
2025-03-23 17:18:39.201,-2.1667314127926116
2025-03-23 17:18:39.211,4.1824901243137385
2025-03-23 17:18:39.211,6.015292427248162
2025-03-23 17:18:39.211,1.6580604267361232
2025-03-23 17:18:39.211,-3.872507443429994
2025-03-23 17:18:39.211,-4.512014900995449
2025-03-23 17:18:39.221,-0.0411227275616039
2025-03-23 17:18:39.221,3.8444082092425695
2025-03-23 17:18:39.221,2.5201644973289534
2025-03-23 17:18:39.221,-2.032239056950157
2025-03-23 17:18:39.221,-3.983380800747759
2025-03-23 17:18:39.231,-0.9942812993079702
2025-03-23 17:18:39.231,3.239995965288144
2025-03-23 17:18:39.231,3.9030410940562033
2025-03-23 17:18:39.231,0.573663372862932
2025-03-23 17:18:39.231,-3.0845784126092033
2025-03-23 17:18:39.241,-3.7137184230002855
2025-03-23 17:18:39.241,-1.0946524612891702
2025-03-23 17:18:39.241,2.4233458565358403
2025-03-23 17:18:39.241,3.91425353010682
2025-03-23 17:18:39.242,1.8700701739683676
2025-03-23 17:18:39.251,-2.266286971221199
2025-03-23 17:18:39.251,-4.624938612610831
2025-03-23 17:18:39.251,-2.423222724345007
2025-03-23 17:18:39.251,2.5838587847676706
2025-03-23 17:18:39.251,5.2874778944361625
2025-03-23 17:18:39.261,2.6546196628340595
2025-03-23 17:18:39.261,-2.676941973482299
2025-03-23 17:18:39.261,-5.142862265560043
2025-03-23 17:18:39.261,-2.4096784581162143
2025-03-23 17:18:39.261,2.1671115553700355
2025-03-23 17:18:39.271,3.6804785396733286
2025-03-23 17:18:39.271,1.4047648894716172
2025-03-23 17:18:39.271,-1.0015880104528117
