timestamp,bandpass_and_notch
2025-03-24 17:08:46.557,0.2321684553339558
2025-03-24 17:08:46.557,4.1049353979353205
2025-03-24 17:08:46.557,4.415998714238914
2025-03-24 17:08:46.558,-5.597397671334537
2025-03-24 17:08:46.566,-21.222108047229177
2025-03-24 17:08:46.567,-19.958178900627
2025-03-24 17:08:46.567,10.982441460717494
2025-03-24 17:08:46.567,45.9923957171122
2025-03-24 17:08:46.567,41.506266920890404
2025-03-24 17:08:46.575,-9.591296966817689
2025-03-24 17:08:46.575,-60.38678601392009
2025-03-24 17:08:46.575,-58.34545818524548
2025-03-24 17:08:46.575,-3.5760545941533626
2025-03-24 17:08:46.583,51.989978813928424
2025-03-24 17:08:46.583,60.03121004368319
2025-03-24 17:08:46.584,20.540221135389853
2025-03-24 17:08:46.584,-27.262856737725347
2025-03-24 17:08:46.593,-46.58869266763805
2025-03-24 17:08:46.593,-30.63136799004136
2025-03-24 17:08:46.593,1.8470213313750958
2025-03-24 17:08:46.593,26.577320401805473
2025-03-24 17:08:46.594,29.49742687731542
2025-03-24 17:08:46.601,12.408335646178392
2025-03-24 17:08:46.601,-9.894044976959064
2025-03-24 17:08:46.601,-20.180751289102172
2025-03-24 17:08:46.602,-12.40302681944031
2025-03-24 17:08:46.611,3.130266623231042
2025-03-24 17:08:46.611,10.275000968452183
2025-03-24 17:08:46.611,3.901094798130055
2025-03-24 17:08:46.611,-5.559918465511172
2025-03-24 17:08:46.612,-5.345150393270123
2025-03-24 17:08:46.621,4.37535611901439
2025-03-24 17:08:46.621,11.179730402645495
2025-03-24 17:08:46.621,5.521666644262668
2025-03-24 17:08:46.621,-7.730978915961247
2025-03-24 17:08:46.622,-14.321705560983304
2025-03-24 17:08:46.630,-6.456969228177548
2025-03-24 17:08:46.631,7.915223278834009
2025-03-24 17:08:46.631,13.152288423467109
2025-03-24 17:08:46.631,3.4699258595473217
2025-03-24 17:08:46.631,-9.646749736023665
2025-03-24 17:08:46.639,-10.141521415807109
2025-03-24 17:08:46.639,3.266436613882162
2025-03-24 17:08:46.639,14.455238622645432
2025-03-24 17:08:46.640,8.703930979280749
2025-03-24 17:08:46.649,-9.018613471958083
2025-03-24 17:08:46.649,-18.962209436458455
2025-03-24 17:08:46.649,-9.413770112598106
2025-03-24 17:08:46.649,9.854259875562308
2025-03-24 17:08:46.650,19.01407772109474
2025-03-24 17:08:46.659,10.00956795933449
2025-03-24 17:08:46.659,-6.392444474776043
2025-03-24 17:08:46.659,-14.133132943384535
2025-03-24 17:08:46.659,-8.50724338978608
2025-03-24 17:08:46.659,1.9757934480559067
2025-03-24 17:08:46.669,7.30083686265262
2025-03-24 17:08:46.669,5.715711073130721
2025-03-24 17:08:46.669,1.7640908127109844
2025-03-24 17:08:46.669,-1.3418435619124014
2025-03-24 17:08:46.669,-3.8294237740797046
2025-03-24 17:08:46.679,-5.301171281238197
2025-03-24 17:08:46.679,-3.178823188302214
2025-03-24 17:08:46.679,2.9766553564250726
2025-03-24 17:08:46.679,8.34308850689931
2025-03-24 17:08:46.679,6.958320815502598
2025-03-24 17:08:46.687,-1.3162468885504024
2025-03-24 17:08:46.687,-9.539676373561432
2025-03-24 17:08:46.687,-9.86201327455702
2025-03-24 17:08:46.688,-1.1685425176606592
2025-03-24 17:08:46.697,8.877619456916781
2025-03-24 17:08:46.697,10.338952001764385
2025-03-24 17:08:46.697,1.4765342250837394
2025-03-24 17:08:46.697,-8.015652042836177
2025-03-24 17:08:46.697,-7.332806761557378
2025-03-24 17:08:46.707,2.064827076574004
2025-03-24 17:08:46.707,7.7452620492801145
2025-03-24 17:08:46.707,2.36842057760821
2025-03-24 17:08:46.707,-6.4930578973907185
2025-03-24 17:08:46.708,-6.677677802866334
2025-03-24 17:08:46.717,1.9213563941598142
2025-03-24 17:08:46.717,7.366911264234318
2025-03-24 17:08:46.717,2.385283707325225
2025-03-24 17:08:46.717,-5.271003792738403
2025-03-24 17:08:46.718,-3.448916423782001
2025-03-24 17:08:46.727,6.588058995440631
2025-03-24 17:08:46.727,9.807090495875139
2025-03-24 17:08:46.727,-2.6718280121375395
2025-03-24 17:08:46.727,-18.541093170769287
2025-03-24 17:08:46.727,-16.39025815814458
2025-03-24 17:08:46.735,6.916496949735068
2025-03-24 17:08:46.735,28.196664430999533
2025-03-24 17:08:46.735,22.630761482070763
2025-03-24 17:08:46.736,-6.714733235998518
2025-03-24 17:08:46.745,-30.497357275287424
2025-03-24 17:08:46.745,-24.90157243434165
2025-03-24 17:08:46.745,3.1395136550214193
2025-03-24 17:08:46.745,25.10085258516704
2025-03-24 17:08:46.746,21.697867736867913
2025-03-24 17:08:46.753,0.4330967330023452
2025-03-24 17:08:46.753,-16.167661179422172
2025-03-24 17:08:46.753,-14.73253038750884
2025-03-24 17:08:46.754,-1.5503491926196729
2025-03-24 17:08:46.763,7.952325192662084
2025-03-24 17:08:46.763,6.416424713773703
2025-03-24 17:08:46.763,0.11867329930096249
2025-03-24 17:08:46.764,-1.3598002016232085
2025-03-24 17:08:46.764,2.0476376033552124
2025-03-24 17:08:46.764,1.9790463860584706
2025-03-24 17:08:46.773,-4.640010173593555
2025-03-24 17:08:46.773,-8.933469297485196
2025-03-24 17:08:46.774,-2.156189321433753
2025-03-24 17:08:46.774,9.546147023172841
2025-03-24 17:08:46.783,11.033163487465565
2025-03-24 17:08:46.783,-0.8595353595157926
2025-03-24 17:08:46.783,-11.348111358483163
2025-03-24 17:08:46.783,-7.134741525237745
2025-03-24 17:08:46.784,5.583684457606287
2025-03-24 17:08:46.793,9.913933152130845
2025-03-24 17:08:46.793,0.9011788195912311
2025-03-24 17:08:46.793,-9.115667327048014
2025-03-24 17:08:46.793,-7.594110338184684
2025-03-24 17:08:46.794,2.897093009050658
2025-03-24 17:08:46.802,9.479419712427141
2025-03-24 17:08:46.803,5.264540287060037
2025-03-24 17:08:46.803,-3.3984923695532223
2025-03-24 17:08:46.803,-6.081190098163641
2025-03-24 17:08:46.803,-1.3950659389308027
2025-03-24 17:08:46.813,2.4838165462956794
2025-03-24 17:08:46.813,0.0551397375136837
2025-03-24 17:08:46.813,-3.6688963607111766
2025-03-24 17:08:46.813,-1.1513277801182906
2025-03-24 17:08:46.813,5.44985083492146
2025-03-24 17:08:46.821,6.496941365975012
2025-03-24 17:08:46.821,-0.9424489203798554
2025-03-24 17:08:46.821,-7.836176708202184
2025-03-24 17:08:46.822,-5.113325236787206
2025-03-24 17:08:46.822,3.9508167785170305
2025-03-24 17:08:46.831,7.9608799518799644
2025-03-24 17:08:46.831,1.9222987036468022
2025-03-24 17:08:46.832,-7.011335104420843
2025-03-24 17:08:46.832,-8.483489313701137
2025-03-24 17:08:46.841,-0.5631407562483142
2025-03-24 17:08:46.841,8.667727015310104
2025-03-24 17:08:46.841,9.780792286120562
2025-03-24 17:08:46.842,1.4790521380602
2025-03-24 17:08:46.842,-8.167870499319216
2025-03-24 17:08:46.851,-9.818590485832697
2025-03-24 17:08:46.851,-2.2655556939806822
2025-03-24 17:08:46.851,6.591425559932934
2025-03-24 17:08:46.852,8.109504777051779
2025-03-24 17:08:46.852,1.4743844900938057
2025-03-24 17:08:46.861,-6.127148841426593
2025-03-24 17:08:46.861,-6.9659495300390555
2025-03-24 17:08:46.861,-0.21463146980440284
2025-03-24 17:08:46.862,7.284191868129538
2025-03-24 17:08:46.862,7.676785516998899
2025-03-24 17:08:46.871,0.22630783268676763
2025-03-24 17:08:46.871,-7.587040024686266
2025-03-24 17:08:46.871,-8.052178124284355
2025-03-24 17:08:46.871,-1.6091613079476568
2025-03-24 17:08:46.872,4.467134041487663
2025-03-24 17:08:46.881,5.205487896921219
2025-03-24 17:08:46.881,2.7832310338719526
2025-03-24 17:08:46.881,1.2997590422920489
2025-03-24 17:08:46.881,0.34859424590406995
2025-03-24 17:08:46.882,-2.551077905277967
2025-03-24 17:08:46.891,-5.474095371609405
2025-03-24 17:08:46.891,-3.7789573099390097
2025-03-24 17:08:46.891,1.5640292465139771
2025-03-24 17:08:46.892,3.6500430749769355
2025-03-24 17:08:46.892,0.2022126772366188
2025-03-24 17:08:46.901,-1.680008724919891
2025-03-24 17:08:46.901,3.5910416901242526
2025-03-24 17:08:46.901,9.321291651020973
2025-03-24 17:08:46.901,4.290651935655599
2025-03-24 17:08:46.901,-10.04371477234148
2025-03-24 17:08:46.909,-18.014280768395338
2025-03-24 17:08:46.909,-8.303591148363077
2025-03-24 17:08:46.910,10.888546433521647
2025-03-24 17:08:46.910,19.94995845756126
2025-03-24 17:08:46.910,9.932096313527788
2025-03-24 17:08:46.919,-7.6611490363959405
2025-03-24 17:08:46.919,-14.611431284787388
2025-03-24 17:08:46.920,-6.466646185703095
2025-03-24 17:08:46.920,4.522720694687584
2025-03-24 17:08:46.929,6.0701259981998055
2025-03-24 17:08:46.929,-0.03739998403688516
2025-03-24 17:08:46.929,-3.339738359344556
2025-03-24 17:08:46.930,0.2752467358488205
2025-03-24 17:08:46.930,4.749112214193875
2025-03-24 17:08:46.939,3.7906347567818024
2025-03-24 17:08:46.939,-1.2999663707633982
2025-03-24 17:08:46.939,-5.132296712427987
2025-03-24 17:08:46.939,-5.0914898958388495
2025-03-24 17:08:46.940,-2.175747996567426
2025-03-24 17:08:46.949,2.02604161564003
2025-03-24 17:08:46.949,6.042343671985445
2025-03-24 17:08:46.949,7.385627327744996
2025-03-24 17:08:46.949,3.603505826006732
2025-03-24 17:08:46.950,-4.615777731644402
2025-03-24 17:08:46.957,-12.059473949919187
2025-03-24 17:08:46.957,-11.763440271753524
2025-03-24 17:08:46.958,-0.959610922703804
2025-03-24 17:08:46.958,14.145874590786992
2025-03-24 17:08:46.965,20.686747373082152
2025-03-24 17:08:46.965,9.94865448300913
2025-03-24 17:08:46.966,-11.90642857016884
2025-03-24 17:08:46.966,-26.079930380278725
2025-03-24 17:08:46.966,-18.148202785229195
2025-03-24 17:08:46.975,6.112377651184364
2025-03-24 17:08:46.975,24.59400207813157
2025-03-24 17:08:46.975,20.645286982704665
2025-03-24 17:08:46.976,-0.2656416965560926
2025-03-24 17:08:46.985,-17.305507949822697
2025-03-24 17:08:46.985,-16.227412365342147
2025-03-24 17:08:46.985,-2.1094443370754936
2025-03-24 17:08:46.985,9.058126166037546
2025-03-24 17:08:46.986,8.064123409072236
2025-03-24 17:08:46.995,0.03267075534299002
2025-03-24 17:08:46.995,-4.017738785777537
2025-03-24 17:08:46.995,-0.3742725160156421
2025-03-24 17:08:46.995,4.221549564170067
2025-03-24 17:08:46.996,2.25442107930164
2025-03-24 17:08:47.005,-4.346894706219411
2025-03-24 17:08:47.005,-6.720029341443528
2025-03-24 17:08:47.005,-1.2342055275566792
2025-03-24 17:08:47.005,5.37385117417035
2025-03-24 17:08:47.005,5.275881792370732
2025-03-24 17:08:47.013,-0.049979233705572945
2025-03-24 17:08:47.013,-3.0756645866719237
2025-03-24 17:08:47.013,-1.3684141189691135
2025-03-24 17:08:47.014,0.2996324132411215
2025-03-24 17:08:47.023,-1.1692122831027134
2025-03-24 17:08:47.023,-2.19569208300329
2025-03-24 17:08:47.024,0.9939025897355933
2025-03-24 17:08:47.024,5.266186870179456
2025-03-24 17:08:47.024,4.32887040632895
2025-03-24 17:08:47.033,-2.085077140030951
2025-03-24 17:08:47.033,-7.025618793855994
2025-03-24 17:08:47.033,-4.935546589839949
2025-03-24 17:08:47.033,1.4748388962991763
2025-03-24 17:08:47.034,4.912279529286472
2025-03-24 17:08:47.043,2.784985672373051
2025-03-24 17:08:47.043,-0.048398953741256356
2025-03-24 17:08:47.043,1.0847639408464809
2025-03-24 17:08:47.044,3.0929657902738548
2025-03-24 17:08:47.044,-0.6141406885679105
2025-03-24 17:08:47.053,-8.68441835083064
2025-03-24 17:08:47.053,-10.483627949901692
2025-03-24 17:08:47.053,0.22020197221636933
2025-03-24 17:08:47.053,14.223077507470569
2025-03-24 17:08:47.054,15.420362587151686
2025-03-24 17:08:47.061,0.2700998440654143
2025-03-24 17:08:47.061,-16.040681853186747
2025-03-24 17:08:47.062,-15.651138912812062
2025-03-24 17:08:47.062,1.3572581315362569
2025-03-24 17:08:47.071,15.880824400170376
2025-03-24 17:08:47.071,11.209184656272798
2025-03-24 17:08:47.071,-6.794953662360243
2025-03-24 17:08:47.071,-15.823129728977477
2025-03-24 17:08:47.072,-4.256974043270114
2025-03-24 17:08:47.079,13.81433178415861
2025-03-24 17:08:47.079,15.740399332285355
2025-03-24 17:08:47.079,-1.4254480136190573
2025-03-24 17:08:47.080,-17.507236931791365
2025-03-24 17:08:47.089,-14.250998964699912
2025-03-24 17:08:47.089,3.505760798550905
2025-03-24 17:08:47.089,15.505058732742134
2025-03-24 17:08:47.089,10.393457819113033
2025-03-24 17:08:47.089,-3.154247368479954
2025-03-24 17:08:47.099,-9.170461880359557
2025-03-24 17:08:47.099,-3.6002936560481804
2025-03-24 17:08:47.099,2.798301201241964
2025-03-24 17:08:47.099,0.24949523691615502
2025-03-24 17:08:47.099,-6.179904028505937
2025-03-24 17:08:47.107,-3.5775399673202695
2025-03-24 17:08:47.107,9.330619793563645
2025-03-24 17:08:47.108,17.167823997576356
2025-03-24 17:08:47.108,6.45419687852104
2025-03-24 17:08:47.117,-15.418742409901967
2025-03-24 17:08:47.117,-25.979520271656135
2025-03-24 17:08:47.117,-12.307170585344272
2025-03-24 17:08:47.117,14.20802940306427
2025-03-24 17:08:47.117,29.083293648399152
2025-03-24 17:08:47.125,18.919654427989048
2025-03-24 17:08:47.125,-6.438368328334562
2025-03-24 17:08:47.125,-24.44771887393051
2025-03-24 17:08:47.126,-21.196627522127933
2025-03-24 17:08:47.135,-2.6398165052747418
2025-03-24 17:08:47.135,13.662548999228875
2025-03-24 17:08:47.135,16.049140402133506
2025-03-24 17:08:47.135,7.318490513827706
2025-03-24 17:08:47.135,-2.1914870387917627
2025-03-24 17:08:47.143,-6.240687571960527
2025-03-24 17:08:47.143,-5.792872218945994
2025-03-24 17:08:47.143,-3.7848936995727316
2025-03-24 17:08:47.144,-1.3602132595923124
2025-03-24 17:08:47.154,0.8338619416713293
2025-03-24 17:08:47.155,1.7920704945806274
2025-03-24 17:08:47.155,2.0771014335796476
2025-03-24 17:08:47.155,3.4451137403316294
2025-03-24 17:08:47.155,4.880670406023868
2025-03-24 17:08:47.155,2.3037690662314003
2025-03-24 17:08:47.163,-4.94863680900125
2025-03-24 17:08:47.163,-10.160345331125665
2025-03-24 17:08:47.163,-6.164756614906807
2025-03-24 17:08:47.164,4.460529245337542
2025-03-24 17:08:47.173,10.671871248693742
2025-03-24 17:08:47.173,5.88617557614418
2025-03-24 17:08:47.173,-3.8636345783228214
2025-03-24 17:08:47.173,-7.48365944290038
2025-03-24 17:08:47.174,-2.2958113076997964
2025-03-24 17:08:47.183,3.839871142759491
2025-03-24 17:08:47.183,3.4354597983607427
2025-03-24 17:08:47.183,-1.6595414288852104
2025-03-24 17:08:47.183,-3.987886073252246
2025-03-24 17:08:47.184,-0.46152907812137384
2025-03-24 17:08:47.193,4.362534149086716
2025-03-24 17:08:47.193,4.424022497340223
2025-03-24 17:08:47.193,-0.7974928588525643
2025-03-24 17:08:47.193,-6.066286717875158
2025-03-24 17:08:47.193,-5.994513735743709
2025-03-24 17:08:47.203,-0.07696049682662143
2025-03-24 17:08:47.203,7.01695208762625
2025-03-24 17:08:47.203,9.108546789857389
2025-03-24 17:08:47.203,3.2838490532575424
2025-03-24 17:08:47.203,-6.873991042612627
2025-03-24 17:08:47.211,-12.630523524024492
2025-03-24 17:08:47.211,-7.3438253250909185
2025-03-24 17:08:47.212,5.737078605534458
2025-03-24 17:08:47.212,14.5490033932392
2025-03-24 17:08:47.212,9.753381360037285
2025-03-24 17:08:47.221,-4.690369999740513
2025-03-24 17:08:47.221,-14.423393316148964
2025-03-24 17:08:47.222,-9.371922104347105
2025-03-24 17:08:47.222,5.112963916408917
2025-03-24 17:08:47.230,13.449520333692597
2025-03-24 17:08:47.231,6.842726332996536
2025-03-24 17:08:47.231,-6.7074785619657185
2025-03-24 17:08:47.231,-11.77106298351718
2025-03-24 17:08:47.231,-3.61600346065344
2025-03-24 17:08:47.241,7.105710947117818
2025-03-24 17:08:47.241,8.378762341942025
2025-03-24 17:08:47.241,0.8312317871844567
2025-03-24 17:08:47.241,-5.308504679601259
2025-03-24 17:08:47.241,-3.7865960643836116
2025-03-24 17:08:47.251,1.7019347448735753
2025-03-24 17:08:47.251,3.9685216989104166
2025-03-24 17:08:47.251,0.6039239350280893
2025-03-24 17:08:47.251,-4.635242828204092
2025-03-24 17:08:47.251,-5.999623753832161
2025-03-24 17:08:47.259,-0.9314444837453212
2025-03-24 17:08:47.259,6.924934904581705
2025-03-24 17:08:47.260,9.989595545463118
2025-03-24 17:08:47.260,4.130064967407327
2025-03-24 17:08:47.260,-6.1122684155746105
2025-03-24 17:08:47.269,-11.479165395314993
2025-03-24 17:08:47.269,-7.372997954048058
2025-03-24 17:08:47.269,1.988579474910966
2025-03-24 17:08:47.270,8.506105595815423
2025-03-24 17:08:47.279,7.781325647186781
2025-03-24 17:08:47.279,1.9116385163299687
2025-03-24 17:08:47.279,-3.5682334566641876
2025-03-24 17:08:47.279,-4.771514296016337
2025-03-24 17:08:47.280,-2.2744196627337256
2025-03-24 17:08:47.289,0.3340848455741825
2025-03-24 17:08:47.289,0.5488778415914747
2025-03-24 17:08:47.290,-0.5105769089144417
2025-03-24 17:08:47.290,0.039059514260101416
2025-03-24 17:08:47.290,2.559656811256376
2025-03-24 17:08:47.299,3.6460566714784997
2025-03-24 17:08:47.299,0.5208429056392818
2025-03-24 17:08:47.299,-4.107925332486058
2025-03-24 17:08:47.300,-4.450879250103739
2025-03-24 17:08:47.300,0.36396981991480193
2025-03-24 17:08:47.309,4.142620061527055
2025-03-24 17:08:47.309,1.9385342766420055
2025-03-24 17:08:47.310,-2.64360480263774
2025-03-24 17:08:47.310,-2.522746852597737
2025-03-24 17:08:47.310,2.380427414784285
2025-03-24 17:08:47.319,4.764162769372505
2025-03-24 17:08:47.319,0.29335742200295034
2025-03-24 17:08:47.319,-6.110274417839276
2025-03-24 17:08:47.320,-6.403353822197961
2025-03-24 17:08:47.320,0.6514230465890782
2025-03-24 17:08:47.329,8.043138231200565
2025-03-24 17:08:47.329,8.230441790120377
2025-03-24 17:08:47.329,0.7475410752878064
2025-03-24 17:08:47.330,-7.761415357843733
2025-03-24 17:08:47.330,-9.984222582610032
2025-03-24 17:08:47.339,-4.132236958370573
2025-03-24 17:08:47.339,5.144380889461775
2025-03-24 17:08:47.339,10.621275978573875
2025-03-24 17:08:47.339,7.759949009262099
2025-03-24 17:08:47.340,-1.547331714417052
2025-03-24 17:08:47.349,-9.563036049576652
2025-03-24 17:08:47.349,-9.088188317698226
2025-03-24 17:08:47.349,-0.8645460351118228
2025-03-24 17:08:47.349,6.834133415217596
2025-03-24 17:08:47.350,7.258096464597481
2025-03-24 17:08:47.357,1.9437981747587743
2025-03-24 17:08:47.357,-3.033354149775418
2025-03-24 17:08:47.358,-4.6929457013234295
2025-03-24 17:08:47.358,-3.8281816345237236
2025-03-24 17:08:47.358,-0.6873041868781884
2025-03-24 17:08:47.367,4.593138022138156
2025-03-24 17:08:47.367,7.791448302586933
2025-03-24 17:08:47.367,3.2311841590774755
2025-03-24 17:08:47.368,-7.041901041568675
2025-03-24 17:08:47.377,-12.057620089863589
2025-03-24 17:08:47.377,-4.376888304854343
2025-03-24 17:08:47.377,9.162033070287887
2025-03-24 17:08:47.378,13.99740428872428
2025-03-24 17:08:47.378,4.573203442598275
2025-03-24 17:08:47.387,-9.28209031881796
2025-03-24 17:08:47.387,-13.378859787249036
2025-03-24 17:08:47.387,-4.101849415886251
2025-03-24 17:08:47.387,8.673171395482806
2025-03-24 17:08:47.388,12.152383495425354
2025-03-24 17:08:47.395,3.2118297005678818
2025-03-24 17:08:47.395,-8.879704072231757
2025-03-24 17:08:47.396,-11.79311965350969
2025-03-24 17:08:47.396,-2.5238623572640093
2025-03-24 17:08:47.396,9.471636608071961
2025-03-24 17:08:47.405,11.898679014774709
2025-03-24 17:08:47.405,2.324935266622392
2025-03-24 17:08:47.405,-9.2795285989578
2025-03-24 17:08:47.406,-10.973906378125893
2025-03-24 17:08:47.415,-1.4993881905435207
2025-03-24 17:08:47.415,8.347159751182721
2025-03-24 17:08:47.415,7.763368912207839
2025-03-24 17:08:47.415,-1.4941532042631376
2025-03-24 17:08:47.416,-7.22314915896275
2025-03-24 17:08:47.425,-2.268216398691809
2025-03-24 17:08:47.425,5.906318258608235
2025-03-24 17:08:47.425,5.217565492928131
2025-03-24 17:08:47.425,-3.9702930822416915
2025-03-24 17:08:47.426,-8.651260497134384
2025-03-24 17:08:47.433,-1.2563358169569665
2025-03-24 17:08:47.434,9.020814497950393
2025-03-24 17:08:47.434,8.112581428315002
2025-03-24 17:08:47.434,-3.8207615366131193
2025-03-24 17:08:47.434,-12.117115711369339
2025-03-24 17:08:47.443,-6.239031154618585
2025-03-24 17:08:47.443,7.332107711222388
2025-03-24 17:08:47.444,13.42648503426537
2025-03-24 17:08:47.444,5.789235392629199
2025-03-24 17:08:47.453,-7.149982786604293
2025-03-24 17:08:47.453,-12.674155554425498
2025-03-24 17:08:47.453,-6.689724887253036
2025-03-24 17:08:47.453,3.8652488327215817
2025-03-24 17:08:47.454,9.126919153191572
2025-03-24 17:08:47.463,5.8014228067688185
2025-03-24 17:08:47.463,-0.633928682234177
2025-03-24 17:08:47.463,-2.8441630736401193
2025-03-24 17:08:47.463,-0.4098766785796154
2025-03-24 17:08:47.464,0.2233072642560911
2025-03-24 17:08:47.473,-4.413868664349158
2025-03-24 17:08:47.473,-8.179304575231125
2025-03-24 17:08:47.473,-2.6633874923625367
2025-03-24 17:08:47.473,9.797969151028024
2025-03-24 17:08:47.474,15.713179625257963
2025-03-24 17:08:47.481,5.815777107714441
2025-03-24 17:08:47.481,-11.904037987832993
2025-03-24 17:08:47.481,-18.974040297760013
2025-03-24 17:08:47.482,-7.082507485390444
2025-03-24 17:08:47.491,11.556482350464035
2025-03-24 17:08:47.491,17.550866459657705
2025-03-24 17:08:47.491,6.02962674372237
2025-03-24 17:08:47.491,-9.328042977160408
2025-03-24 17:08:47.491,-13.378399882938616
2025-03-24 17:08:47.501,-5.227798387079806
2025-03-24 17:08:47.501,4.826169938182973
2025-03-24 17:08:47.501,8.692465824007163
2025-03-24 17:08:47.501,6.29006740703527
2025-03-24 17:08:47.501,1.103923986374533
2025-03-24 17:08:47.509,-4.074210057032069
2025-03-24 17:08:47.509,-6.766134730740425
2025-03-24 17:08:47.510,-5.077480820945456
2025-03-24 17:08:47.510,-0.43335391483765934
2025-03-24 17:08:47.510,2.9790954609570277
2025-03-24 17:08:47.521,3.416119035833227
2025-03-24 17:08:47.521,3.487920497034452
2025-03-24 17:08:47.521,4.757299771105723
2025-03-24 17:08:47.521,3.6509120620225164
2025-03-24 17:08:47.521,-3.2202965636831498
2025-03-24 17:08:47.529,-11.393379822437726
2025-03-24 17:08:47.529,-11.383839383835
2025-03-24 17:08:47.529,-0.41178365367074726
2025-03-24 17:08:47.530,12.354457293664344
2025-03-24 17:08:47.537,14.8421369464685
2025-03-24 17:08:47.537,4.8669469969640575
2025-03-24 17:08:47.538,-8.061997138469799
2025-03-24 17:08:47.538,-12.882647242442909
2025-03-24 17:08:47.538,-7.181182323380203
2025-03-24 17:08:47.549,2.374223596091049
2025-03-24 17:08:47.549,7.769134995388219
2025-03-24 17:08:47.549,6.581787016038051
2025-03-24 17:08:47.549,1.949179138098478
2025-03-24 17:08:47.549,-2.2556706748165345
2025-03-24 17:08:47.557,-4.490775924667846
2025-03-24 17:08:47.557,-4.509182208099122
2025-03-24 17:08:47.558,-2.0269311931927323
2025-03-24 17:08:47.558,2.114267838666576
2025-03-24 17:08:47.558,5.103048251032008
2025-03-24 17:08:47.567,4.468831895894848
2025-03-24 17:08:47.567,0.7827026699896797
2025-03-24 17:08:47.568,-3.1205731661152023
2025-03-24 17:08:47.568,-4.946759464223173
2025-03-24 17:08:47.577,-3.983508269702903
2025-03-24 17:08:47.577,-0.578012831218655
2025-03-24 17:08:47.577,3.588336808075711
2025-03-24 17:08:47.578,5.458955302945148
2025-03-24 17:08:47.578,3.1403616515702364
2025-03-24 17:08:47.587,-1.3380200545386118
2025-03-24 17:08:47.587,-3.707881105101727
2025-03-24 17:08:47.587,-2.3740397247958316
2025-03-24 17:08:47.588,0.012554587719381671
2025-03-24 17:08:47.588,0.46404245492914004
2025-03-24 17:08:47.597,-0.6024820671691609
2025-03-24 17:08:47.597,-0.6997252041794534
2025-03-24 17:08:47.597,0.9494320523855548
2025-03-24 17:08:47.598,2.57098780815807
2025-03-24 17:08:47.598,2.362566896665296
2025-03-24 17:08:47.607,0.488506227693268
2025-03-24 17:08:47.607,-1.5879537292214652
2025-03-24 17:08:47.607,-2.7676371268047224
2025-03-24 17:08:47.608,-2.778865460536381
2025-03-24 17:08:47.608,-1.5613541177834485
2025-03-24 17:08:47.617,0.8470227331581786
2025-03-24 17:08:47.617,3.5008084531099275
2025-03-24 17:08:47.617,4.380738182624008
2025-03-24 17:08:47.617,2.105635762938654
2025-03-24 17:08:47.618,-2.061165127136013
2025-03-24 17:08:47.627,-4.801876717092644
2025-03-24 17:08:47.627,-3.903551893288642
2025-03-24 17:08:47.627,-0.39080521563441917
2025-03-24 17:08:47.627,2.848149963456931
2025-03-24 17:08:47.628,3.906364532302719
2025-03-24 17:08:47.637,2.7306047613132485
2025-03-24 17:08:47.637,0.03598359416845691
2025-03-24 17:08:47.637,-3.144790238654111
2025-03-24 17:08:47.637,-4.883226893001809
2025-03-24 17:08:47.638,-3.0747100840277506
2025-03-24 17:08:47.647,2.055104567904044
2025-03-24 17:08:47.647,6.7912016322352375
2025-03-24 17:08:47.647,6.578730065529142
2025-03-24 17:08:47.647,0.43312143095562167
2025-03-24 17:08:47.648,-7.331008609488534
2025-03-24 17:08:47.657,-10.142515519445569
2025-03-24 17:08:47.657,-4.805984375562797
2025-03-24 17:08:47.657,5.083844031659094
2025-03-24 17:08:47.657,11.59041093454765
2025-03-24 17:08:47.658,9.26086025142553
2025-03-24 17:08:47.665,-0.006684188938305302
2025-03-24 17:08:47.665,-8.876939878078442
2025-03-24 17:08:47.665,-11.051311515295042
2025-03-24 17:08:47.666,-5.821572303661558
2025-03-24 17:08:47.675,2.6359426042574006
2025-03-24 17:08:47.675,8.947859956296611
2025-03-24 17:08:47.675,9.534413707949508
2025-03-24 17:08:47.676,3.9725661449896106
2025-03-24 17:08:47.676,-4.4543489152276585
2025-03-24 17:08:47.685,-9.792348951848481
2025-03-24 17:08:47.685,-7.564371942190094
2025-03-24 17:08:47.686,0.4640244899184087
2025-03-24 17:08:47.686,7.054738664827008
2025-03-24 17:08:47.686,6.845289762323956
2025-03-24 17:08:47.695,1.8623829194715722
2025-03-24 17:08:47.695,-2.123799084186192
2025-03-24 17:08:47.695,-3.1015279394841313
2025-03-24 17:08:47.695,-3.4450496253072473
2025-03-24 17:08:47.696,-3.9487065847539884
2025-03-24 17:08:47.705,-1.746275786605692
2025-03-24 17:08:47.705,4.235193476923004
2025-03-24 17:08:47.705,9.124951324789707
2025-03-24 17:08:47.705,6.6372408589435326
2025-03-24 17:08:47.705,-2.8620862688865016
2025-03-24 17:08:47.713,-11.16346127993119
2025-03-24 17:08:47.713,-10.122345470058539
2025-03-24 17:08:47.714,-0.31330951619772307
2025-03-24 17:08:47.714,9.085639645955826
2025-03-24 17:08:47.714,9.63365348579716
2025-03-24 17:08:47.723,2.4074336249875588
2025-03-24 17:08:47.723,-3.8891130720278517
2025-03-24 17:08:47.723,-3.6783887759230476
2025-03-24 17:08:47.723,-0.8008657057655331
2025-03-24 17:08:47.733,-1.8387584717848757
2025-03-24 17:08:47.733,-5.541663773877003
2025-03-24 17:08:47.733,-3.969561542118408
2025-03-24 17:08:47.733,5.157842980459477
2025-03-24 17:08:47.734,12.637743355818031
2025-03-24 17:08:47.743,8.422179876203359
2025-03-24 17:08:47.743,-4.695559207612472
2025-03-24 17:08:47.743,-13.247421294432906
2025-03-24 17:08:47.743,-9.003065115682455
2025-03-24 17:08:47.743,1.8949386563905308
2025-03-24 17:08:47.753,7.671097746472652
2025-03-24 17:08:47.753,5.009360845993354
2025-03-24 17:08:47.753,0.45900216355871903
2025-03-24 17:08:47.753,-0.32620379214590645
2025-03-24 17:08:47.754,0.6588686838256881
2025-03-24 17:08:47.761,-0.8549054127701058
2025-03-24 17:08:47.761,-3.8542480875230796
2025-03-24 17:08:47.762,-3.8597594616190856
2025-03-24 17:08:47.762,-0.2446047262991168
2025-03-24 17:08:47.762,2.825580307667189
2025-03-24 17:08:47.773,2.752091955852352
2025-03-24 17:08:47.773,1.5990154697749597
2025-03-24 17:08:47.773,1.5737926231053132
2025-03-24 17:08:47.773,1.1555578241143885
2025-03-24 17:08:47.773,-1.7873756888520187
2025-03-24 17:08:47.781,-5.484086950556233
2025-03-24 17:08:47.782,-5.662211867790965
2025-03-24 17:08:47.782,-0.6658079944563864
2025-03-24 17:08:47.782,6.313664199063225
2025-03-24 17:08:47.782,9.614116148888497
2025-03-24 17:08:47.791,5.5679690810097
2025-03-24 17:08:47.791,-3.8308831594623305
2025-03-24 17:08:47.791,-11.300336819338094
2025-03-24 17:08:47.792,-10.161935133551736
2025-03-24 17:08:47.801,-0.970702561537499
2025-03-24 17:08:47.801,8.662698383726925
2025-03-24 17:08:47.801,11.314295027157076
2025-03-24 17:08:47.801,5.973479261946294
2025-03-24 17:08:47.802,-2.520196300959916
2025-03-24 17:08:47.811,-8.208374163034144
2025-03-24 17:08:47.811,-7.901273333943221
2025-03-24 17:08:47.811,-2.7132998522684897
2025-03-24 17:08:47.811,2.8790845320787604
2025-03-24 17:08:47.812,4.782686316853233
2025-03-24 17:08:47.821,3.085339081679805
2025-03-24 17:08:47.821,1.2202687010125446
2025-03-24 17:08:47.821,1.1128987033564328
2025-03-24 17:08:47.821,0.840658046479092
2025-03-24 17:08:47.822,-1.9003067084407423
2025-03-24 17:08:47.831,-5.358748859120435
2025-03-24 17:08:47.831,-4.759122777281086
2025-03-24 17:08:47.831,1.4060079058797523
2025-03-24 17:08:47.831,7.237699292476984
2025-03-24 17:08:47.831,4.656416419681384
2025-03-24 17:08:47.839,-5.3672553223780834
2025-03-24 17:08:47.839,-10.293993259460619
2025-03-24 17:08:47.840,-0.39143006271316516
2025-03-24 17:08:47.840,15.461258707842825
2025-03-24 17:08:47.849,16.47192027014822
2025-03-24 17:08:47.849,-3.918147239470213
2025-03-24 17:08:47.849,-25.518625933474762
2025-03-24 17:08:47.849,-22.715430922655546
2025-03-24 17:08:47.850,4.273431214451286
2025-03-24 17:08:47.857,27.793565641873435
2025-03-24 17:08:47.857,23.94618947716862
2025-03-24 17:08:47.857,-1.2392699001780454
2025-03-24 17:08:47.858,-20.89804170607545
2025-03-24 17:08:47.867,-18.114564534061696
2025-03-24 17:08:47.867,-1.3717860618280922
2025-03-24 17:08:47.867,9.876917180927878
2025-03-24 17:08:47.867,8.04223611790007
2025-03-24 17:08:47.868,1.4829650881862382
2025-03-24 17:08:47.877,-0.4364034607229663
2025-03-24 17:08:47.877,1.0566017101886445
2025-03-24 17:08:47.877,-0.45296359615095305
2025-03-24 17:08:47.877,-5.065849246054217
2025-03-24 17:08:47.878,-6.097451884584704
2025-03-24 17:08:47.887,-0.1077017674195182
2025-03-24 17:08:47.887,7.40346977427016
2025-03-24 17:08:47.887,8.092482557022903
2025-03-24 17:08:47.887,0.47939360405342496
2025-03-24 17:08:47.888,-8.148900457022417
2025-03-24 17:08:47.897,-9.18935788493464
2025-03-24 17:08:47.897,-1.4275786654566924
2025-03-24 17:08:47.897,7.714843779508572
2025-03-24 17:08:47.897,9.567511005740828
2025-03-24 17:08:47.898,2.761788488460792
2025-03-24 17:08:47.907,-5.825899584010406
2025-03-24 17:08:47.907,-8.395745040623218
2025-03-24 17:08:47.907,-3.630607562034291
2025-03-24 17:08:47.907,3.244994179393394
2025-03-24 17:08:47.908,6.326345095899088
2025-03-24 17:08:47.915,3.8508482629679333
2025-03-24 17:08:47.916,-1.5898578523714277
2025-03-24 17:08:47.916,-5.5315572636896135
2025-03-24 17:08:47.916,-4.490995252656493
2025-03-24 17:08:47.916,1.314097338469631
2025-03-24 17:08:47.925,7.008519644369406
2025-03-24 17:08:47.925,6.524818397378417
2025-03-24 17:08:47.926,-1.0534040169235932
2025-03-24 17:08:47.926,-9.088225543257662
2025-03-24 17:08:47.935,-9.246539135787552
2025-03-24 17:08:47.935,-0.4452078091212415
2025-03-24 17:08:47.935,9.223866929188313
2025-03-24 17:08:47.936,10.56851700758981
2025-03-24 17:08:47.936,2.728565531618187
2025-03-24 17:08:47.945,-6.483012374675235
2025-03-24 17:08:47.945,-9.111104455401662
2025-03-24 17:08:47.945,-4.394399043566592
2025-03-24 17:08:47.946,2.311780309832903
2025-03-24 17:08:47.946,5.787574268121506
2025-03-24 17:08:47.955,4.7850218996986555
2025-03-24 17:08:47.955,1.0726194584880548
2025-03-24 17:08:47.955,-2.8611337331600595
2025-03-24 17:08:47.956,-4.6842431179734145
2025-03-24 17:08:47.956,-2.855817214879192
2025-03-24 17:08:47.965,1.6470176861534433
2025-03-24 17:08:47.965,4.866814111565185
2025-03-24 17:08:47.965,3.369583493132299
2025-03-24 17:08:47.965,-1.3820074448021589
2025-03-24 17:08:47.965,-4.202022313367467
2025-03-24 17:08:47.975,-2.5527760542025764
2025-03-24 17:08:47.975,0.46984738846128055
2025-03-24 17:08:47.975,1.0071983181509185
2025-03-24 17:08:47.976,-0.03370569806510193
2025-03-24 17:08:47.976,0.927988065599298
2025-03-24 17:08:47.985,3.8177307381065297
2025-03-24 17:08:47.985,4.146931703694612
2025-03-24 17:08:47.985,-0.717600635698275
2025-03-24 17:08:47.985,-7.01293437408309
2025-03-24 17:08:47.986,-8.13739339053418
2025-03-24 17:08:47.995,-2.0381567655407715
2025-03-24 17:08:47.995,6.281456626366962
2025-03-24 17:08:47.995,9.660010777416154
2025-03-24 17:08:47.995,5.495475598789571
2025-03-24 17:08:47.996,-2.407196079142002
2025-03-24 17:08:48.005,-7.830066393521382
2025-03-24 17:08:48.005,-7.29185019364925
2025-03-24 17:08:48.005,-1.811169883421674
2025-03-24 17:08:48.005,4.632082974330226
2025-03-24 17:08:48.006,7.415914748428073
2025-03-24 17:08:48.013,3.9101564809767324
2025-03-24 17:08:48.013,-3.498813251963269
2025-03-24 17:08:48.014,-7.62528353045522
2025-03-24 17:08:48.014,-3.1955415103980465
2025-03-24 17:08:48.014,5.759029797576159
2025-03-24 17:08:48.023,8.655858260166239
2025-03-24 17:08:48.024,0.8610290819987072
2025-03-24 17:08:48.024,-9.286824873944214
2025-03-24 17:08:48.024,-9.558818930426085
2025-03-24 17:08:48.024,1.21361341693125
2025-03-24 17:08:48.033,11.229208833498868
2025-03-24 17:08:48.033,9.45101312154791
2025-03-24 17:08:48.033,-1.9169338117189878
2025-03-24 17:08:48.034,-10.673799614679615
2025-03-24 17:08:48.043,-8.511875030788959
2025-03-24 17:08:48.043,1.0094497510491034
2025-03-24 17:08:48.043,8.094799881260347
2025-03-24 17:08:48.044,7.413043583181844
2025-03-24 17:08:48.044,1.5425666338209834
2025-03-24 17:08:48.053,-4.121495065991401
2025-03-24 17:08:48.053,-6.530427146496955
2025-03-24 17:08:48.053,-5.106577397899039
2025-03-24 17:08:48.054,-0.30741415087013346
2025-03-24 17:08:48.054,5.587942822332427
2025-03-24 17:08:48.063,8.0433139120838
2025-03-24 17:08:48.063,3.8068809580031657
2025-03-24 17:08:48.063,-4.46883854116535
2025-03-24 17:08:48.064,-9.183010994411237
2025-03-24 17:08:48.064,-5.201459458052525
2025-03-24 17:08:48.073,3.975667416785119
2025-03-24 17:08:48.073,9.04868979554909
2025-03-24 17:08:48.073,4.672863682691052
2025-03-24 17:08:48.073,-4.52190105489929
2025-03-24 17:08:48.074,-8.811645099567706
2025-03-24 17:08:48.083,-3.937633291625449
2025-03-24 17:08:48.083,4.625632639343585
2025-03-24 17:08:48.083,8.24709329251008
2025-03-24 17:08:48.083,4.359007251332285
2025-03-24 17:08:48.084,-2.207606977522271
2025-03-24 17:08:48.093,-5.790118302201525
2025-03-24 17:08:48.093,-5.218111314955345
2025-03-24 17:08:48.093,-2.4307037388253985
2025-03-24 17:08:48.093,1.2061827406659231
2025-03-24 17:08:48.094,4.875496966459356
2025-03-24 17:08:48.101,6.24917416435842
2025-03-24 17:08:48.101,2.9197077353314507
2025-03-24 17:08:48.102,-3.4504139837543955
2025-03-24 17:08:48.102,-7.029762633591682
2025-03-24 17:08:48.102,-3.818452229386529
2025-03-24 17:08:48.111,3.1738552025635345
2025-03-24 17:08:48.112,6.4684923527580604
2025-03-24 17:08:48.112,2.11620084387203
2025-03-24 17:08:48.112,-5.575472006473648
2025-03-24 17:08:48.112,-7.994012770421396
2025-03-24 17:08:48.121,-1.2941608533679436
2025-03-24 17:08:48.121,8.736767720795921
2025-03-24 17:08:48.122,11.842380219165602
2025-03-24 17:08:48.122,3.8158319900676907
2025-03-24 17:08:48.131,-8.727423006139325
2025-03-24 17:08:48.131,-14.545982606453745
2025-03-24 17:08:48.131,-8.410081825329126
2025-03-24 17:08:48.132,4.371724188322062
2025-03-24 17:08:48.132,13.124651436258187
2025-03-24 17:08:48.141,11.200828704465524
2025-03-24 17:08:48.141,1.2092224141309318
2025-03-24 17:08:48.141,-8.088518588927329
2025-03-24 17:08:48.142,-9.856827621516821
2025-03-24 17:08:48.142,-4.406333272425069
2025-03-24 17:08:48.151,2.7174932371954816
2025-03-24 17:08:48.151,6.245118920591577
2025-03-24 17:08:48.151,4.526691846684591
2025-03-24 17:08:48.151,-0.32944812476151675
2025-03-24 17:08:48.152,-3.8796701810513596
2025-03-24 17:08:48.159,-2.6568731297144588
2025-03-24 17:08:48.159,1.7042621122446513
2025-03-24 17:08:48.160,3.267293021521072
2025-03-24 17:08:48.160,-0.6654976626089555
2025-03-24 17:08:48.160,-4.739274176225137
2025-03-24 17:08:48.169,-2.192227757756678
2025-03-24 17:08:48.169,4.896243094269341
2025-03-24 17:08:48.170,7.123686486599605
2025-03-24 17:08:48.170,0.3182030424708545
2025-03-24 17:08:48.170,-8.206473402074307
2025-03-24 17:08:48.181,-8.535871002939398
2025-03-24 17:08:48.181,-0.10756023740490939
2025-03-24 17:08:48.181,8.357828270307133
2025-03-24 17:08:48.181,9.174723388782823
2025-03-24 17:08:48.182,2.869395968525829
2025-03-24 17:08:48.189,-4.420543611834095
2025-03-24 17:08:48.189,-7.733141493985082
2025-03-24 17:08:48.190,-6.387364702056339
2025-03-24 17:08:48.190,-2.2140183985165187
2025-03-24 17:08:48.199,2.8896959416029477
2025-03-24 17:08:48.199,7.072970048346991
2025-03-24 17:08:48.200,7.861192914667123
2025-03-24 17:08:48.200,3.645235731982005
2025-03-24 17:08:48.200,-3.6087956734348983
2025-03-24 17:08:48.209,-8.721066077956891
2025-03-24 17:08:48.209,-7.769227360733888
2025-03-24 17:08:48.209,-1.7995513506088046
2025-03-24 17:08:48.210,4.551877974146534
2025-03-24 17:08:48.210,7.351959488761402
2025-03-24 17:08:48.219,5.636120601194486
2025-03-24 17:08:48.219,0.8001073455909788
2025-03-24 17:08:48.219,-4.370571404304006
2025-03-24 17:08:48.220,-6.488261654392563
2025-03-24 17:08:48.220,-3.6510607231466903
2025-03-24 17:08:48.229,2.1515873003603714
2025-03-24 17:08:48.229,5.864020803308914
2025-03-24 17:08:48.229,3.994894788732113
2025-03-24 17:08:48.230,-1.6628018416657304
2025-03-24 17:08:48.230,-5.673176345254765
2025-03-24 17:08:48.239,-4.265706295545148
2025-03-24 17:08:48.239,1.2941976054514737
2025-03-24 17:08:48.239,6.078336412362998
2025-03-24 17:08:48.239,5.7204295696479885
2025-03-24 17:08:48.240,0.14071633313864362
2025-03-24 17:08:48.249,-5.917899971129288
2025-03-24 17:08:48.249,-6.806150657351422
2025-03-24 17:08:48.250,-1.694477665228318
2025-03-24 17:08:48.250,4.195506847991236
2025-03-24 17:08:48.250,5.352019272028899
2025-03-24 17:08:48.259,2.083058621537499
2025-03-24 17:08:48.259,-0.9717370557740717
2025-03-24 17:08:48.259,-1.5092768060663133
2025-03-24 17:08:48.259,-1.6548727612093226
2025-03-24 17:08:48.260,-2.9396543780723086
2025-03-24 17:08:48.269,-2.7237684619677576
2025-03-24 17:08:48.269,1.5833714130524355
2025-03-24 17:08:48.269,6.713655299657875
2025-03-24 17:08:48.270,6.012342734584357
2025-03-24 17:08:48.270,-1.7139527432160895
2025-03-24 17:08:48.279,-9.151256316951653
2025-03-24 17:08:48.279,-8.353826278654722
2025-03-24 17:08:48.279,0.19367862244647327
2025-03-24 17:08:48.280,8.475711745423261
2025-03-24 17:08:48.280,9.664674549722845
2025-03-24 17:08:48.287,3.84144403447644
2025-03-24 17:08:48.288,-4.015134699291882
2025-03-24 17:08:48.288,-8.914161478975648
2025-03-24 17:08:48.288,-8.260892003837993
2025-03-24 17:08:48.288,-2.1666160948756508
2025-03-24 17:08:48.297,6.009510019687256
2025-03-24 17:08:48.298,10.188647058382363
2025-03-24 17:08:48.298,5.993241243485161
2025-03-24 17:08:48.298,-3.6109144339529036
2025-03-24 17:08:48.307,-9.272339959818295
2025-03-24 17:08:48.307,-4.824554428588139
2025-03-24 17:08:48.308,4.706391807430366
2025-03-24 17:08:48.308,7.836340755907736
2025-03-24 17:08:48.308,0.24809492357072804
2025-03-24 17:08:48.317,-9.064583132314784
2025-03-24 17:08:48.317,-7.856063727526289
2025-03-24 17:08:48.318,4.1258286879687756
2025-03-24 17:08:48.318,13.391535464163178
2025-03-24 17:08:48.318,8.161759310764126
2025-03-24 17:08:48.327,-6.663651372066961
2025-03-24 17:08:48.327,-14.238028500206104
2025-03-24 17:08:48.327,-5.992726348159951
2025-03-24 17:08:48.328,7.6963051828084135
2025-03-24 17:08:48.328,10.669149347052672
2025-03-24 17:08:48.337,1.1705577879027707
2025-03-24 17:08:48.337,-7.3228716705867525
2025-03-24 17:08:48.337,-4.7652971211688895
2025-03-24 17:08:48.337,3.2100982193341405
2025-03-24 17:08:48.337,5.03080449376891
2025-03-24 17:08:48.347,-0.5126370105340323
2025-03-24 17:08:48.347,-4.266157959726329
2025-03-24 17:08:48.347,-0.9928531531909319
2025-03-24 17:08:48.347,3.7170700433117947
2025-03-24 17:08:48.348,2.6353506975104097
2025-03-24 17:08:48.355,-2.7800915776688306
2025-03-24 17:08:48.356,-5.294700391572598
2025-03-24 17:08:48.356,-1.8778294400239712
2025-03-24 17:08:48.356,3.5329806929661483
2025-03-24 17:08:48.356,5.873669954355523
2025-03-24 17:08:48.365,3.8680371964735327
2025-03-24 17:08:48.365,-0.5495152469858812
2025-03-24 17:08:48.366,-4.614242107782991
2025-03-24 17:08:48.366,-5.973872361866132
2025-03-24 17:08:48.375,-3.716652011966205
2025-03-24 17:08:48.376,0.7261753762067537
2025-03-24 17:08:48.376,4.453696692371863
2025-03-24 17:08:48.376,5.399319489120043
2025-03-24 17:08:48.376,3.625624874048689
2025-03-24 17:08:48.376,0.6027705005329724
2025-03-24 17:08:48.385,-2.2639142822973493
2025-03-24 17:08:48.385,-4.3615000830144295
2025-03-24 17:08:48.386,-5.356538936315461
2025-03-24 17:08:48.386,-4.259395886511162
2025-03-24 17:08:48.395,0.051717568114681055
2025-03-24 17:08:48.395,6.362603786909649
2025-03-24 17:08:48.396,9.931619671524306
2025-03-24 17:08:48.396,6.148697028987833
2025-03-24 17:08:48.396,-3.5280697085932586
2025-03-24 17:08:48.405,-11.114179086493795
2025-03-24 17:08:48.405,-9.70213714140177
2025-03-24 17:08:48.405,-0.8638076005815685
2025-03-24 17:08:48.405,7.403542198759253
2025-03-24 17:08:48.406,9.302110430104365
2025-03-24 17:08:48.415,5.32875888120912
2025-03-24 17:08:48.415,-1.2298244457468184
2025-03-24 17:08:48.415,-7.50550234851067
