timestamp,bandpass_and_notch
2025-03-24 17:01:53.748,0.2615304841883934
2025-03-24 17:01:53.748,-3.2649005133829276
2025-03-24 17:01:53.749,2.0822372242967475
2025-03-24 17:01:53.749,10.573806943673716
2025-03-24 17:01:54.750,10.955503230737092
2025-03-24 17:01:55.320,5.00903808531382
2025-03-24 17:01:55.321,3.4468181972530707
2025-03-24 17:01:55.321,4.978053201918141
2025-03-24 17:01:55.321,-3.2338313136798766
2025-03-24 17:01:55.330,-20.533687765125833
2025-03-24 17:01:55.330,-24.539422776024985
2025-03-24 17:01:55.330,0.8945252574988198
2025-03-24 17:01:55.331,36.70941369176765
2025-03-24 17:01:55.331,41.94727321890883
2025-03-24 17:01:55.338,1.2209186372992833
2025-03-24 17:01:55.338,-50.076362509163346
2025-03-24 17:01:55.339,-59.33359129661751
2025-03-24 17:01:55.339,-14.40250086876662
2025-03-24 17:01:55.346,42.02003924150581
2025-03-24 17:01:55.347,58.004998944354334
2025-03-24 17:01:55.347,24.620753808653753
2025-03-24 17:01:55.347,-21.488255709541157
2025-03-24 17:01:55.347,-40.428490721772725
2025-03-24 17:01:55.356,-25.235839054296726
2025-03-24 17:01:55.357,1.8970960884558314
2025-03-24 17:01:55.357,18.32349537512609
2025-03-24 17:01:55.357,19.095485842748197
2025-03-24 17:01:55.366,11.522186500567791
2025-03-24 17:01:55.366,2.0416990035034943
2025-03-24 17:01:55.366,-7.104808865654679
2025-03-24 17:01:55.366,-13.013758772004396
2025-03-24 17:01:55.367,-11.218128271149888
2025-03-24 17:01:55.376,-1.665426250916255
2025-03-24 17:01:55.376,8.013316665907636
2025-03-24 17:01:55.376,9.194879609504056
2025-03-24 17:01:55.376,2.189924315906798
2025-03-24 17:01:55.377,-3.7696970167164023
2025-03-24 17:01:55.386,-2.0039643882020703
2025-03-24 17:01:55.386,3.084843833058004
2025-03-24 17:01:55.386,2.356639157119735
2025-03-24 17:01:55.386,-4.872232829559807
2025-03-24 17:01:55.386,-9.07915083816478
2025-03-24 17:01:55.396,-3.325434804334262
2025-03-24 17:01:55.396,6.698359640485545
2025-03-24 17:01:55.396,9.450140007874893
2025-03-24 17:01:55.396,2.341638962091923
2025-03-24 17:01:55.397,-5.219277240570788
2025-03-24 17:01:55.404,-4.3823218967411055
2025-03-24 17:01:55.405,2.0077915758587412
2025-03-24 17:01:55.405,4.209065374764564
2025-03-24 17:01:55.405,-0.8980501728332175
2025-03-24 17:01:55.405,-6.002870018201181
2025-03-24 17:01:55.414,-3.8199641564558062
2025-03-24 17:01:55.415,3.0324564402250593
2025-03-24 17:01:55.415,6.000845158817577
2025-03-24 17:01:55.415,2.1519641856779748
2025-03-24 17:01:55.415,-2.6397260825654447
2025-03-24 17:01:55.424,-2.1417189084374577
2025-03-24 17:01:55.425,2.311291514491185
2025-03-24 17:01:55.425,4.023508549024377
2025-03-24 17:01:55.425,-0.708872389956671
2025-03-24 17:01:55.434,-7.944540099493364
2025-03-24 17:01:55.434,-9.575524374767465
2025-03-24 17:01:55.435,-1.5334301107178174
2025-03-24 17:01:55.435,10.80644314872964
2025-03-24 17:01:55.435,16.023810176590366
2025-03-24 17:01:55.442,7.405975249218445
2025-03-24 17:01:55.443,-8.875872505206782
2025-03-24 17:01:55.443,-18.118103418564345
2025-03-24 17:01:55.443,-11.668455807410542
2025-03-24 17:01:55.443,3.7116140847083683
2025-03-24 17:01:55.452,13.311609766180691
2025-03-24 17:01:55.453,10.356114638322646
2025-03-24 17:01:55.453,1.224916789049074
2025-03-24 17:01:55.453,-4.550462946817311
2025-03-24 17:01:55.462,-4.689422571354062
2025-03-24 17:01:55.462,-2.966592991936384
2025-03-24 17:01:55.462,-2.0000091912064666
2025-03-24 17:01:55.462,-0.9824088531736848
2025-03-24 17:01:55.463,1.0734462105903968
2025-03-24 17:01:55.472,3.1430048615916286
2025-03-24 17:01:55.472,3.554357102263915
2025-03-24 17:01:55.472,1.9821840563264796
2025-03-24 17:01:55.473,-0.467008660076518
2025-03-24 17:01:55.473,-2.5023086206672938
2025-03-24 17:01:55.482,-3.3909089371058023
2025-03-24 17:01:55.482,-2.743908268248659
2025-03-24 17:01:55.482,-0.5262180609500228
2025-03-24 17:01:55.483,2.345321881480082
2025-03-24 17:01:55.483,4.173700573056526
2025-03-24 17:01:55.492,3.7235340214061905
2025-03-24 17:01:55.492,0.8741908589800942
2025-03-24 17:01:55.493,-3.5049416451258546
2025-03-24 17:01:55.493,-6.944942796989776
2025-03-24 17:01:55.493,-5.524978094005957
2025-03-24 17:01:55.502,2.051745758320385
2025-03-24 17:01:55.502,10.028634423414497
2025-03-24 17:01:55.502,9.479425826342734
2025-03-24 17:01:55.502,-0.8099590301214635
2025-03-24 17:01:55.503,-10.871627969685067
2025-03-24 17:01:55.510,-10.515559174613431
2025-03-24 17:01:55.511,-1.0776544435067985
2025-03-24 17:01:55.511,7.502472630215853
2025-03-24 17:01:55.511,8.785895353976326
2025-03-24 17:01:55.511,4.48395934748594
2025-03-24 17:01:55.520,-1.1540108721980176
2025-03-24 17:01:55.520,-5.909650595748899
2025-03-24 17:01:55.521,-7.946957400801266
2025-03-24 17:01:55.521,-4.769763836825939
2025-03-24 17:01:55.530,2.9350817378969465
2025-03-24 17:01:55.530,9.070918800266773
2025-03-24 17:01:55.530,7.618619979462785
2025-03-24 17:01:55.531,-0.08229923641455084
2025-03-24 17:01:55.531,-6.584047842650408
2025-03-24 17:01:55.540,-6.904799708313684
2025-03-24 17:01:55.540,-2.8719378078763658
2025-03-24 17:01:55.540,1.321144184784796
2025-03-24 17:01:55.541,4.02830354344552
2025-03-24 17:01:55.541,5.016977189962441
2025-03-24 17:01:55.550,3.328541249378578
2025-03-24 17:01:55.550,-0.6102000282270877
2025-03-24 17:01:55.550,-3.598787934384514
2025-03-24 17:01:55.550,-3.657082288235444
2025-03-24 17:01:55.550,-2.809611770899099
2025-03-24 17:01:55.560,-2.6618103103911457
2025-03-24 17:01:55.560,-0.4969177773362606
2025-03-24 17:01:55.560,5.606878269731971
2025-03-24 17:01:55.560,10.394294788151678
2025-03-24 17:01:55.561,6.162593088762469
2025-03-24 17:01:55.568,-6.025008086469395
2025-03-24 17:01:55.569,-14.793944217561062
2025-03-24 17:01:55.569,-10.47901021448675
2025-03-24 17:01:55.569,3.5077100837605872
2025-03-24 17:01:55.578,13.857906584844756
2025-03-24 17:01:55.578,11.563073438108011
2025-03-24 17:01:55.578,0.6122572783085729
2025-03-24 17:01:55.578,-8.196710679770044
2025-03-24 17:01:55.579,-9.25668072633228
2025-03-24 17:01:55.588,-5.103015695211241
2025-03-24 17:01:55.588,0.30501109583345526
2025-03-24 17:01:55.588,5.714867105427537
2025-03-24 17:01:55.588,9.120367732784771
2025-03-24 17:01:55.589,6.067617706010976
2025-03-24 17:01:55.596,-3.806818134766196
2025-03-24 17:01:55.597,-11.764003262462545
2025-03-24 17:01:55.597,-8.081183734260836
2025-03-24 17:01:55.597,4.57418898758674
2025-03-24 17:01:55.606,12.087731600729231
2025-03-24 17:01:55.606,5.914487058344755
2025-03-24 17:01:55.607,-5.941169358278756
2025-03-24 17:01:55.607,-9.41208911047297
2025-03-24 17:01:55.607,-2.1512759200079046
2025-03-24 17:01:55.616,5.200155376023839
2025-03-24 17:01:55.616,4.2574978867214455
2025-03-24 17:01:55.616,-1.2067144610709502
2025-03-24 17:01:55.617,-2.5969236544577847
2025-03-24 17:01:55.617,1.3139133449319411
2025-03-24 17:01:55.626,3.9227478657367154
2025-03-24 17:01:55.626,0.7003588092366301
2025-03-24 17:01:55.626,-4.8895376043801635
2025-03-24 17:01:55.627,-6.2156676269275595
2025-03-24 17:01:55.627,-1.3333001631378598
2025-03-24 17:01:55.634,5.539693230267164
2025-03-24 17:01:55.635,8.484671900309724
2025-03-24 17:01:55.635,4.411429658325763
2025-03-24 17:01:55.635,-4.634864367048875
2025-03-24 17:01:55.644,-11.470442655598468
2025-03-24 17:01:55.644,-8.425905070660287
2025-03-24 17:01:55.644,4.110127827854987
2025-03-24 17:01:55.645,14.742768312588904
2025-03-24 17:01:55.645,11.392175463891817
2025-03-24 17:01:55.653,-4.176717149625203
2025-03-24 17:01:55.653,-16.15150220214849
2025-03-24 17:01:55.653,-11.802848220427718
2025-03-24 17:01:55.653,3.8328918132510745
2025-03-24 17:01:55.653,13.951134001925324
2025-03-24 17:01:55.662,9.281252719938932
2025-03-24 17:01:55.663,-2.800067144596881
2025-03-24 17:01:55.663,-8.859598232213227
2025-03-24 17:01:55.663,-4.8559099904519325
2025-03-24 17:01:55.672,1.8428356998821753
2025-03-24 17:01:55.673,3.40742948960349
2025-03-24 17:01:55.673,0.30383720044995954
2025-03-24 17:01:55.673,-1.5244142511062064
2025-03-24 17:01:55.673,0.6523274554847981
2025-03-24 17:01:55.673,3.067488255542494
2025-03-24 17:01:55.682,1.1037238968983296
2025-03-24 17:01:55.682,-3.60970624382445
2025-03-24 17:01:55.683,-4.467792651647595
2025-03-24 17:01:55.683,0.8898484405724656
2025-03-24 17:01:55.692,5.8555043257325465
2025-03-24 17:01:55.692,3.1117216249764024
2025-03-24 17:01:55.693,-4.3491356303448
2025-03-24 17:01:55.693,-6.298159496008321
2025-03-24 17:01:55.693,0.33124976346434065
2025-03-24 17:01:55.702,6.768782214296548
2025-03-24 17:01:55.702,4.841573044162364
2025-03-24 17:01:55.703,-2.2376247083523957
2025-03-24 17:01:55.703,-6.038995168616008
2025-03-24 17:01:55.703,-4.380979213812113
2025-03-24 17:01:55.712,-0.8280409178658932
2025-03-24 17:01:55.712,2.8295446165910874
2025-03-24 17:01:55.712,6.625173792562382
2025-03-24 17:01:55.713,7.468911964295052
2025-03-24 17:01:55.713,1.4849264640724438
2025-03-24 17:01:55.722,-8.419160816032317
2025-03-24 17:01:55.722,-12.946158205081035
2025-03-24 17:01:55.723,-6.4464168433859195
2025-03-24 17:01:55.723,6.131730090127883
2025-03-24 17:01:55.723,13.891858320352961
2025-03-24 17:01:55.730,10.506137327411736
2025-03-24 17:01:55.730,-0.4781170833497669
2025-03-24 17:01:55.731,-9.832792945490324
2025-03-24 17:01:55.731,-11.148235482342812
2025-03-24 17:01:55.740,-5.237659294381393
2025-03-24 17:01:55.741,2.6038306186460334
2025-03-24 17:01:55.741,7.837024572428854
2025-03-24 17:01:55.741,8.645843719881213
2025-03-24 17:01:55.741,4.756530281711041
2025-03-24 17:01:55.741,-2.7076163322056064
2025-03-24 17:01:55.750,-9.562720711784879
2025-03-24 17:01:55.751,-9.640884855366231
2025-03-24 17:01:55.751,-0.9894636003118433
2025-03-24 17:01:55.751,9.329452861631893
2025-03-24 17:01:55.760,10.665792295511462
2025-03-24 17:01:55.760,1.0637602571137292
2025-03-24 17:01:55.761,-8.999850275799352
2025-03-24 17:01:55.761,-8.3448552306916
2025-03-24 17:01:55.761,1.588726889066051
2025-03-24 17:01:55.768,8.892587915277533
2025-03-24 17:01:55.769,5.594696973296647
2025-03-24 17:01:55.769,-3.9536433199132746
2025-03-24 17:01:55.769,-9.32148824192975
2025-03-24 17:01:55.769,-5.382419704008286
2025-03-24 17:01:55.778,3.7523124499788807
2025-03-24 17:01:55.779,9.873470825584555
2025-03-24 17:01:55.779,7.911713833466735
2025-03-24 17:01:55.779,-0.6303103911255888
2025-03-24 17:01:55.788,-9.156887953253944
2025-03-24 17:01:55.788,-10.828617296549842
2025-03-24 17:01:55.789,-3.9247102929133946
2025-03-24 17:01:55.789,6.279484683689075
2025-03-24 17:01:55.789,11.47230577978002
2025-03-24 17:01:55.798,7.406441685030841
2025-03-24 17:01:55.798,-2.2022477869885035
2025-03-24 17:01:55.798,-9.017679448201008
2025-03-24 17:01:55.798,-7.824086121310536
2025-03-24 17:01:55.799,-0.9820238588243404
2025-03-24 17:01:55.808,4.856295644839995
2025-03-24 17:01:55.808,5.557938009557811
2025-03-24 17:01:55.808,2.2044816351520873
2025-03-24 17:01:55.809,-1.690413893748663
2025-03-24 17:01:55.809,-3.3866546077437913
2025-03-24 17:01:55.818,-1.7989604115606976
2025-03-24 17:01:55.818,1.864020220451232
2025-03-24 17:01:55.818,3.664053466638827
2025-03-24 17:01:55.819,0.2664897259848373
2025-03-24 17:01:55.819,-5.553487824898219
2025-03-24 17:01:55.826,-5.983087400067077
2025-03-24 17:01:55.827,1.9589220610088325
2025-03-24 17:01:55.827,10.181062196023978
2025-03-24 17:01:55.827,7.99675219083745
2025-03-24 17:01:55.827,-3.7602026445594476
2025-03-24 17:01:55.836,-12.245455847571527
2025-03-24 17:01:55.837,-7.837982095236683
2025-03-24 17:01:55.837,4.190319357416935
2025-03-24 17:01:55.837,10.357667111718495
2025-03-24 17:01:55.846,5.050262707992915
2025-03-24 17:01:55.846,-3.9488239183501714
2025-03-24 17:01:55.847,-6.014846757162134
2025-03-24 17:01:55.847,-0.30440697405115147
2025-03-24 17:01:55.847,4.5062827292881895
2025-03-24 17:01:55.856,1.7920148423911297
2025-03-24 17:01:55.856,-4.799058012846126
2025-03-24 17:01:55.857,-6.1891444305811145
2025-03-24 17:01:55.857,0.5398067033672111
2025-03-24 17:01:55.857,8.181679175497028
2025-03-24 17:01:55.866,7.913861633332661
2025-03-24 17:01:55.866,-0.3779542168026666
2025-03-24 17:01:55.866,-8.383580014382446
2025-03-24 17:01:55.867,-8.777856774785315
2025-03-24 17:01:55.867,-1.9421271758028822
2025-03-24 17:01:55.876,5.9759998987081495
2025-03-24 17:01:55.876,8.924600246617855
2025-03-24 17:01:55.876,4.918630933197359
2025-03-24 17:01:55.876,-2.9314308499805986
2025-03-24 17:01:55.877,-8.351174639356671
2025-03-24 17:01:55.886,-6.863958763254819
2025-03-24 17:01:55.886,-0.01764288588619556
2025-03-24 17:01:55.886,6.2532832151899145
2025-03-24 17:01:55.887,7.53524334633734
2025-03-24 17:01:55.887,3.8941165484566085
2025-03-24 17:01:55.894,-2.2165281231555536
2025-03-24 17:01:55.894,-7.818324714242792
2025-03-24 17:01:55.895,-8.914428549272069
2025-03-24 17:01:55.895,-2.5090935613969503
2025-03-24 17:01:55.904,8.035435672269468
2025-03-24 17:01:55.904,12.919313154511208
2025-03-24 17:01:55.904,5.720490894013911
2025-03-24 17:01:55.905,-7.53822833691527
2025-03-24 17:01:55.905,-13.432012358664736
2025-03-24 17:01:55.914,-6.1607314376632205
2025-03-24 17:01:55.914,5.85578476470456
2025-03-24 17:01:55.914,10.225130078474999
2025-03-24 17:01:55.915,4.504528404401643
2025-03-24 17:01:55.915,-3.21059663789777
2025-03-24 17:01:55.924,-5.539956578775366
2025-03-24 17:01:55.924,-2.9563651318523902
2025-03-24 17:01:55.925,0.39400726548894394
2025-03-24 17:01:55.925,2.7123973490711264
2025-03-24 17:01:55.925,3.5942354804545626
2025-03-24 17:01:55.932,1.3413320626367156
2025-03-24 17:01:55.933,-3.908271979730354
2025-03-24 17:01:55.933,-6.644126200035718
2025-03-24 17:01:55.933,-1.4214221312126512
2025-03-24 17:01:55.933,8.006291107016139
2025-03-24 17:01:55.942,10.533124577755464
2025-03-24 17:01:55.942,1.1434985820460946
2025-03-24 17:01:55.942,-11.307063571843107
2025-03-24 17:01:55.943,-13.319878462053545
2025-03-24 17:01:55.952,-2.185379774721118
2025-03-24 17:01:55.952,10.9702340900113
2025-03-24 17:01:55.952,13.49165908320201
2025-03-24 17:01:55.953,4.2019001164900915
2025-03-24 17:01:55.953,-6.8627396800451015
2025-03-24 17:01:55.960,-10.167533402464642
2025-03-24 17:01:55.961,-5.688762364400342
2025-03-24 17:01:55.961,0.2557265843703652
2025-03-24 17:01:55.961,3.992030067117667
2025-03-24 17:01:55.970,6.4362175211083406
2025-03-24 17:01:55.970,7.165108832310617
2025-03-24 17:01:55.970,2.5156509470645005
2025-03-24 17:01:55.971,-7.231370923853822
2025-03-24 17:01:55.971,-13.171852373398453
2025-03-24 17:01:55.980,-6.515164761566569
2025-03-24 17:01:55.980,8.370288127826925
2025-03-24 17:01:55.980,15.784548757789322
2025-03-24 17:01:55.981,6.658769182417083
2025-03-24 17:01:55.981,-9.361086370881704
2025-03-24 17:01:55.988,-14.548876956932858
2025-03-24 17:01:55.989,-4.0542956005847355
2025-03-24 17:01:55.989,9.1388128131771
2025-03-24 17:01:55.989,10.743368558083612
2025-03-24 17:01:55.998,1.4121878816056177
2025-03-24 17:01:55.998,-6.729392649880685
2025-03-24 17:01:55.999,-6.078497677640632
2025-03-24 17:01:55.999,-0.6448717560962005
2025-03-24 17:01:55.999,2.303028885422166
2025-03-24 17:01:56.008,1.8282467310699175
2025-03-24 17:01:56.008,1.5802229448642733
2025-03-24 17:01:56.009,2.33519133328686
2025-03-24 17:01:56.009,1.1803413309588897
2025-03-24 17:01:56.009,-2.59433087652952
2025-03-24 17:01:56.018,-5.107071794945686
2025-03-24 17:01:56.018,-2.830884985905375
2025-03-24 17:01:56.019,2.4292996421908426
2025-03-24 17:01:56.019,5.3641757792337685
2025-03-24 17:01:56.019,3.201440706617395
2025-03-24 17:01:56.028,-1.4552866330550418
2025-03-24 17:01:56.028,-3.8285172409475727
2025-03-24 17:01:56.028,-2.105326055878063
2025-03-24 17:01:56.029,1.0601346090388806
2025-03-24 17:01:56.029,1.869947851594515
2025-03-24 17:01:56.038,-0.25109631976085556
2025-03-24 17:01:56.038,-2.0349564047094217
2025-03-24 17:01:56.039,-0.4778671075454104
2025-03-24 17:01:56.039,2.9235742570302383
2025-03-24 17:01:56.039,3.521649910428163
2025-03-24 17:01:56.048,-0.40444961877666613
2025-03-24 17:01:56.048,-4.67645655743134
2025-03-24 17:01:56.049,-4.028816115173492
2025-03-24 17:01:56.049,1.095596719893863
2025-03-24 17:01:56.049,4.830073354195843
2025-03-24 17:01:56.056,3.1304702459696174
2025-03-24 17:01:56.057,-1.4366310304825258
2025-03-24 17:01:56.057,-3.465599401779322
2025-03-24 17:01:56.057,-1.6131627657075933
2025-03-24 17:01:56.057,0.7218777721010052
2025-03-24 17:01:56.066,1.0267355937417784
2025-03-24 17:01:56.067,0.7084749288489277
2025-03-24 17:01:56.067,1.437298716968363
2025-03-24 17:01:56.067,1.6180589018432971
2025-03-24 17:01:56.067,-0.7877472591508888
2025-03-24 17:01:56.076,-3.8511782450786374
2025-03-24 17:01:56.077,-3.459267913286804
2025-03-24 17:01:56.077,0.8444960506674911
2025-03-24 17:01:56.077,4.665721104110489
2025-03-24 17:01:56.077,4.013684990810425
2025-03-24 17:01:56.086,-0.17231431926268306
2025-03-24 17:01:56.087,-3.578186071743779
2025-03-24 17:01:56.087,-3.356370039355651
2025-03-24 17:01:56.087,-0.5454076970949673
2025-03-24 17:01:56.096,1.7549693902702235
2025-03-24 17:01:56.097,1.871740108354389
2025-03-24 17:01:56.097,0.8825306766814595
2025-03-24 17:01:56.097,0.3331148561188329
2025-03-24 17:01:56.097,-0.31694142375465784
2025-03-24 17:01:56.106,-2.105502516850179
2025-03-24 17:01:56.107,-3.114494396156971
2025-03-24 17:01:56.107,-0.1828389797949479
2025-03-24 17:01:56.107,5.044362302794858
2025-03-24 17:01:56.107,5.906608244101438
2025-03-24 17:01:56.116,-0.6002626948483633
2025-03-24 17:01:56.117,-8.027604056939571
2025-03-24 17:01:56.117,-7.3294233959353114
2025-03-24 17:01:56.117,1.6041579546506606
2025-03-24 17:01:56.117,9.075432023918601
2025-03-24 17:01:56.126,6.9121863870828735
2025-03-24 17:01:56.126,-2.100716022459166
2025-03-24 17:01:56.127,-7.933545117962726
2025-03-24 17:01:56.127,-5.0066439933556355
2025-03-24 17:01:56.127,2.211459114015252
2025-03-24 17:01:56.136,5.434672963374101
2025-03-24 17:01:56.136,2.256160735592905
2025-03-24 17:01:56.137,-2.1424292453031195
2025-03-24 17:01:56.137,-2.357375447728197
2025-03-24 17:01:56.137,0.5933268293798144
2025-03-24 17:01:56.146,1.6047105117887883
2025-03-24 17:01:56.146,-0.9040615295838768
2025-03-24 17:01:56.147,-2.75160596313502
2025-03-24 17:01:56.147,-0.2160600682276847
2025-03-24 17:01:56.147,4.049456670450873
2025-03-24 17:01:56.156,3.914983497820223
2025-03-24 17:01:56.156,-1.900188830766571
2025-03-24 17:01:56.157,-6.981620488208892
2025-03-24 17:01:56.157,-4.352860246699742
2025-03-24 17:01:56.157,4.386287835119324
2025-03-24 17:01:56.164,9.509984886769422
2025-03-24 17:01:56.165,4.190831119796357
2025-03-24 17:01:56.165,-6.508413910675573
2025-03-24 17:01:56.165,-10.592624653432878
2025-03-24 17:01:56.174,-3.2854097123029917
2025-03-24 17:01:56.174,6.975626094737363
2025-03-24 17:01:56.175,8.778666278895518
2025-03-24 17:01:56.175,1.4941058027067604
2025-03-24 17:01:56.175,-5.0290480981465615
2025-03-24 17:01:56.184,-3.848798410870086
2025-03-24 17:01:56.184,0.9058248936089455
2025-03-24 17:01:56.184,1.517972520408788
2025-03-24 17:01:56.185,-1.9310136174718497
2025-03-24 17:01:56.185,-2.762562291512351
2025-03-24 17:01:56.194,1.382961953887805
2025-03-24 17:01:56.194,4.962586152983009
2025-03-24 17:01:56.194,3.0866293116871555
2025-03-24 17:01:56.195,-1.6547622733540177
2025-03-24 17:01:56.195,-3.85535114067097
2025-03-24 17:01:56.204,-2.685816338278746
2025-03-24 17:01:56.204,-0.8149366559844451
2025-03-24 17:01:56.205,0.9605989270184332
2025-03-24 17:01:56.205,3.300123586748754
2025-03-24 17:01:56.205,4.196853373023822
2025-03-24 17:01:56.214,0.5973502341886048
2025-03-24 17:01:56.214,-5.3647942636833745
2025-03-24 17:01:56.214,-6.561216382145825
2025-03-24 17:01:56.215,0.08778501237722663
2025-03-24 17:01:56.215,7.796217539631725
2025-03-24 17:01:56.222,7.016120733030288
2025-03-24 17:01:56.223,-2.2515080585142453
2025-03-24 17:01:56.223,-9.251285552392872
2025-03-24 17:01:56.223,-5.389329820262357
2025-03-24 17:01:56.232,4.719707187310171
2025-03-24 17:01:56.232,8.830339453626886
2025-03-24 17:01:56.233,2.3997056679337616
2025-03-24 17:01:56.233,-6.229897547405283
2025-03-24 17:01:56.233,-6.8637307020285965
2025-03-24 17:01:56.242,0.38378727592218376
2025-03-24 17:01:56.242,6.55469181389559
2025-03-24 17:01:56.243,5.026025847942986
2025-03-24 17:01:56.243,-1.882181290286136
2025-03-24 17:01:56.243,-6.71615024171785
2025-03-24 17:01:56.252,-4.776744059589932
2025-03-24 17:01:56.252,1.9631401191358604
2025-03-24 17:01:56.253,7.146531959661818
2025-03-24 17:01:56.253,5.8529799702462535
2025-03-24 17:01:56.253,-0.8333545869582188
2025-03-24 17:01:56.262,-6.746236189570326
2025-03-24 17:01:56.263,-6.585986189094709
2025-03-24 17:01:56.263,-0.9362157328262997
2025-03-24 17:01:56.263,4.746532014272935
2025-03-24 17:01:56.263,5.637611254837713
2025-03-24 17:01:56.272,1.8366820533288934
2025-03-24 17:01:56.272,-2.328764582718606
2025-03-24 17:01:56.273,-2.98551756623015
2025-03-24 17:01:56.273,-0.6000902574526303
2025-03-24 17:01:56.273,1.1467316139319936
2025-03-24 17:01:56.282,0.06011496402635727
2025-03-24 17:01:56.282,-2.0594369034323257
2025-03-24 17:01:56.282,-1.8186468256449688
2025-03-24 17:01:56.283,1.5902911410142624
2025-03-24 17:01:56.283,4.868459551691539
2025-03-24 17:01:56.292,3.5453315443425732
2025-03-24 17:01:56.292,-2.5668246629567957
2025-03-24 17:01:56.293,-7.327173962685203
2025-03-24 17:01:56.293,-4.317738242172763
2025-03-24 17:01:56.293,4.383629206041528
2025-03-24 17:01:56.300,8.823256935472601
2025-03-24 17:01:56.301,2.9678096468038007
2025-03-24 17:01:56.301,-6.797721776022059
2025-03-24 17:01:56.301,-8.737819109545736
2025-03-24 17:01:56.310,-0.347503984606796
2025-03-24 17:01:56.310,8.318530157159186
2025-03-24 17:01:56.311,7.0488419831288125
2025-03-24 17:01:56.311,-2.1288880518675364
2025-03-24 17:01:56.311,-7.9399767448350325
2025-03-24 17:01:56.320,-3.9771239511244065
2025-03-24 17:01:56.321,3.892276926359019
2025-03-24 17:01:56.321,5.652662575536297
2025-03-24 17:01:56.321,-0.0967248946545185
2025-03-24 17:01:56.321,-5.055948233814062
2025-03-24 17:01:56.330,-2.505070035822057
2025-03-24 17:01:56.330,4.160511641881663
2025-03-24 17:01:56.331,6.136050034302229
2025-03-24 17:01:56.331,0.288530869909102
2025-03-24 17:01:56.331,-7.1101103708372335
2025-03-24 17:01:56.340,-7.62948614821641
2025-03-24 17:01:56.340,-0.07460681149480514
2025-03-24 17:01:56.341,8.16652202891552
2025-03-24 17:01:56.341,8.906815622951395
2025-03-24 17:01:56.341,1.5651825080332236
2025-03-24 17:01:56.350,-6.692647116857409
2025-03-24 17:01:56.350,-8.634787465642146
2025-03-24 17:01:56.351,-3.6520319512385546
2025-03-24 17:01:56.351,3.0735962757277937
2025-03-24 17:01:56.351,6.375978936292114
2025-03-24 17:01:56.360,5.025544398880905
2025-03-24 17:01:56.360,1.0024297794830002
2025-03-24 17:01:56.360,-3.0708331472601897
2025-03-24 17:01:56.361,-5.162008196088436
2025-03-24 17:01:56.361,-3.982581213772607
2025-03-24 17:01:56.370,0.2170529487127174
2025-03-24 17:01:56.370,4.720956871162232
2025-03-24 17:01:56.370,5.583624005263194
2025-03-24 17:01:56.371,1.258459021597692
2025-03-24 17:01:56.371,-4.785502728451311
2025-03-24 17:01:56.380,-6.337720334873439
2025-03-24 17:01:56.380,-0.9670196550321786
2025-03-24 17:01:56.380,5.93420568500755
2025-03-24 17:01:56.381,6.0962462110596825
2025-03-24 17:01:56.381,-1.3813643983598936
2025-03-24 17:01:56.389,-7.468501474887744
2025-03-24 17:01:56.389,-3.97700243706555
2025-03-24 17:01:56.389,5.105725571227889
2025-03-24 17:01:56.389,7.883656180155076
2025-03-24 17:01:56.389,0.2253183754004554
2025-03-24 17:01:56.398,-8.24023097362746
2025-03-24 17:01:56.399,-6.590885228763188
2025-03-24 17:01:56.399,3.139211776400939
2025-03-24 17:01:56.399,8.984977513425036
2025-03-24 17:01:56.399,4.547804857811681
2025-03-24 17:01:56.408,-3.888227913880483
2025-03-24 17:01:56.409,-6.682598283828323
2025-03-24 17:01:56.409,-2.780077432836139
2025-03-24 17:01:56.409,1.153992666718356
2025-03-24 17:01:56.418,1.3389764296878788
2025-03-24 17:01:56.419,1.3666739796638905
2025-03-24 17:01:56.419,4.430468784364864
2025-03-24 17:01:56.419,5.921098028386334
2025-03-24 17:01:56.419,-0.4551983389884735
2025-03-24 17:01:56.428,-10.690479513089176
2025-03-24 17:01:56.428,-12.095823624640495
2025-03-24 17:01:56.428,0.22844682006149664
2025-03-24 17:01:56.429,14.390296480585608
2025-03-24 17:01:56.429,14.578591813490764
2025-03-24 17:01:56.436,0.12658825538609608
2025-03-24 17:01:56.437,-13.735396703391357
2025-03-24 17:01:56.437,-13.530830888062399
2025-03-24 17:01:56.437,-1.3060503368111298
2025-03-24 17:01:56.446,9.903715042639618
2025-03-24 17:01:56.447,10.53379894627164
2025-03-24 17:01:56.447,2.4423370771832302
2025-03-24 17:01:56.447,-5.350954514739102
2025-03-24 17:01:56.447,-6.378426332745286
2025-03-24 17:01:56.456,-2.0970381840545214
2025-03-24 17:01:56.457,1.4842547721885238
2025-03-24 17:01:56.457,1.390515401018579
2025-03-24 17:01:56.457,0.27233933121314063
2025-03-24 17:01:56.457,1.2548176886490632
2025-03-24 17:01:56.466,2.95794702215418
2025-03-24 17:01:56.466,1.902180650703841
2025-03-24 17:01:56.467,-1.9062393262434405
2025-03-24 17:01:56.467,-4.708392641511863
2025-03-24 17:01:56.467,-3.8153491126866235
2025-03-24 17:01:56.476,-0.30124911773582885
2025-03-24 17:01:56.476,3.148612871926493
2025-03-24 17:01:56.477,4.952936062577762
2025-03-24 17:01:56.477,4.495964571595488
2025-03-24 17:01:56.477,1.1500042916932445
2025-03-24 17:01:56.486,-4.497824127659729
2025-03-24 17:01:56.486,-8.73038815924851
2025-03-24 17:01:56.487,-6.5397505476600495
2025-03-24 17:01:56.487,2.5342562355587868
2025-03-24 17:01:56.487,11.266944197341092
2025-03-24 17:01:56.494,10.496743960266167
2025-03-24 17:01:56.494,-0.4627538879867364
2025-03-24 17:01:56.495,-11.218731895418014
2025-03-24 17:01:56.495,-10.837923917627027
2025-03-24 17:01:56.504,-0.2672411711757179
2025-03-24 17:01:56.504,8.768342339468019
2025-03-24 17:01:56.505,7.48286742741618
2025-03-24 17:01:56.505,-0.5895904876127409
2025-03-24 17:01:56.505,-5.414899751503388
2025-03-24 17:01:56.514,-2.7877932412760504
2025-03-24 17:01:56.514,2.203756731626283
2025-03-24 17:01:56.515,2.974952074202665
2025-03-24 17:01:56.515,-0.6492681836815077
2025-03-24 17:01:56.515,-3.441796362442584
2025-03-24 17:01:56.524,-1.7810671026340978
2025-03-24 17:01:56.524,2.2571977805595136
2025-03-24 17:01:56.525,3.726619479427408
2025-03-24 17:01:56.525,0.7094677833587925
2025-03-24 17:01:56.525,-3.2387989044880023
2025-03-24 17:01:56.534,-3.0518340893885454
2025-03-24 17:01:56.534,1.3642368256243613
2025-03-24 17:01:56.534,4.206228256081445
2025-03-24 17:01:56.535,1.0814515760862407
2025-03-24 17:01:56.535,-4.303729354868881
2025-03-24 17:01:56.544,-4.270307989413257
2025-03-24 17:01:56.544,2.1631784432337517
2025-03-24 17:01:56.544,6.944195088470242
2025-03-24 17:01:56.545,3.2085009821717354
2025-03-24 17:01:56.545,-5.378664614626408
2025-03-24 17:01:56.554,-8.680572512096965
2025-03-24 17:01:56.554,-2.293994307874783
2025-03-24 17:01:56.555,7.2089454223893865
2025-03-24 17:01:56.555,9.679064174864036
2025-03-24 17:01:56.555,2.386905236269496
2025-03-24 17:01:56.563,-7.329074148641345
2025-03-24 17:01:56.563,-9.885843859699813
2025-03-24 17:01:56.563,-3.0874003664541174
2025-03-24 17:01:56.563,6.1624199760819085
2025-03-24 17:01:56.572,9.087246139147252
2025-03-24 17:01:56.573,3.4713674322020154
2025-03-24 17:01:56.573,-4.687476035738236
2025-03-24 17:01:56.573,-7.353118113511243
2025-03-24 17:01:56.573,-2.47265759148656
2025-03-24 17:01:56.582,4.028186057184547
2025-03-24 17:01:56.582,4.852774462726459
2025-03-24 17:01:56.583,-0.2839764388644984
2025-03-24 17:01:56.583,-4.49424535643019
2025-03-24 17:01:56.583,-2.329605395247684
2025-03-24 17:01:56.592,3.5445434470759674
2025-03-24 17:01:56.592,5.80540315210917
2025-03-24 17:01:56.593,1.2756253054477709
2025-03-24 17:01:56.593,-5.55452857872553
2025-03-24 17:01:56.593,-7.5611014482390635
2025-03-24 17:01:56.602,-2.362687364203422
2025-03-24 17:01:56.602,5.443271881964235
2025-03-24 17:01:56.603,8.750584892713976
2025-03-24 17:01:56.603,4.5170534099441575
2025-03-24 17:01:56.603,-3.5256878095177933
2025-03-24 17:01:56.612,-8.258332810806493
2025-03-24 17:01:56.612,-5.6463839422724025
2025-03-24 17:01:56.613,1.449928046853973
2025-03-24 17:01:56.613,6.031934332489245
2025-03-24 17:01:56.613,4.157117428263454
2025-03-24 17:01:56.622,-0.9734479712004513
2025-03-24 17:01:56.622,-3.106997929529739
2025-03-24 17:01:56.623,-0.5815590865624234
2025-03-24 17:01:56.623,2.0878876510480975
2025-03-24 17:01:56.623,0.7228022144277602
2025-03-24 17:01:56.632,-2.7243899851008173
2025-03-24 17:01:56.632,-3.1110031947839043
2025-03-24 17:01:56.632,0.4372457617287866
2025-03-24 17:01:56.633,3.454244648373882
2025-03-24 17:01:56.633,2.771659811295644
2025-03-24 17:01:56.640,0.31081863272179366
2025-03-24 17:01:56.641,-1.227923962085856
2025-03-24 17:01:56.641,-2.242190816567149
2025-03-24 17:01:56.641,-3.1498215416620456
2025-03-24 17:01:56.650,-1.637053941451346
2025-03-24 17:01:56.651,3.038656019125399
2025-03-24 17:01:56.651,6.203559471844995
2025-03-24 17:01:56.651,2.9846177952580506
2025-03-24 17:01:56.651,-4.105884084070441
2025-03-24 17:01:56.660,-7.241158078667601
2025-03-24 17:01:56.661,-2.9542320537532003
2025-03-24 17:01:56.661,3.7401504088867035
2025-03-24 17:01:56.661,5.797401379061602
2025-03-24 17:01:56.661,2.193357653880454
2025-03-24 17:01:56.670,-2.063775460245376
2025-03-24 17:01:56.671,-2.6644063424507585
2025-03-24 17:01:56.671,-0.6921291793259092
2025-03-24 17:01:56.671,0.03504258950160028
2025-03-24 17:01:56.671,-1.0815808754425609
2025-03-24 17:01:56.680,-0.7244690146170055
2025-03-24 17:01:56.681,2.3516945295806937
2025-03-24 17:01:56.681,3.8946514583121177
2025-03-24 17:01:56.681,0.04537368750296575
2025-03-24 17:01:56.681,-5.426825779686637
2025-03-24 17:01:56.690,-4.679247986839185
2025-03-24 17:01:56.691,3.1563233350093154
2025-03-24 17:01:56.691,9.032764350465468
2025-03-24 17:01:56.691,4.532104748260731
2025-03-24 17:01:56.691,-6.991087424006652
2025-03-24 17:01:56.700,-12.833262691329649
2025-03-24 17:01:56.700,-4.96137790035019
2025-03-24 17:01:56.701,9.862395624665398
2025-03-24 17:01:56.701,15.888291930155471
2025-03-24 17:01:56.701,5.345859690040464
2025-03-24 17:01:56.708,-11.63499883891684
2025-03-24 17:01:56.709,-16.78630037765502
2025-03-24 17:01:56.709,-4.110505149777238
2025-03-24 17:01:56.709,12.392459888022001
2025-03-24 17:01:56.718,14.410761192966172
2025-03-24 17:01:56.718,0.953147421223498
2025-03-24 17:01:56.719,-10.951739982597857
2025-03-24 17:01:56.719,-8.16049708643045
2025-03-24 17:01:56.719,2.549126744210525
2025-03-24 17:01:56.728,5.689086824729843
2025-03-24 17:01:56.728,-0.8700322133341859
2025-03-24 17:01:56.729,-4.47004421444755
2025-03-24 17:01:56.729,2.1748531257706207
2025-03-24 17:01:56.729,9.529071668156114
2025-03-24 17:01:56.736,4.983310911814157
2025-03-24 17:01:56.737,-8.458681239448037
2025-03-24 17:01:56.737,-14.883295586713572
2025-03-24 17:01:56.737,-5.544584757455989
2025-03-24 17:01:56.746,10.154996217187646
2025-03-24 17:01:56.746,15.78081584622419
2025-03-24 17:01:56.747,6.278585530782855
2025-03-24 17:01:56.747,-7.787144821399364
2025-03-24 17:01:56.747,-12.899551623430892
2025-03-24 17:01:56.756,-6.216227062286805
2025-03-24 17:01:56.756,3.9239881407911437
2025-03-24 17:01:56.757,8.283254678967277
2025-03-24 17:01:56.757,5.109964452995172
2025-03-24 17:01:56.757,-0.7346131302676251
2025-03-24 17:01:56.766,-4.0495094403764975
2025-03-24 17:01:56.766,-3.4598449873101034
2025-03-24 17:01:56.767,-0.8517253895088279
2025-03-24 17:01:56.767,1.3255268495389245
2025-03-24 17:01:56.767,1.7894432590442744
2025-03-24 17:01:56.776,0.6604829523199842
2025-03-24 17:01:56.777,-0.7830757986716688
2025-03-24 17:01:56.777,-0.8369560339813493
2025-03-24 17:01:56.777,0.886233678820411
2025-03-24 17:01:56.777,2.3819000641989567
2025-03-24 17:01:56.786,1.2432275914329238
2025-03-24 17:01:56.786,-2.0365432999691744
2025-03-24 17:01:56.787,-4.1366078018840176
2025-03-24 17:01:56.787,-2.7423730171691942
2025-03-24 17:01:56.787,0.8835403344623204
2025-03-24 17:01:56.796,3.631311050133886
2025-03-24 17:01:56.796,3.7952515919831575
2025-03-24 17:01:56.796,1.9938872026449157
2025-03-24 17:01:56.797,-0.38787182091837974
2025-03-24 17:01:56.797,-2.640827065956293
2025-03-24 17:01:56.806,-4.309617237684642
2025-03-24 17:01:56.806,-4.081408225343316
2025-03-24 17:01:56.807,-0.6057494855482505
2025-03-24 17:01:56.807,4.81204256777926
2025-03-24 17:01:56.807,7.556561273107551
2025-03-24 17:01:56.815,3.810538171211292
2025-03-24 17:01:56.815,-4.156816392385554
2025-03-24 17:01:56.815,-8.618612983788164
2025-03-24 17:01:56.815,-4.447778090010143
2025-03-24 17:01:56.815,3.979818757751142
2025-03-24 17:01:56.825,6.9334916143944785
2025-03-24 17:01:56.825,1.3363987562885897
2025-03-24 17:01:56.825,-4.8114938883652645
2025-03-24 17:01:56.825,-2.923927906466036
2025-03-24 17:01:56.834,4.155346035961349
2025-03-24 17:01:56.834,5.65628570005198
2025-03-24 17:01:56.835,-2.053811920551097
2025-03-24 17:01:56.835,-9.426408493674707
2025-03-24 17:01:56.835,-5.666271267731469
2025-03-24 17:01:56.844,6.471599032789164
2025-03-24 17:01:56.844,12.636802602594098
2025-03-24 17:01:56.844,4.3921665845542375
2025-03-24 17:01:56.845,-9.316857866693747
2025-03-24 17:01:56.845,-12.351642633431762
2025-03-24 17:01:56.853,-1.5286902215064742
2025-03-24 17:01:56.853,9.411533666868936
2025-03-24 17:01:56.853,7.807907017458114
2025-03-24 17:01:56.853,-2.044598296712591
2025-03-24 17:01:56.853,-6.288407413579395
2025-03-24 17:01:56.862,-0.7043913914060943
2025-03-24 17:01:56.863,5.004624699537415
2025-03-24 17:01:56.863,1.9122491767556302
2025-03-24 17:01:56.863,-5.987272297572491
2025-03-24 17:01:56.872,-7.526303022111453
2025-03-24 17:01:56.872,1.0643133493555839
2025-03-24 17:01:56.873,10.93446488290936
2025-03-24 17:01:56.873,10.2384244109612
2025-03-24 17:01:56.873,-2.1644377116527584
2025-03-24 17:01:56.881,-14.004580685486294
2025-03-24 17:01:56.881,-12.161678981097149
2025-03-24 17:01:56.881,2.3240872541998607
2025-03-24 17:01:56.881,14.46391188659323
2025-03-24 17:01:56.890,11.784079416116507
2025-03-24 17:01:56.890,-1.9389665274937138
2025-03-24 17:01:56.891,-11.811637843069795
2025-03-24 17:01:56.891,-8.927150042858848
2025-03-24 17:01:56.891,1.154214411544337
2025-03-24 17:01:56.900,7.000439914721241
2025-03-24 17:01:56.900,4.592419584093319
2025-03-24 17:01:56.900,-0.48316069119806854
2025-03-24 17:01:56.901,-2.0139657174871313
2025-03-24 17:01:56.901,-0.366835308745049
2025-03-24 17:01:56.910,0.23780561165396874
2025-03-24 17:01:56.910,-1.2836097001725648
2025-03-24 17:01:56.911,-1.8091581585515888
2025-03-24 17:01:56.911,0.35647388746344877
2025-03-24 17:01:56.911,2.2156722030812723
2025-03-24 17:01:56.920,0.5710757861900182
2025-03-24 17:01:56.920,-2.447403141025373
2025-03-24 17:01:56.921,-1.7764848289816952
2025-03-24 17:01:56.921,3.0555426801398182
2025-03-24 17:01:56.921,6.1193790308819445
2025-03-24 17:01:56.928,2.146466589698766
2025-03-24 17:01:56.929,-6.279544234739352
2025-03-24 17:01:56.929,-10.357057778176305
2025-03-24 17:01:56.929,-4.31462603127594
2025-03-24 17:01:56.929,7.389563359152745
2025-03-24 17:01:56.938,13.32388397589424
2025-03-24 17:01:56.939,6.749241551496936
2025-03-24 17:01:56.939,-6.518005785181589
2025-03-24 17:01:56.939,-13.533407098257234
2025-03-24 17:01:56.948,-7.61353252294311
2025-03-24 17:01:56.948,4.955093851385475
2025-03-24 17:01:56.949,11.739703894941266
2025-03-24 17:01:56.949,6.669611166404032
2025-03-24 17:01:56.949,-4.453333786155782
2025-03-24 17:01:56.958,-10.134991741556522
2025-03-24 17:01:56.958,-4.692533455995898
2025-03-24 17:01:56.959,5.8794308811399025
2025-03-24 17:01:56.959,9.833183777975279
2025-03-24 17:01:56.959,2.3693850018032134
2025-03-24 17:01:56.967,-8.35837763631386
2025-03-24 17:01:56.967,-10.013609728072712
2025-03-24 17:01:56.967,-0.453113327338719
2025-03-24 17:01:56.967,9.709484144039783
2025-03-24 17:01:56.976,9.59486398213565
2025-03-24 17:01:56.977,0.02966209656369201
2025-03-24 17:01:56.977,-8.654467821848401
2025-03-24 17:01:56.977,-8.428404147609138
2025-03-24 17:01:56.977,-0.8897583567928171
2025-03-24 17:01:56.986,6.065344067865802
2025-03-24 17:01:56.987,6.572172759073857
2025-03-24 17:01:56.987,1.4916824110830473
2025-03-24 17:01:56.987,-3.7229442112930236
2025-03-24 17:01:56.987,-4.5719699056814305
2025-03-24 17:01:56.996,-1.080263904071309
2025-03-24 17:01:56.996,2.9746708287102344
2025-03-24 17:01:56.997,3.6679426094563223
2025-03-24 17:01:56.997,0.3180144706193713
2025-03-24 17:01:56.997,-3.8468756435960856
2025-03-24 17:01:57.006,-4.458022091156527
2025-03-24 17:01:57.007,-0.22306447762690515
2025-03-24 17:01:57.007,5.1915458690192935
2025-03-24 17:01:57.007,6.079666370033168
2025-03-24 17:01:57.007,0.6150444616767514
2025-03-24 17:01:57.016,-6.092476115369642
2025-03-24 17:01:57.017,-6.551850030961647
2025-03-24 17:01:57.017,0.27202840391337463
2025-03-24 17:01:57.017,6.41376024949891
2025-03-24 17:01:57.017,4.0063336469860795
2025-03-24 17:01:57.026,-3.889515272163764
2025-03-24 17:01:57.027,-6.0163810470197046
2025-03-24 17:01:57.027,1.8482331505022367
2025-03-24 17:01:57.027,9.31945203179651
2025-03-24 17:01:57.027,4.3327143335527785
2025-03-24 17:01:57.035,-9.098656667269799
2025-03-24 17:01:57.035,-13.771812729336318
2025-03-24 17:01:57.035,-1.4852839253517143
2025-03-24 17:01:57.035,14.62860001132415
2025-03-24 17:01:57.035,15.243014171007344
2025-03-24 17:01:57.044,-1.2486020425907072
2025-03-24 17:01:57.045,-16.413198619510133
2025-03-24 17:01:57.045,-13.653036929176373
2025-03-24 17:01:57.045,2.8966044615643023
2025-03-24 17:01:57.053,14.466859168149877
2025-03-24 17:01:57.053,9.835071095983107
2025-03-24 17:01:57.053,-3.3149093644040604
2025-03-24 17:01:57.053,-9.776521359499682
2025-03-24 17:01:57.053,-4.985868535541508
2025-03-24 17:01:57.063,2.3485540088157504
2025-03-24 17:01:57.063,3.700159604164099
2025-03-24 17:01:57.063,0.6728030035153334
2025-03-24 17:01:57.063,-0.3432558577492038
2025-03-24 17:01:57.063,1.6570967578798204
2025-03-24 17:01:57.073,2.1290689759659074
2025-03-24 17:01:57.073,-1.1049522259667144
2025-03-24 17:01:57.073,-4.499172366562617
2025-03-24 17:01:57.073,-3.7164479003896926
2025-03-24 17:01:57.073,0.9933958280334418
2025-03-24 17:01:57.083,5.144670142833077
2025-03-24 17:01:57.083,4.48057303791113
2025-03-24 17:01:57.083,-0.756802746253143
2025-03-24 17:01:57.083,-5.278858325957141
2025-03-24 17:01:57.093,-3.773976704935315
2025-03-24 17:01:57.093,2.387314793063273
2025-03-24 17:01:57.093,5.5608030108838875
2025-03-24 17:01:57.093,1.1486326897547459
2025-03-24 17:01:57.093,-5.577776202459997
2025-03-24 17:01:57.102,-5.558496862600338
2025-03-24 17:01:57.103,2.038592690783122
2025-03-24 17:01:57.103,8.175914963664686
2025-03-24 17:01:57.103,5.296487982800091
2025-03-24 17:01:57.103,-3.435457369894858
2025-03-24 17:01:57.112,-8.553344077708033
2025-03-24 17:01:57.113,-5.363766164337583
2025-03-24 17:01:57.113,2.1416486159278665
2025-03-24 17:01:57.113,6.902574381381102
2025-03-24 17:01:57.113,5.570171393546165
2025-03-24 17:01:57.122,0.2266064065656151
2025-03-24 17:01:57.123,-4.362862152332755
2025-03-24 17:01:57.123,-4.852578662390856
2025-03-24 17:01:57.123,-1.7931440895358308
2025-03-24 17:01:57.123,1.6263605325621844
2025-03-24 17:01:57.132,3.1626664032961913
2025-03-24 17:01:57.132,2.8909001110281376
2025-03-24 17:01:57.133,1.1689928732589672
2025-03-24 17:01:57.133,-2.175054956377762
2025-03-24 17:01:57.133,-5.230081214167114
2025-03-24 17:01:57.142,-3.715355660161938
2025-03-24 17:01:57.143,3.177868274289005
2025-03-24 17:01:57.143,8.772666676640268
2025-03-24 17:01:57.143,5.523741189936949
2025-03-24 17:01:57.143,-4.6142914090263405
2025-03-24 17:01:57.152,-10.99705200037014
2025-03-24 17:01:57.152,-6.621927375788197
2025-03-24 17:01:57.153,3.815777444652573
2025-03-24 17:01:57.153,9.857831199218289
2025-03-24 17:01:57.153,6.742164040383809
2025-03-24 17:01:57.161,-1.028490057228669
2025-03-24 17:01:57.161,-5.889665634915506
2025-03-24 17:01:57.161,-4.69437420732531
2025-03-24 17:01:57.161,-0.4366129150920008
2025-03-24 17:01:57.161,1.7135111458282923
