timestamp,bandpass_and_notch
2025-03-24 17:14:40.055,-0.04628530085199334
2025-03-24 17:14:40.055,-3.8354773171149983
2025-03-24 17:14:40.055,-5.193676307313444
2025-03-24 17:14:40.055,-9.581985079077741
2025-03-24 17:14:40.065,-18.0552272059305
2025-03-24 17:14:40.065,-15.954356674590613
2025-03-24 17:14:40.065,8.948908868483818
2025-03-24 17:14:40.065,39.001502335475095
2025-03-24 17:14:40.065,37.14873416187562
2025-03-24 17:14:40.073,-6.437421757935491
2025-03-24 17:14:40.073,-52.433772428095494
2025-03-24 17:14:40.073,-51.92053933353247
2025-03-24 17:14:40.073,-2.80557231335253
2025-03-24 17:14:40.081,46.91328055618802
2025-03-24 17:14:40.081,52.26897311447194
2025-03-24 17:14:40.081,15.944772400435747
2025-03-24 17:14:40.082,-23.215185503875666
2025-03-24 17:14:40.082,-34.69838942213391
2025-03-24 17:14:40.091,-20.118673112095827
2025-03-24 17:14:40.091,0.7003823564419942
2025-03-24 17:14:40.091,13.582010890458776
2025-03-24 17:14:40.092,16.536595797541207
2025-03-24 17:14:40.101,12.08400532982594
2025-03-24 17:14:40.101,2.5040732887578923
2025-03-24 17:14:40.101,-7.950249789117521
2025-03-24 17:14:40.101,-12.836684597236992
2025-03-24 17:14:40.102,-8.970701818793813
2025-03-24 17:14:40.111,-0.32570217178484695
2025-03-24 17:14:40.111,5.676989881756508
2025-03-24 17:14:40.111,5.468045088168893
2025-03-24 17:14:40.111,1.8877689718923814
2025-03-24 17:14:40.112,-0.20726132122554403
2025-03-24 17:14:40.121,0.43629430816520376
2025-03-24 17:14:40.121,0.9609012938442518
2025-03-24 17:14:40.121,-1.133551672636544
2025-03-24 17:14:40.121,-4.325866170662313
2025-03-24 17:14:40.122,-4.5789551588030255
2025-03-24 17:14:40.131,-0.1953780797175171
2025-03-24 17:14:40.131,5.481564641944078
2025-03-24 17:14:40.131,6.746487667001706
2025-03-24 17:14:40.131,1.4065602762342708
2025-03-24 17:14:40.131,-5.964565299567305
2025-03-24 17:14:40.141,-7.638341649422408
2025-03-24 17:14:40.141,-0.8358789096622475
2025-03-24 17:14:40.141,8.046884056579136
2025-03-24 17:14:40.141,9.165065308515278
2025-03-24 17:14:40.141,0.2358889820628462
2025-03-24 17:14:40.151,-9.695321583615234
2025-03-24 17:14:40.151,-9.74598994223691
2025-03-24 17:14:40.151,0.079684366129122
2025-03-24 17:14:40.151,8.631556338534828
2025-03-24 17:14:40.151,6.934476954171354
2025-03-24 17:14:40.159,-1.3359421852121391
2025-03-24 17:14:40.159,-5.352429353102828
2025-03-24 17:14:40.160,-1.1317479939167066
2025-03-24 17:14:40.160,4.075699208469742
2025-03-24 17:14:40.160,2.1084226904368903
2025-03-24 17:14:40.169,-4.952690523492264
2025-03-24 17:14:40.169,-7.323246594743819
2025-03-24 17:14:40.170,-0.44647541999860946
2025-03-24 17:14:40.170,8.406330281236388
2025-03-24 17:14:40.179,8.655741672614706
2025-03-24 17:14:40.179,-0.4686321483155232
2025-03-24 17:14:40.179,-8.76442936718963
2025-03-24 17:14:40.180,-7.258739004146987
2025-03-24 17:14:40.180,1.5184224368594355
2025-03-24 17:14:40.189,7.37121682342277
2025-03-24 17:14:40.189,4.652881124595124
2025-03-24 17:14:40.189,-2.1678865748782687
2025-03-24 17:14:40.189,-5.064668003954243
2025-03-24 17:14:40.189,-2.01372715138636
2025-03-24 17:14:40.199,1.8039196566951676
2025-03-24 17:14:40.199,1.5667880081842003
2025-03-24 17:14:40.199,-0.9810640484750197
2025-03-24 17:14:40.199,-0.6836387305290093
2025-03-24 17:14:40.199,2.972151627829988
2025-03-24 17:14:40.207,4.4187841937711685
2025-03-24 17:14:40.207,-0.12736931363583445
2025-03-24 17:14:40.208,-6.387885189092845
2025-03-24 17:14:40.208,-6.769793130568111
2025-03-24 17:14:40.217,-0.14176001701124286
2025-03-24 17:14:40.217,6.562757974019112
2025-03-24 17:14:40.217,6.720057859503048
2025-03-24 17:14:40.217,1.1306445176628435
2025-03-24 17:14:40.218,-4.192332234728256
2025-03-24 17:14:40.227,-5.010821817945991
2025-03-24 17:14:40.227,-1.9897825605990658
2025-03-24 17:14:40.227,1.6391805646296647
2025-03-24 17:14:40.227,3.3577044336955657
2025-03-24 17:14:40.227,2.481361445832487
2025-03-24 17:14:40.237,-0.14261039457392727
2025-03-24 17:14:40.237,-2.6367934820440277
2025-03-24 17:14:40.237,-3.090234825342029
2025-03-24 17:14:40.238,-1.0516087171239559
2025-03-24 17:14:40.238,1.9936218711531635
2025-03-24 17:14:40.247,3.939668720098374
2025-03-24 17:14:40.247,3.516265893133097
2025-03-24 17:14:40.247,0.4715474824850465
2025-03-24 17:14:40.247,-4.264546970340081
2025-03-24 17:14:40.248,-7.65069267804847
2025-03-24 17:14:40.257,-5.510451917117709
2025-03-24 17:14:40.257,2.950708406162576
2025-03-24 17:14:40.257,11.707521084902766
2025-03-24 17:14:40.257,11.733301218340324
2025-03-24 17:14:40.258,0.3969762129803374
2025-03-24 17:14:40.265,-13.457842486462003
2025-03-24 17:14:40.265,-16.34741508683808
2025-03-24 17:14:40.266,-4.09514975785882
2025-03-24 17:14:40.266,12.057498258462982
2025-03-24 17:14:40.275,16.275095060844652
2025-03-24 17:14:40.275,5.41998206123227
2025-03-24 17:14:40.275,-7.8153479734424725
2025-03-24 17:14:40.275,-10.422596664381423
2025-03-24 17:14:40.276,-3.590676839888395
2025-03-24 17:14:40.285,1.9462824179579874
2025-03-24 17:14:40.285,1.4122524020563794
2025-03-24 17:14:40.285,0.21269547979614223
2025-03-24 17:14:40.286,3.0378880895819957
2025-03-24 17:14:40.286,5.965871796587999
2025-03-24 17:14:40.295,3.0074401017917682
2025-03-24 17:14:40.295,-4.157679786407379
2025-03-24 17:14:40.295,-8.093407781790807
2025-03-24 17:14:40.296,-5.409068464529989
2025-03-24 17:14:40.296,0.1623468473222033
2025-03-24 17:14:40.305,4.234976698950417
2025-03-24 17:14:40.305,6.461135315712778
2025-03-24 17:14:40.305,7.091902207553577
2025-03-24 17:14:40.306,3.476904178990154
2025-03-24 17:14:40.306,-5.473064841402152
2025-03-24 17:14:40.315,-13.402384824340288
2025-03-24 17:14:40.315,-10.885028433191257
2025-03-24 17:14:40.315,2.627307372656099
2025-03-24 17:14:40.315,15.169410848632731
2025-03-24 17:14:40.316,14.094821885137655
2025-03-24 17:14:40.323,0.3484043578756906
2025-03-24 17:14:40.323,-12.191885912273841
2025-03-24 17:14:40.324,-11.88812814962436
2025-03-24 17:14:40.324,-1.3043813863874287
2025-03-24 17:14:40.333,7.270249698848938
2025-03-24 17:14:40.333,6.179064640038152
2025-03-24 17:14:40.333,-0.43498697805820896
2025-03-24 17:14:40.334,-3.532120835879152
2025-03-24 17:14:40.334,-0.30248583998326056
2025-03-24 17:14:40.343,3.6286714477530193
2025-03-24 17:14:40.343,2.183052086678479
2025-03-24 17:14:40.343,-3.417470129580312
2025-03-24 17:14:40.343,-6.249980760076357
2025-03-24 17:14:40.344,-2.260419247832761
2025-03-24 17:14:40.353,4.684453609941599
2025-03-24 17:14:40.353,7.169162310732074
2025-03-24 17:14:40.353,2.5364945156728105
2025-03-24 17:14:40.353,-4.46293974007024
2025-03-24 17:14:40.354,-6.961329327466564
2025-03-24 17:14:40.363,-2.8708228792786823
2025-03-24 17:14:40.363,3.537370825937807
2025-03-24 17:14:40.363,6.299730996810185
2025-03-24 17:14:40.363,3.5725571509267207
2025-03-24 17:14:40.364,-1.4066739651705427
2025-03-24 17:14:40.373,-4.591552035174734
2025-03-24 17:14:40.373,-4.77663209487261
2025-03-24 17:14:40.373,-2.614948036962944
2025-03-24 17:14:40.373,1.4582856432767362
2025-03-24 17:14:40.374,6.013209157731437
2025-03-24 17:14:40.381,7.1960365994582025
2025-03-24 17:14:40.381,2.165324046240709
2025-03-24 17:14:40.382,-5.976025034192301
2025-03-24 17:14:40.382,-9.76537127555634
2025-03-24 17:14:40.382,-5.108994983157267
2025-03-24 17:14:40.391,4.087248362431541
2025-03-24 17:14:40.391,9.670342566922084
2025-03-24 17:14:40.392,6.78599752062257
2025-03-24 17:14:40.392,-1.9848971664096782
2025-03-24 17:14:40.401,-8.762596016315157
2025-03-24 17:14:40.401,-7.15544778280174
2025-03-24 17:14:40.401,1.4474714105457336
2025-03-24 17:14:40.402,8.548254351769275
2025-03-24 17:14:40.402,6.94587280704199
2025-03-24 17:14:40.411,-1.6370769282146584
2025-03-24 17:14:40.411,-8.495148375685176
2025-03-24 17:14:40.412,-7.164460870234355
2025-03-24 17:14:40.412,0.5512920074328422
2025-03-24 17:14:40.412,7.376569346398239
2025-03-24 17:14:40.421,7.738947472778504
2025-03-24 17:14:40.421,1.9742639591699305
2025-03-24 17:14:40.421,-4.9478030974378955
2025-03-24 17:14:40.421,-7.6921228494132015
2025-03-24 17:14:40.422,-4.361284945797204
2025-03-24 17:14:40.431,2.2403192196172075
2025-03-24 17:14:40.431,6.643956520370351
2025-03-24 17:14:40.431,5.220074422805337
2025-03-24 17:14:40.431,-0.3529955599956328
2025-03-24 17:14:40.431,-4.703852347971011
2025-03-24 17:14:40.441,-4.429127357235622
2025-03-24 17:14:40.441,-1.1458296024227486
2025-03-24 17:14:40.441,1.6636653483091917
2025-03-24 17:14:40.442,2.897008633873811
2025-03-24 17:14:40.442,3.198238737993203
2025-03-24 17:14:40.451,2.044029331898263
2025-03-24 17:14:40.451,-1.382470203167572
2025-03-24 17:14:40.451,-4.967830992651152
2025-03-24 17:14:40.451,-4.695445742503826
2025-03-24 17:14:40.452,0.08280944111152314
2025-03-24 17:14:40.461,4.7860254738813905
2025-03-24 17:14:40.461,4.700731592328212
2025-03-24 17:14:40.461,0.592282748348748
2025-03-24 17:14:40.461,-2.607307291540218
2025-03-24 17:14:40.462,-2.0912528550139107
2025-03-24 17:14:40.469,-0.04826179503172798
2025-03-24 17:14:40.469,0.16648526578412193
2025-03-24 17:14:40.470,-1.2946798843253509
2025-03-24 17:14:40.470,-1.5731148113868798
2025-03-24 17:14:40.479,0.48656324403608137
2025-03-24 17:14:40.479,2.8322126532459175
2025-03-24 17:14:40.480,3.098553250193
2025-03-24 17:14:40.480,1.2408302537813471
2025-03-24 17:14:40.480,-1.161607720671395
2025-03-24 17:14:40.480,-2.8419596091885873
2025-03-24 17:14:40.489,-3.3836348024981295
2025-03-24 17:14:40.489,-2.6388245923935014
2025-03-24 17:14:40.490,-0.3698357198287465
2025-03-24 17:14:40.490,3.233395028694816
2025-03-24 17:14:40.499,6.340271690511461
2025-03-24 17:14:40.499,5.541279011405385
2025-03-24 17:14:40.499,-0.6854264844780122
2025-03-24 17:14:40.500,-8.087008358307497
2025-03-24 17:14:40.500,-9.160781664693495
2025-03-24 17:14:40.509,-1.7964254829162267
2025-03-24 17:14:40.509,6.847546723073525
2025-03-24 17:14:40.509,8.14853062093158
2025-03-24 17:14:40.509,2.238419384899554
2025-03-24 17:14:40.510,-3.0953927976174285
2025-03-24 17:14:40.519,-2.9882556537663714
2025-03-24 17:14:40.519,-0.6742149388616516
2025-03-24 17:14:40.519,-1.0134025945524257
2025-03-24 17:14:40.520,-2.9313959317231113
2025-03-24 17:14:40.520,-1.7049698737691064
2025-03-24 17:14:40.529,3.1209473987175316
2025-03-24 17:14:40.529,6.225284618203843
2025-03-24 17:14:40.529,3.543101564909818
2025-03-24 17:14:40.529,-2.2689967285270485
2025-03-24 17:14:40.529,-5.301994868622743
2025-03-24 17:14:40.539,-3.557289579115977
2025-03-24 17:14:40.539,-0.3381728666089281
2025-03-24 17:14:40.539,0.866639816413246
2025-03-24 17:14:40.539,0.5654969561425063
2025-03-24 17:14:40.540,1.5988591660450844
2025-03-24 17:14:40.547,4.436509001238159
2025-03-24 17:14:40.548,5.444695435645584
2025-03-24 17:14:40.548,0.7951008641954442
2025-03-24 17:14:40.548,-7.622243329629067
2025-03-24 17:14:40.548,-11.77370415692266
2025-03-24 17:14:40.557,-5.486890538899649
2025-03-24 17:14:40.558,7.143873258307009
2025-03-24 17:14:40.558,14.322380933980067
2025-03-24 17:14:40.558,8.974360238013805
2025-03-24 17:14:40.567,-3.5071402309740582
2025-03-24 17:14:40.567,-11.504152773819413
2025-03-24 17:14:40.567,-9.263456801155021
2025-03-24 17:14:40.568,-0.9573309011448942
2025-03-24 17:14:40.568,5.559455115248563
2025-03-24 17:14:40.577,6.406519666945343
2025-03-24 17:14:40.577,3.372027112864143
2025-03-24 17:14:40.577,0.16379695032897318
2025-03-24 17:14:40.577,-1.6405870251753383
2025-03-24 17:14:40.578,-2.796094338215351
2025-03-24 17:14:40.587,-3.498381256749972
2025-03-24 17:14:40.587,-2.2702060216274886
2025-03-24 17:14:40.587,1.1582810300434832
2025-03-24 17:14:40.587,3.687519323927378
2025-03-24 17:14:40.588,2.210302922719869
2025-03-24 17:14:40.597,-1.4234764091117578
2025-03-24 17:14:40.597,-1.8851021498167644
2025-03-24 17:14:40.597,2.2735561009264895
2025-03-24 17:14:40.598,5.4022104314863055
2025-03-24 17:14:40.598,1.3229368393338876
2025-03-24 17:14:40.605,-7.856771775737041
2025-03-24 17:14:40.606,-12.278299389743381
2025-03-24 17:14:40.606,-4.863857879054953
2025-03-24 17:14:40.606,9.745498519170608
2025-03-24 17:14:40.613,18.281521525561995
2025-03-24 17:14:40.614,11.594140558770293
2025-03-24 17:14:40.614,-5.723972771376122
2025-03-24 17:14:40.614,-18.951961613599746
2025-03-24 17:14:40.614,-16.908650649607733
2025-03-24 17:14:40.623,-2.0124012971213503
2025-03-24 17:14:40.624,12.935573672615183
2025-03-24 17:14:40.624,16.815798443292678
2025-03-24 17:14:40.624,8.76350856331672
2025-03-24 17:14:40.633,-3.350397272156685
2025-03-24 17:14:40.633,-10.817034067311297
2025-03-24 17:14:40.633,-10.517870777487397
2025-03-24 17:14:40.634,-5.151757762457903
2025-03-24 17:14:40.634,1.2449803450468298
2025-03-24 17:14:40.643,6.6211882874414405
2025-03-24 17:14:40.643,9.663857772286638
2025-03-24 17:14:40.643,7.840736144861992
2025-03-24 17:14:40.644,-0.02030583609058642
2025-03-24 17:14:40.644,-9.49650449924986
2025-03-24 17:14:40.653,-12.546952177533695
2025-03-24 17:14:40.653,-5.644355425992559
2025-03-24 17:14:40.653,5.704146530952936
2025-03-24 17:14:40.653,12.036215794947356
2025-03-24 17:14:40.654,8.70559249885503
2025-03-24 17:14:40.661,-0.8202901778076326
2025-03-24 17:14:40.662,-8.773938138195046
2025-03-24 17:14:40.662,-9.283875840370099
2025-03-24 17:14:40.662,-2.5025578235464496
2025-03-24 17:14:40.671,5.594888479211963
2025-03-24 17:14:40.671,8.083958559682534
2025-03-24 17:14:40.671,3.303488277110495
2025-03-24 17:14:40.672,-3.5832377964545117
2025-03-24 17:14:40.672,-5.884787836218888
2025-03-24 17:14:40.681,-2.1962931551468485
2025-03-24 17:14:40.681,2.636552476964531
2025-03-24 17:14:40.681,3.29522717901066
2025-03-24 17:14:40.682,-0.09713144154836056
2025-03-24 17:14:40.682,-2.5753116003132015
2025-03-24 17:14:40.691,-0.6929789828254888
2025-03-24 17:14:40.691,2.944074085276559
2025-03-24 17:14:40.691,2.8889453944128576
2025-03-24 17:14:40.692,-1.6644412801151807
2025-03-24 17:14:40.692,-4.991017610027284
2025-03-24 17:14:40.701,-2.1878187377644913
2025-03-24 17:14:40.701,3.524741779338977
2025-03-24 17:14:40.701,4.521041635035546
2025-03-24 17:14:40.702,-0.5014623394589135
2025-03-24 17:14:40.702,-4.217740131817653
2025-03-24 17:14:40.711,-1.1466593649311414
2025-03-24 17:14:40.711,4.026364681035376
2025-03-24 17:14:40.711,3.0550539391445675
2025-03-24 17:14:40.711,-3.5188161098338195
2025-03-24 17:14:40.712,-6.446609231458116
2025-03-24 17:14:40.721,-0.623704228485345
2025-03-24 17:14:40.721,7.3075914697737065
2025-03-24 17:14:40.721,7.221747638533501
2025-03-24 17:14:40.721,-1.4434498005338996
2025-03-24 17:14:40.722,-8.840586438274128
2025-03-24 17:14:40.731,-6.699555389887487
2025-03-24 17:14:40.731,2.129381029548778
2025-03-24 17:14:40.731,7.755165246607524
2025-03-24 17:14:40.731,4.983998789143882
2025-03-24 17:14:40.732,-1.678530475858627
2025-03-24 17:14:40.741,-4.691495491569541
2025-03-24 17:14:40.741,-2.3702565511683544
2025-03-24 17:14:40.741,0.8015407631746071
2025-03-24 17:14:40.741,1.1281588634151112
2025-03-24 17:14:40.742,-0.1829609798290059
2025-03-24 17:14:40.751,-0.21301262071584076
2025-03-24 17:14:40.751,1.2135771497869376
2025-03-24 17:14:40.751,1.9850882493932833
2025-03-24 17:14:40.751,0.8941803031939326
2025-03-24 17:14:40.752,-1.408774275547464
2025-03-24 17:14:40.761,-3.445442698186568
2025-03-24 17:14:40.761,-3.3718529452782224
2025-03-24 17:14:40.761,0.06620183625167224
2025-03-24 17:14:40.761,4.994881329536654
2025-03-24 17:14:40.762,6.334545625177261
2025-03-24 17:14:40.769,1.2313667877884362
2025-03-24 17:14:40.770,-5.978032274587547
2025-03-24 17:14:40.770,-7.467424405030013
2025-03-24 17:14:40.770,-1.268423948067886
2025-03-24 17:14:40.770,5.788978702482822
2025-03-24 17:14:40.779,6.026471915847978
2025-03-24 17:14:40.780,-0.07978865705137211
2025-03-24 17:14:40.780,-4.980430356304484
2025-03-24 17:14:40.780,-3.3443211795341643
2025-03-24 17:14:40.780,2.061294676100088
2025-03-24 17:14:40.789,4.387855150617452
2025-03-24 17:14:40.790,1.003184505037656
2025-03-24 17:14:40.790,-3.781538016973007
2025-03-24 17:14:40.790,-4.144401419486921
2025-03-24 17:14:40.790,0.40883382209763736
2025-03-24 17:14:40.799,4.649339940479075
2025-03-24 17:14:40.799,3.8246789406055663
2025-03-24 17:14:40.800,-0.9437403929220327
2025-03-24 17:14:40.800,-4.291120502366152
2025-03-24 17:14:40.809,-3.0195185368553776
2025-03-24 17:14:40.810,0.6174174735177921
2025-03-24 17:14:40.810,2.4845142558020648
2025-03-24 17:14:40.810,1.7920670231494649
2025-03-24 17:14:40.810,0.8485856218370607
2025-03-24 17:14:40.810,0.4544498336966152
2025-03-24 17:14:40.819,-1.1166050256569506
2025-03-24 17:14:40.820,-3.535665199469487
2025-03-24 17:14:40.820,-2.776190579028687
2025-03-24 17:14:40.820,2.484234365473154
2025-03-24 17:14:40.829,6.139908780402289
2025-03-24 17:14:40.829,2.025801720972768
2025-03-24 17:14:40.830,-5.635675289556838
2025-03-24 17:14:40.830,-6.3068122222367
2025-03-24 17:14:40.830,1.660596504058507
2025-03-24 17:14:40.839,7.489331898050238
2025-03-24 17:14:40.839,3.070687429136342
2025-03-24 17:14:40.840,-5.123959213483257
2025-03-24 17:14:40.840,-5.380231657917917
2025-03-24 17:14:40.840,2.2208897797187293
2025-03-24 17:14:40.849,6.103065257723973
2025-03-24 17:14:40.849,0.24474541980167092
2025-03-24 17:14:40.850,-6.949616628486855
2025-03-24 17:14:40.850,-4.703031257476941
2025-03-24 17:14:40.850,4.58442034466243
2025-03-24 17:14:40.859,8.427539257335107
2025-03-24 17:14:40.859,1.5271579456994777
2025-03-24 17:14:40.859,-6.901720853959785
2025-03-24 17:14:40.860,-5.700533896006754
2025-03-24 17:14:40.860,3.083825883012971
2025-03-24 17:14:40.869,7.007183064268118
2025-03-24 17:14:40.869,0.26996796165837633
2025-03-24 17:14:40.870,-7.960053432467104
2025-03-24 17:14:40.870,-5.692346186386547
2025-03-24 17:14:40.870,5.142370871176965
2025-03-24 17:14:40.879,10.501360641303647
2025-03-24 17:14:40.879,3.0160255436614336
2025-03-24 17:14:40.879,-7.869726795200524
2025-03-24 17:14:40.880,-8.662835328651092
2025-03-24 17:14:40.880,0.32532141504873857
2025-03-24 17:14:40.889,6.63169664411347
2025-03-24 17:14:40.889,3.2713628993695956
2025-03-24 17:14:40.890,-2.914596873514604
2025-03-24 17:14:40.890,-2.5380719042915176
2025-03-24 17:14:40.890,2.920906688904928
2025-03-24 17:14:40.899,4.225901788573663
2025-03-24 17:14:40.899,-1.739009363799477
2025-03-24 17:14:40.899,-7.357942261085195
2025-03-24 17:14:40.900,-4.759031138052048
2025-03-24 17:14:40.900,3.6456741935301387
2025-03-24 17:14:40.909,8.447780049321178
2025-03-24 17:14:40.909,4.912577730657762
2025-03-24 17:14:40.909,-2.351324435181427
2025-03-24 17:14:40.909,-6.087840806268538
2025-03-24 17:14:40.910,-4.35900647316501
2025-03-24 17:14:40.919,-0.5616566560587863
2025-03-24 17:14:40.919,1.9571390145793601
2025-03-24 17:14:40.919,2.7029446102805665
2025-03-24 17:14:40.920,2.3681856273892063
2025-03-24 17:14:40.920,1.242736926997886
2025-03-24 17:14:40.927,-0.13246060297083886
2025-03-24 17:14:40.928,-0.9589067434494308
2025-03-24 17:14:40.928,-1.6912434345914726
2025-03-24 17:14:40.928,-3.2831694283065547
2025-03-24 17:14:40.937,-3.9368785652208085
2025-03-24 17:14:40.937,0.060305622641321624
2025-03-24 17:14:40.938,7.5734688883038634
2025-03-24 17:14:40.938,10.127979637179545
2025-03-24 17:14:40.938,1.473495586044169
2025-03-24 17:14:40.945,-11.540783029528846
2025-03-24 17:14:40.946,-14.133591704905653
2025-03-24 17:14:40.946,-1.7064553632352029
2025-03-24 17:14:40.946,12.727980626736414
2025-03-24 17:14:40.946,13.622748173097857
2025-03-24 17:14:40.955,1.5492497304692945
2025-03-24 17:14:40.956,-9.129337777495927
2025-03-24 17:14:40.956,-9.070516641021518
2025-03-24 17:14:40.956,-2.914305517589158
2025-03-24 17:14:40.965,1.2406770465695214
2025-03-24 17:14:40.965,3.1019624525452008
2025-03-24 17:14:40.966,6.040451628482862
2025-03-24 17:14:40.966,7.60170576588418
2025-03-24 17:14:40.966,2.0732350968216533
2025-03-24 17:14:40.975,-8.568158271725242
2025-03-24 17:14:40.975,-13.511851585171888
2025-03-24 17:14:40.975,-5.7168224241116965
2025-03-24 17:14:40.976,8.243701273964863
2025-03-24 17:14:40.976,14.56256146751909
2025-03-24 17:14:40.983,7.324120329657539
2025-03-24 17:14:40.984,-5.512515341136825
2025-03-24 17:14:40.984,-11.429069397027813
2025-03-24 17:14:40.984,-6.447972685602752
2025-03-24 17:14:40.984,2.433895647812365
2025-03-24 17:14:40.993,6.460516080243968
2025-03-24 17:14:40.994,4.021844940833404
2025-03-24 17:14:40.994,-0.20093577683548075
2025-03-24 17:14:40.994,-2.1908882779166614
2025-03-24 17:14:40.994,-1.9757572957915888
2025-03-24 17:14:41.003,-1.1230505421690695
2025-03-24 17:14:41.004,-0.09355505536678953
2025-03-24 17:14:41.004,1.1085340249219466
2025-03-24 17:14:41.004,1.7543834589018903
2025-03-24 17:14:41.004,1.1070083218752331
2025-03-24 17:14:41.013,-0.578995497816478
2025-03-24 17:14:41.013,-2.2597081078095957
2025-03-24 17:14:41.014,-2.5922036595814593
2025-03-24 17:14:41.014,-0.5176562936547887
2025-03-24 17:14:41.023,3.2139501509109927
2025-03-24 17:14:41.023,5.234605609645381
2025-03-24 17:14:41.023,2.3158103079031043
2025-03-24 17:14:41.024,-4.156880949264815
2025-03-24 17:14:41.024,-8.062356276036848
2025-03-24 17:14:41.033,-4.606971501078694
2025-03-24 17:14:41.033,3.8733340404780057
2025-03-24 17:14:41.034,9.592125457082451
2025-03-24 17:14:41.034,7.055100302065591
2025-03-24 17:14:41.034,-1.6331622184439678
2025-03-24 17:14:41.043,-9.08827940297449
2025-03-24 17:14:41.043,-9.258657476810416
2025-03-24 17:14:41.043,-2.008603119977297
2025-03-24 17:14:41.044,7.039280703184544
2025-03-24 17:14:41.044,10.614690540726087
2025-03-24 17:14:41.051,5.529523740527336
2025-03-24 17:14:41.052,-4.185698940586254
2025-03-24 17:14:41.052,-10.401325108827105
2025-03-24 17:14:41.052,-8.032658295751732
2025-03-24 17:14:41.061,0.7500316704513152
2025-03-24 17:14:41.061,8.773069589681546
2025-03-24 17:14:41.062,9.626853450717881
2025-03-24 17:14:41.062,2.5222890380391805
2025-03-24 17:14:41.062,-6.630482049962584
2025-03-24 17:14:41.071,-9.716338242101473
2025-03-24 17:14:41.071,-4.1764918133889335
2025-03-24 17:14:41.072,4.038322023646362
2025-03-24 17:14:41.072,7.078283688522136
2025-03-24 17:14:41.072,3.8365052431974087
2025-03-24 17:14:41.081,-0.4848003030653263
2025-03-24 17:14:41.081,-2.2876117614224505
2025-03-24 17:14:41.081,-2.8937204385963504
2025-03-24 17:14:41.082,-3.4882128252898186
2025-03-24 17:14:41.082,-1.7715260367538437
2025-03-24 17:14:41.091,3.0839826196644435
2025-03-24 17:14:41.091,6.092217158811937
2025-03-24 17:14:41.091,2.422344871000829
2025-03-24 17:14:41.091,-4.214651614343532
2025-03-24 17:14:41.092,-5.371873672147749
2025-03-24 17:14:41.099,0.005970949137295178
2025-03-24 17:14:41.100,3.846495860647321
2025-03-24 17:14:41.100,1.1335171770262966
2025-03-24 17:14:41.100,-2.727776362377842
2025-03-24 17:14:41.100,-0.8412424966137926
2025-03-24 17:14:41.109,4.12678806899018
2025-03-24 17:14:41.109,3.9373400871687645
2025-03-24 17:14:41.110,-2.5896959232111607
2025-03-24 17:14:41.110,-7.337171339947651
2025-03-24 17:14:41.119,-3.9024864735367295
2025-03-24 17:14:41.119,3.9710874964088987
2025-03-24 17:14:41.120,7.360634546959581
2025-03-24 17:14:41.120,3.0376073655289955
2025-03-24 17:14:41.120,-3.3642304691935263
2025-03-24 17:14:41.129,-4.707457066594025
2025-03-24 17:14:41.129,-0.8120913307866136
2025-03-24 17:14:41.130,2.0306476399509705
2025-03-24 17:14:41.130,-0.12821559065141247
2025-03-24 17:14:41.130,-3.0729142764631368
2025-03-24 17:14:41.139,-0.26563845330286684
2025-03-24 17:14:41.139,6.545183071726872
2025-03-24 17:14:41.139,7.511867217619338
2025-03-24 17:14:41.140,-2.0934688184918375
2025-03-24 17:14:41.140,-12.91473863026019
2025-03-24 17:14:41.147,-11.040445554705471
2025-03-24 17:14:41.148,4.19525162891615
2025-03-24 17:14:41.148,17.163837590199606
2025-03-24 17:14:41.148,13.097283334874282
2025-03-24 17:14:41.148,-4.620367933698294
2025-03-24 17:14:41.157,-17.767678612028092
2025-03-24 17:14:41.158,-13.377985629362607
2025-03-24 17:14:41.158,2.7442648038105046
2025-03-24 17:14:41.158,13.989869543050276
2025-03-24 17:14:41.165,11.579375294849815
2025-03-24 17:14:41.166,1.4440168556628699
2025-03-24 17:14:41.166,-6.307747659395458
2025-03-24 17:14:41.166,-8.627984645039705
2025-03-24 17:14:41.166,-7.547986815371069
2025-03-24 17:14:41.175,-2.925878345977373
2025-03-24 17:14:41.176,5.9229498768455136
2025-03-24 17:14:41.176,13.472652843175748
2025-03-24 17:14:41.176,10.67236892020355
2025-03-24 17:14:41.183,-3.2207658035955022
2025-03-24 17:14:41.184,-16.277327949449344
2025-03-24 17:14:41.184,-15.274927723510851
2025-03-24 17:14:41.184,-0.25145183436119356
2025-03-24 17:14:41.184,14.85227543487977
2025-03-24 17:14:41.193,16.24999741716882
2025-03-24 17:14:41.193,3.7361964905058818
2025-03-24 17:14:41.194,-10.207589497375881
2025-03-24 17:14:41.194,-13.527822986708307
2025-03-24 17:14:41.203,-5.601083726886766
2025-03-24 17:14:41.203,4.446531526578608
2025-03-24 17:14:41.203,8.234851040249362
2025-03-24 17:14:41.204,5.165940477308247
2025-03-24 17:14:41.204,0.046564736253934924
2025-03-24 17:14:41.213,-3.114704025947016
2025-03-24 17:14:41.213,-3.4852766056449527
2025-03-24 17:14:41.214,-1.8311267637232669
2025-03-24 17:14:41.214,0.6504071363266117
2025-03-24 17:14:41.214,2.2202789429441987
2025-03-24 17:14:41.223,1.4883504282199442
2025-03-24 17:14:41.223,-0.8882938489362525
2025-03-24 17:14:41.224,-2.3324922833252124
2025-03-24 17:14:41.224,-0.8745851941279725
2025-03-24 17:14:41.224,2.3928841049665976
2025-03-24 17:14:41.233,3.7613760293832663
2025-03-24 17:14:41.233,0.7419652505181198
2025-03-24 17:14:41.233,-4.215901422450832
2025-03-24 17:14:41.234,-5.356863057195109
2025-03-24 17:14:41.234,-0.3900157032861757
2025-03-24 17:14:41.241,5.687759877109348
2025-03-24 17:14:41.242,5.841886294258778
2025-03-24 17:14:41.242,-0.38929794663999023
2025-03-24 17:14:41.242,-6.060280453777678
2025-03-24 17:14:41.242,-5.066142322608207
2025-03-24 17:14:41.251,0.98602230091447
2025-03-24 17:14:41.252,5.324384704413011
2025-03-24 17:14:41.252,3.8304753324066123
2025-03-24 17:14:41.252,-1.2315073445138247
2025-03-24 17:14:41.252,-4.471680299309355
2025-03-24 17:14:41.261,-2.9162050906198775
2025-03-24 17:14:41.262,1.5454429770015465
2025-03-24 17:14:41.262,4.3527944177787035
2025-03-24 17:14:41.262,2.774665478233769
2025-03-24 17:14:41.262,-1.5968562640038868
2025-03-24 17:14:41.271,-4.754545351802727
2025-03-24 17:14:41.272,-4.09807373891372
2025-03-24 17:14:41.272,-0.04965910380178967
2025-03-24 17:14:41.272,4.842309648004681
2025-03-24 17:14:41.272,7.094612018806752
2025-03-24 17:14:41.281,3.915211788412908
2025-03-24 17:14:41.282,-3.7735024727260713
2025-03-24 17:14:41.282,-9.995836428387062
2025-03-24 17:14:41.282,-8.20034101723255
2025-03-24 17:14:41.291,1.3621389912218145
2025-03-24 17:14:41.291,10.310648823289068
2025-03-24 17:14:41.292,10.198207531900671
2025-03-24 17:14:41.292,1.4750887184964085
2025-03-24 17:14:41.292,-7.2942073029573
2025-03-24 17:14:41.301,-8.880147190850524
2025-03-24 17:14:41.301,-3.870318917200513
2025-03-24 17:14:41.302,2.4315389991233802
2025-03-24 17:14:41.302,6.223588978297438
2025-03-24 17:14:41.302,6.211760745941452
2025-03-24 17:14:41.311,1.7252772739659088
2025-03-24 17:14:41.311,-5.580711582114203
2025-03-24 17:14:41.311,-9.387472544204508
2025-03-24 17:14:41.312,-3.7088102772873204
2025-03-24 17:14:41.312,8.039496095564072
2025-03-24 17:14:41.319,13.434424816244782
2025-03-24 17:14:41.319,4.456951858744035
2025-03-24 17:14:41.320,-11.26789863432295
2025-03-24 17:14:41.320,-16.96833253234263
2025-03-24 17:14:41.329,-5.402323583603092
2025-03-24 17:14:41.329,12.066392496579564
2025-03-24 17:14:41.329,17.557151306701396
2025-03-24 17:14:41.330,6.281754912191129
2025-03-24 17:14:41.330,-9.120660282120385
2025-03-24 17:14:41.339,-13.689749785133044
2025-03-24 17:14:41.339,-5.8483598235546665
2025-03-24 17:14:41.339,3.871687650833747
2025-03-24 17:14:41.340,6.603959242740515
2025-03-24 17:14:41.340,3.47843385687753
2025-03-24 17:14:41.347,0.6791433573461976
2025-03-24 17:14:41.348,0.5508868484145854
2025-03-24 17:14:41.348,0.29594739170641604
2025-03-24 17:14:41.348,-2.231397308137019
2025-03-24 17:14:41.357,-4.821837303489463
2025-03-24 17:14:41.357,-3.9689777964525437
2025-03-24 17:14:41.358,0.3221974480114424
2025-03-24 17:14:41.358,4.560333750958329
2025-03-24 17:14:41.358,5.778534708355154
2025-03-24 17:14:41.367,3.7711298051908404
2025-03-24 17:14:41.367,-0.18477018096929548
2025-03-24 17:14:41.367,-4.6107341396251265
2025-03-24 17:14:41.368,-7.320078023186755
2025-03-24 17:14:41.368,-5.712329371005677
2025-03-24 17:14:41.377,0.5776627405849599
2025-03-24 17:14:41.377,7.731827999557635
2025-03-24 17:14:41.377,9.990223277412246
2025-03-24 17:14:41.378,4.731593511562652
2025-03-24 17:14:41.378,-4.610047585545341
2025-03-24 17:14:41.385,-10.870122882698423
2025-03-24 17:14:41.386,-8.917818667877238
2025-03-24 17:14:41.386,-0.12929089409252786
2025-03-24 17:14:41.386,8.375463581456648
2025-03-24 17:14:41.386,9.81367201769952
2025-03-24 17:14:41.395,3.988574049461138
2025-03-24 17:14:41.396,-3.0719768767589404
2025-03-24 17:14:41.396,-6.163371683502013
2025-03-24 17:14:41.396,-5.793141500654427
2025-03-24 17:14:41.405,-4.533430743721648
2025-03-24 17:14:41.405,-1.3914244821770234
2025-03-24 17:14:41.406,5.628546169340802
2025-03-24 17:14:41.406,12.317823321191591
2025-03-24 17:14:41.406,9.858385023884882
2025-03-24 17:14:41.413,-3.4668332925805423
2025-03-24 17:14:41.414,-16.394749932305285
2025-03-24 17:14:41.414,-15.366054129447319
2025-03-24 17:14:41.414,-0.24705432381961623
2025-03-24 17:14:41.423,14.511381345362793
2025-03-24 17:14:41.423,15.31611471671091
2025-03-24 17:14:41.423,3.4294569375994435
2025-03-24 17:14:41.424,-8.112527535348917
2025-03-24 17:14:41.424,-9.649991796353852
2025-03-24 17:14:41.433,-3.84387469051886
2025-03-24 17:14:41.433,0.6702824934441276
2025-03-24 17:14:41.434,0.9023185450226863
2025-03-24 17:14:41.434,1.2691549706308793
2025-03-24 17:14:41.434,4.732968293752345
2025-03-24 17:14:41.443,6.909543949050879
2025-03-24 17:14:41.443,2.1344367522354992
2025-03-24 17:14:41.443,-6.796305236351267
2025-03-24 17:14:41.444,-9.949145170589562
2025-03-24 17:14:41.444,-2.9048237730158104
2025-03-24 17:14:41.453,6.128425267515064
2025-03-24 17:14:41.453,6.31651932553998
2025-03-24 17:14:41.453,-0.9964161478860282
2025-03-24 17:14:41.454,-4.05797808996299
2025-03-24 17:14:41.454,2.0717366277132108
2025-03-24 17:14:41.461,7.573650151511159
2025-03-24 17:14:41.462,1.9029458455844286
2025-03-24 17:14:41.462,-9.85387432982795
2025-03-24 17:14:41.462,-12.46689969914034
2025-03-24 17:14:41.471,-0.9416736220817663
2025-03-24 17:14:41.471,12.36233778986188
2025-03-24 17:14:41.471,13.101491127135787
2025-03-24 17:14:41.472,1.685923559768217
2025-03-24 17:14:41.472,-9.204810392652687
2025-03-24 17:14:41.481,-10.138731999235024
2025-03-24 17:14:41.481,-3.186227410217202
2025-03-24 17:14:41.481,3.746070102996761
2025-03-24 17:14:41.482,5.802109015534303
2025-03-24 17:14:41.482,3.5478486540869523
2025-03-24 17:14:41.489,0.1303484096402663
2025-03-24 17:14:41.490,-1.7666049204296332
2025-03-24 17:14:41.490,-1.5684084440020223
2025-03-24 17:14:41.490,-0.8123241508791512
2025-03-24 17:14:41.490,-1.0752552413769296
2025-03-24 17:14:41.499,-1.8209117995828599
2025-03-24 17:14:41.500,-1.1625348210448365
2025-03-24 17:14:41.500,1.4286078262147055
2025-03-24 17:14:41.500,4.200101205611094
2025-03-24 17:14:41.500,4.70693663978563
2025-03-24 17:14:41.509,1.6568987596690075
2025-03-24 17:14:41.509,-3.913740077150841
2025-03-24 17:14:41.510,-8.19379606142453
2025-03-24 17:14:41.510,-6.642566546444039
2025-03-24 17:14:41.519,1.2387010804042153
2025-03-24 17:14:41.519,9.450604404011628
2025-03-24 17:14:41.519,10.218268986344775
2025-03-24 17:14:41.520,2.171639662184412
2025-03-24 17:14:41.520,-7.507999178057208
2025-03-24 17:14:41.529,-10.187030096927348
2025-03-24 17:14:41.529,-4.382079012758873
2025-03-24 17:14:41.529,3.545586662847867
2025-03-24 17:14:41.530,6.67875029792901
2025-03-24 17:14:41.530,4.179008114973639
2025-03-24 17:14:41.539,0.35088832154191857
2025-03-24 17:14:41.539,-1.4405807108448945
2025-03-24 17:14:41.539,-1.9069852359975707
2025-03-24 17:14:41.540,-2.7356758992973473
2025-03-24 17:14:41.540,-2.885826309048976
2025-03-24 17:14:41.549,-0.4206333901656165
2025-03-24 17:14:41.549,3.133349191782351
2025-03-24 17:14:41.550,3.726832479651836
2025-03-24 17:14:41.550,0.6680800634335695
2025-03-24 17:14:41.550,-1.7874627690987537
2025-03-24 17:14:41.557,-0.5883190627080122
2025-03-24 17:14:41.558,1.3381918324892152
2025-03-24 17:14:41.558,-0.3591676180419788
2025-03-24 17:14:41.558,-4.079369060989855
2025-03-24 17:14:41.558,-3.781750635831477
2025-03-24 17:14:41.567,2.024809876428562
2025-03-24 17:14:41.568,6.995912488399419
2025-03-24 17:14:41.568,4.799255724332078
2025-03-24 17:14:41.568,-2.46259240794261
2025-03-24 17:14:41.568,-6.739519301387386
2025-03-24 17:14:41.579,-3.92271924941268
2025-03-24 17:14:41.579,1.8500740472459836
2025-03-24 17:14:41.580,4.182316270545929
2025-03-24 17:14:41.580,1.983247580062324
2025-03-24 17:14:41.580,-0.7735305433472668
2025-03-24 17:14:41.587,-1.1824237020877941
2025-03-24 17:14:41.588,-0.3961440260947795
2025-03-24 17:14:41.588,-0.3309474496555657
2025-03-24 17:14:41.588,-0.3615130677073055
2025-03-24 17:14:41.597,0.6473599542819286
2025-03-24 17:14:41.597,1.1137391268150163
2025-03-24 17:14:41.598,-1.0008612399288128
2025-03-24 17:14:41.598,-3.411210168413657
2025-03-24 17:14:41.598,-1.3420714513036294
2025-03-24 17:14:41.607,4.668217678490075
2025-03-24 17:14:41.607,7.172920239440625
2025-03-24 17:14:41.607,1.2905524372622965
2025-03-24 17:14:41.608,-7.346481102066461
2025-03-24 17:14:41.608,-8.686758820497149
2025-03-24 17:14:41.617,-1.1491867952453334
2025-03-24 17:14:41.617,6.333365766423779
2025-03-24 17:14:41.617,5.899793172355099
2025-03-24 17:14:41.618,0.15093383985917896
2025-03-24 17:14:41.618,-2.6665054843712332
2025-03-24 17:14:41.627,-0.04832588234186069
2025-03-24 17:14:41.627,2.3482090549502677
2025-03-24 17:14:41.627,-0.4426670531956782
2025-03-24 17:14:41.628,-5.357136041157344
2025-03-24 17:14:41.628,-5.330513290612043
2025-03-24 17:14:41.637,1.0918181962686435
2025-03-24 17:14:41.637,7.388285453839365
2025-03-24 17:14:41.637,6.791881204642911
2025-03-24 17:14:41.637,0.10051587070664819
2025-03-24 17:14:41.638,-5.7410393483460656
2025-03-24 17:14:41.647,-5.660339863320466
2025-03-24 17:14:41.647,-1.2187896277067178
2025-03-24 17:14:41.647,2.4405734958205034
2025-03-24 17:14:41.647,2.582895755049851
2025-03-24 17:14:41.648,0.8373443122778452
2025-03-24 17:14:41.657,0.05413324687119013
2025-03-24 17:14:41.657,0.7120528602050621
2025-03-24 17:14:41.657,0.9873616942378105
2025-03-24 17:14:41.658,-0.3749395379828812
2025-03-24 17:14:41.658,-2.355272069941971
2025-03-24 17:14:41.665,-2.9698507913287444
2025-03-24 17:14:41.666,-1.4551508166689477
2025-03-24 17:14:41.666,1.2827246909756178
2025-03-24 17:14:41.666,3.672086300741453
2025-03-24 17:14:41.666,4.256958608699618
2025-03-24 17:14:41.675,2.121500721253397
2025-03-24 17:14:41.676,-2.2568612913133665
2025-03-24 17:14:41.676,-6.323413534531682
2025-03-24 17:14:41.676,-6.511190412043227
2025-03-24 17:14:41.685,-1.2130038361564417
2025-03-24 17:14:41.685,6.606114223335212
2025-03-24 17:14:41.686,10.384321118421369
2025-03-24 17:14:41.686,5.436333740692688
2025-03-24 17:14:41.686,-5.322055589352202
2025-03-24 17:14:41.695,-12.347594433347796
2025-03-24 17:14:41.695,-8.404228239710843
2025-03-24 17:14:41.696,3.2790921723709405
2025-03-24 17:14:41.696,11.583246719013612
2025-03-24 17:14:41.696,8.969198469547656
2025-03-24 17:14:41.703,-0.9723861190354333
2025-03-24 17:14:41.704,-8.281579890983824
2025-03-24 17:14:41.704,-7.438578227078487
2025-03-24 17:14:41.704,-1.581823454534146
2025-03-24 17:14:41.704,3.2265035302281517
2025-03-24 17:14:41.713,4.823483683051986
2025-03-24 17:14:41.714,4.5061451441890235
2025-03-24 17:14:41.714,2.438588476424926
2025-03-24 17:14:41.714,-2.392126153833128
2025-03-24 17:14:41.714,-7.5374367278101735
2025-03-24 17:14:41.723,-6.960462523424817
2025-03-24 17:14:41.724,1.2689673395225713
2025-03-24 17:14:41.724,9.755068257531985
2025-03-24 17:14:41.724,8.770167469451122
2025-03-24 17:14:41.733,-1.5696259556668064
2025-03-24 17:14:41.733,-10.161873779923244
2025-03-24 17:14:41.734,-7.682628733923292
2025-03-24 17:14:41.734,2.413767358230415
2025-03-24 17:14:41.734,8.482561921157007
2025-03-24 17:14:41.743,4.726245949307283
2025-03-24 17:14:41.743,-2.9232223536974318
2025-03-24 17:14:41.744,-5.332551876351941
2025-03-24 17:14:41.744,-1.2079148426664095
2025-03-24 17:14:41.744,2.871497128855737
2025-03-24 17:14:41.753,1.8244857325746489
2025-03-24 17:14:41.753,-1.9272829425357396
2025-03-24 17:14:41.754,-2.637047614262019
2025-03-24 17:14:41.754,0.9662057484989676
2025-03-24 17:14:41.754,4.297117800457086
2025-03-24 17:14:41.763,2.89491134915023
2025-03-24 17:14:41.763,-2.180341123867642
2025-03-24 17:14:41.764,-5.704130195689114
2025-03-24 17:14:41.764,-4.035614176898305
2025-03-24 17:14:41.764,1.3687657094966663
2025-03-24 17:14:41.773,5.6966973830840635
2025-03-24 17:14:41.773,5.312613537894435
2025-03-24 17:14:41.774,0.8270978461635385
2025-03-24 17:14:41.774,-3.7734645027001292
2025-03-24 17:14:41.774,-5.004871038127751
2025-03-24 17:14:41.783,-2.8610319833647946
2025-03-24 17:14:41.783,0.1867258779712579
2025-03-24 17:14:41.784,2.3680092671516912
2025-03-24 17:14:41.784,3.5551173369110027
2025-03-24 17:14:41.784,3.4730073386176987
2025-03-24 17:14:41.791,1.1652396246126762
2025-03-24 17:14:41.792,-2.7743352177563794
2025-03-24 17:14:41.792,-5.191094405604225
2025-03-24 17:14:41.792,-3.448329229841037
2025-03-24 17:14:41.792,1.1272476791971786
2025-03-24 17:14:41.802,4.421117144217637
2025-03-24 17:14:41.802,3.8731605798240247
2025-03-24 17:14:41.802,0.5291230424965155
2025-03-24 17:14:41.802,-2.7045598197535496
2025-03-24 17:14:41.802,-3.540589738075965
2025-03-24 17:14:41.811,-1.4983617522710766
2025-03-24 17:14:41.812,1.828154787012216
2025-03-24 17:14:41.812,3.579255793992405
2025-03-24 17:14:41.812,1.9344233142606975
2025-03-24 17:14:41.821,-1.8700563788315185
2025-03-24 17:14:41.822,-4.319262935356721
2025-03-24 17:14:41.822,-2.823484562779289
2025-03-24 17:14:41.822,1.7117968027754784
2025-03-24 17:14:41.822,5.3820411253629485
2025-03-24 17:14:41.831,4.589077436664884
2025-03-24 17:14:41.831,-0.5291401741409225
2025-03-24 17:14:41.831,-5.762049171899031
2025-03-24 17:14:41.832,-6.372189174729321
2025-03-24 17:14:41.832,-1.496825586954726
2025-03-24 17:14:41.841,4.8004917730723236
2025-03-24 17:14:41.841,7.009218455272573
2025-03-24 17:14:41.841,3.1673824541029587
2025-03-24 17:14:41.842,-3.1724581178203572
2025-03-24 17:14:41.842,-6.149018426114598
2025-03-24 17:14:41.851,-3.29031446333885
2025-03-24 17:14:41.851,2.0559113715748953
2025-03-24 17:14:41.852,4.432489022699471
2025-03-24 17:14:41.852,2.0842985707544743
2025-03-24 17:14:41.852,-1.7442726577365766
2025-03-24 17:14:41.861,-2.9872607699468854
2025-03-24 17:14:41.861,-0.9291322934784038
2025-03-24 17:14:41.862,1.9206990342380441
2025-03-24 17:14:41.862,2.734727901749997
2025-03-24 17:14:41.862,0.6351699579989284
2025-03-24 17:14:41.871,-2.6770818276923487
2025-03-24 17:14:41.871,-3.8699103448950853
2025-03-24 17:14:41.872,-0.8684379964207659
2025-03-24 17:14:41.872,4.12118156660393
2025-03-24 17:14:41.872,5.708061657489308
2025-03-24 17:14:41.881,1.1677550219671273
2025-03-24 17:14:41.881,-5.408137290387733
2025-03-24 17:14:41.882,-6.902857753030333
2025-03-24 17:14:41.882,-1.4178207611150448
2025-03-24 17:14:41.882,5.22544058170988
2025-03-24 17:14:41.890,6.256494379814727
2025-03-24 17:14:41.890,1.5561537037543185
2025-03-24 17:14:41.890,-3.220919387244086
2025-03-24 17:14:41.890,-3.870144212793858
2025-03-24 17:14:41.890,-1.5057869319237973
2025-03-24 17:14:41.901,0.5638943204956915
2025-03-24 17:14:41.901,1.131052819621484
2025-03-24 17:14:41.901,1.1133760273835842
2025-03-24 17:14:41.902,1.0861813800302043
2025-03-24 17:14:41.902,0.6050894604723069
2025-03-24 17:14:41.909,-0.4181449722475329
2025-03-24 17:14:41.910,-1.0757481029837634
